0.0
0.0
0.0
0.0
0.0
0.0
0.0
0.0
0.0
0.0
0.0
0.0
0.0
0.0
0.0
0.0
0.0
0.0
0.0
0.0
0.0
0.0
0.3283976458808759
0.0
0.0
0.0
0.2274515679528649
0.0
0.0
0.0
0.0
0.0
0.0
0.0
0.0
0.0
0.016941197563058286
0.0
0.0
0.0
0.0
0.0
0.0
0.0
0.0
0.0
0.0
0.0
0.0
0.0
0.0
-0.05626215820469172
0.0
0.0
0.0
0.0
0.0
0.0
0.0
0.0
0.0
0.0
0.0
0.05534705918880858
0.0
0.0
0.0
0.0
0.0
0.0
0.0
0.0
0.0
0.0
0.0
0.0
0.0
0.09673194962853789
0.0
0.031173989583729213
0.0
0.0
0.0
0.03666374165295705
0.3319611908829501
0.0
0.0
0.0
0.05086881781354262
0.0
0.0
0.0
0.0
0.0
0.0
0.0
0.0
0.0
0.0
0.0
0.0
0.0
0.0
0.0
0.0
-0.003131283525107862
0.0
0.0
0.0
0.0
0.0
0.0
0.0
0.294496344437503
0.0
0.0
0.0
-0.0005278130769927941
0.025053611951588797
0.0
0.0
0.0
0.0
0.016621898781517593
0.0
0.0
0.0
0.0
0.058854977563540856
0.0
0.0
0.0
0.0
0.0
0.0
0.0
0.0
0.0
0.0
0.0
0.0
0.0
0.0
0.0
0.0
0.04554064994527322
0.0
0.0
0.0
0.0
0.0
-0.06740791133068391
0.18350389238261328
0.0
0.0
0.0
0.09457221322797492
0.0
0.0
0.0
0.0
0.0
0.1181985830547489
0.0
0.0
0.0
0.0
0.0
0.09776805506295644
0.0
0.0
0.1986627934338941
0.0
0.0
0.0
0.0
0.0
0.0
0.0
0.0
0.0
0.0
0.0
0.29539591321320535
0.0
0.0
0.0
0.0
0.0
0.0
0.0
0.0
0.0
0.0
0.0
0.053402256398110345
0.005600197021555606
0.05702058183747481
0.0
0.0
0.06499478867987245
0.0
0.0
0.0
0.10607817657478977
0.0
0.0
0.0
0.0
0.0
0.0
0.0
0.0
0.0
0.0
0.0
0.0
0.0
0.0
0.0
0.2687830975881346
0.0
0.0
0.0
0.0
0.0
0.0
-0.026759265729421708
0.0
0.0
0.0
0.0
0.055494131295626366
0.0
0.0
0.0
0.0
0.06715540518960131
0.0
0.0
0.0
0.0
0.0
0.0
0.0
0.39306494363682876
0.0
0.04846634818340839
0.07836302383425038
0.0
0.0
0.0
0.0
0.0
0.0
0.03339219348084059
0.0
0.23542202116692598
0.0
0.13665800524834576
0.0
0.0
0.0
0.0
0.044240569756535966
0.0
0.0
0.0
0.0
0.0
0.0
0.0
0.0
0.015245582890471196
0.0
0.0
0.0
0.0
0.0
0.0
0.0
0.0
0.0
0.0
0.0
0.0
0.0
0.0
0.0
0.027415518394011202
0.03555717221378721
0.0
0.0
0.0
0.02123167883854354
0.0
0.0
0.0
0.0
0.13154356551436283
0.0
0.0
0.0
0.0
0.0
0.0
0.0
0.0
0.0
0.0
0.2917641730196908
0.0
0.0
0.2027747583011222
0.0
0.0
0.023217299465961724
0.0
0.04362061434661074
0.0
0.0
0.018138323440788348
0.0
0.0
0.0
0.0
0.0
0.0
0.0
0.0
0.0
0.0
0.0
0.0
0.0
0.0
0.04448199167420217
0.0
0.0
0.0
0.0
0.0
0.0
0.0
0.0
0.28570905877425756
0.0
0.0
0.0
0.0
0.0
0.0
0.06340691837475665
0.0
0.0
0.0
0.0
0.0
0.0
0.0
0.0
0.020198354118378038
0.0
0.0
0.09997483051847103
0.0
0.0
0.06430969099698847
0.11348170458575232
0.0
0.0
0.0
0.0
0.0
0.0
0.0
0.0
0.0
0.0
0.0
0.0
0.0
0.0
0.0
0.0
0.0
0.13513478209454366
0.0
0.0
0.0
0.04185455587566873
0.05097214111951339
0.0
0.0
0.0
0.0
0.0
0.0
0.0
0.0
0.0
0.0
0.0
-0.013811565721303156
0.0
0.0
0.0
0.0
0.0
0.0
0.0
0.04560419701269656
0.2673237875735821
0.0
0.05225192554926039
0.0026280613643124943
0.0
0.0
0.007050627277205073
-0.052534079362742736
0.0
0.0
0.0621281968226014
-0.0009089892690158146
0.0
0.0
0.0
0.0
0.008039983287889085
0.0
0.0
0.0
0.0
0.0
0.0
0.10692154922745074
0.0
0.08750754593234576
0.0
0.0
0.0
0.0
0.0
0.0
0.0
0.0
0.0
0.0
0.0
0.0
0.0
0.0
0.0
0.0
0.0
0.0
0.012032254835653067
0.0
0.0
0.0
0.0
0.0
0.0
0.016619616998402396
0.0
0.0
0.0
0.0
0.0
0.0
0.0
0.0
0.0
0.04456804504003728
0.0
0.35176167293631994
0.0
0.0
0.0
0.0
0.0
0.0
0.0
0.0
0.0
0.0
0.0
0.0
0.0
0.0
0.0
0.0
0.0
0.0
0.0
0.0
0.0
0.0
0.0
0.0
0.0
0.0
0.0
0.021977580814827005
-0.03875249144317186
0.0
0.0
0.0
0.0
0.0
0.0
0.0
0.0
0.0
0.0
0.0
0.0
0.0
0.0
0.0
0.0
0.0
0.0
0.0
-0.04514962810441801
0.0
0.0
0.0
0.02311255802471813
0.0
0.0
0.0
0.0
0.0
0.0
0.0
0.0
0.0
0.0
0.0
0.0
0.0
0.0
0.0
0.0
0.0
0.0
0.08059532971289053
0.0
0.0
0.0
0.0
0.0
0.0
0.0
0.0
0.0
0.11554711465329537
0.09866035285259442
0.0
0.07081252632330359
0.44094961044469005
0.05616958645439625
0.0
0.0
0.0
0.2625858404760315
0.0
0.07221475230982231
0.0
0.0
0.0
0.027172533920836683
0.01551969124214372
0.038203378385715574
0.0
0.0
0.0
0.0
0.0
0.0
0.0
0.0
0.0
0.0
0.0
0.0
0.0
0.03222500592057092
0.0
0.0
0.0
0.0
0.0
0.0
0.0762701608109699
0.0
0.03341397075129181
0.0
0.0
0.0
0.0
0.0
0.0
0.0
0.0
0.0
0.0
0.0
0.0
0.0
0.0
0.0
0.0
0.0
0.0
0.0
0.0
0.0
0.0
0.0
0.0
0.0
0.0
0.0
0.0
0.0
0.0
0.24681505961459424
0.0
0.0
0.08064997112824525
0.0
0.0
0.0
0.0
0.2279801731281673
0.0
0.0
0.0
0.0
0.0
0.04128539490898833
0.0
0.0
0.0
0.0
0.0
0.0
0.02677400286848068
0.0
0.0
0.0
0.0
0.0
0.0
0.0
0.0
0.0
0.0
0.0
0.0
0.0
0.0
0.0
0.0
0.0
0.0
0.07499654502735267
0.0
0.0
0.0
0.0
0.0
0.0
0.0
0.0
0.0
0.0
0.0
0.0
0.0
0.0
0.0
0.0
0.0
0.0
0.0
0.0
0.0
0.0
0.0
0.0
0.0
0.0
0.0
0.0
0.0
0.0
0.0
0.0
0.20237739195555637
0.0
0.05884699202857298
0.04556088232594269
-0.02426616749235585
0.0
0.0
0.0
0.0
0.0
0.0
0.0
0.0
0.0
0.0
0.0
0.0
0.0
0.0
0.0
0.0
0.0
0.0
0.0
0.09816454174635258
0.0
0.0
0.06296084156889128
0.0
0.0
0.0
0.0
0.0
0.0
0.0
0.031844848532074754
0.0
0.0
0.07799391055523561
0.0
0.0
0.0
0.0
0.033464164664657
0.0
0.0
0.07065718496972553
0.029380274229071673
0.0
0.0
0.019707833117273515
0.0
0.0
0.0
0.0
0.0
0.0
0.0
0.0
0.0
0.04262881062418406
0.0
0.0
0.0
0.0
0.0
0.0
-0.011257156104176358
0.0
0.0
0.0
0.0
0.1039766642309831
0.0
0.0
0.0
0.0
-0.011419929171172738
0.0
0.19903229345236792
0.0
0.0
0.0
0.0
0.0
0.015494732610029809
0.0
0.0
0.06261088336779679
0.0
0.0
0.0
0.0
0.0
0.10433381187348659
0.0
0.0
0.018171017227186587
0.0
0.0
0.0
0.0
0.0
0.0
0.0
0.0
0.0
0.0
0.0
0.0
0.0
0.0
0.016473930280190296
0.0
0.0
0.0
0.0
0.0
0.0
0.0
0.0
0.0
0.0
0.0
0.0
0.0
0.0
0.0
0.0
0.0
0.0
0.0
0.0
0.09037230716675049
0.0
0.10491167546292762
-4.2045743431527556e-5
0.0
0.17823386623169352
0.0
0.0
0.0
0.0
0.0
0.0
0.0758270808892544
0.0
0.0
0.0
0.0
0.0
0.0
0.0
0.0
0.0
0.0
0.0
0.0
0.0
0.0
0.0
0.0
0.0
0.0
0.0
0.0
0.0
0.0
0.0
0.216691709782852
0.0
0.036239350659807684
0.0
0.0
0.0
0.0
0.0
0.0
0.0
0.0
0.0
0.0
0.0
0.0
0.0
0.0
0.0
0.0
0.0
0.0
0.0
0.0
0.053936547615018066
0.0
0.10354323452148444
0.02628924076494629
0.0
0.0
0.0
0.0
0.06269665812679101
0.0
0.0
0.0
0.0
0.0
0.0
0.0
0.0
0.0
0.0
0.0
0.0
0.0
0.0
0.0
0.0
0.0
0.0
0.0
0.0
0.0
0.0
0.0
0.0
0.20271013448407862
0.0
0.0
0.0
0.0
0.0
0.08096090968336211
0.0
0.0
0.0
0.0
0.0
0.0
0.0
0.055406313478203115
0.0
0.0
0.0
0.16489097812012227
0.0
0.0
0.0
0.0
0.0
0.0
0.015337466291964572
0.0
0.0
0.0
0.2597017617030861
0.0
0.0
0.0
0.0
0.09194581653299048
0.0
0.09123190114904278
0.0
0.0
0.0
0.0
0.0
0.0
0.0
0.0
0.0
0.0
0.0
0.0
0.0
0.046403818468105464
0.0
0.0
0.0
0.0
0.0
0.0019495295365417622
0.09152458080214945
0.0
0.0
0.0
0.0
0.0
0.0
0.1370951172157373
0.0
0.0
0.22262593236817546
0.06216630527046459
0.0
0.0
0.0
0.0
0.0
0.0
0.0
0.0
0.0
0.0
0.0
0.0
0.0
0.0
0.0
0.0
0.0
0.007424958014066946
0.0
0.0
0.0
0.0
0.0
0.0
0.0
0.0
0.0
0.0
0.0
0.0
0.04505174721561309
0.0
0.0
0.06808642650393557
0.05804804122298302
0.0
0.0
0.0
0.0
0.0
0.0
0.0
0.0
0.0
0.0
0.0
0.0
0.0
0.0
0.0
0.0
0.0
0.0
0.0
0.0
0.0
0.0
0.0
0.0
0.06618179628922193
0.0
0.0
0.0
0.005081560219803294
0.0
0.0675437463752536
0.0
0.0
0.0
0.0
0.03824503162096477
0.0
0.0
0.0
0.02064799918618252
0.2092275156380711
0.0
0.0
0.0
0.0
0.0
0.0
0.0
0.01708747385615961
0.0
0.0
0.0
0.0
0.0
0.0
0.0
0.0
0.0
0.0
0.0
0.0
0.0
0.0
0.0
0.2913816542939624
0.0
0.0
0.0
0.0
0.0
0.0
0.0
0.0
0.0
0.0
0.0
0.0
0.0
0.0
0.0
0.0
0.1894598628504435
0.029587791473098514
0.0
0.0
0.0
0.08285672049744705
0.0
0.0
0.0
0.0
0.0
0.06641773325917656
0.0
0.0
0.0
0.0
0.0
0.0
0.0
0.0
0.0
0.0
0.2855549859552975
0.0
0.0
0.0
0.0
0.4192514906653027
0.0
0.0
0.0
0.0
0.0
0.0
0.0
0.0
0.0
0.0
0.055542710865783794
0.0
0.0
0.0
0.0
0.0
0.05952526442485602
0.0
0.0
0.0
0.0
0.0
0.0
0.15361748131743264
0.0
0.0
0.0
0.0707810850748109
0.0
0.0
0.0
0.0
0.0
0.0
0.0
0.0
0.0
0.0
0.0
0.0
0.0
0.0
0.0
0.0
0.2711022594258135
0.0
0.0
0.0
0.0
0.0
0.0
0.0
0.0
0.0
0.0
0.0
0.0
0.0
0.0
0.0
0.0
0.0
0.0
0.0
0.0
0.0
0.0
0.08749005488358592
0.0
0.0
0.0
0.0
0.0
0.0
0.0
0.08503168723985305
0.0
0.0
0.0
0.0
0.0
0.0
0.0
0.0
0.0
0.0
0.0
0.0
0.0
0.12123646262681188
0.0
0.0
0.0
0.0
0.0
0.0
0.0
0.0
0.0
0.0
0.0
0.0
0.0
0.0
0.0
0.0
0.15302370924233957
0.0
0.0
0.0
0.0
0.0
0.0
0.05172077322488703
0.0
0.0
0.0
0.1499503541295132
0.0
0.0
0.026922027701046982
0.0
0.0
0.3433625592367945
0.0
0.0
0.0
0.0
0.0
0.0
0.0
0.0
0.0
0.009439235193386946
0.0
0.0
0.0
0.0
0.0
0.0
0.0
0.0
0.0
0.0
0.0
0.0
0.0
0.0
0.0
0.0
0.0
0.0
0.0
0.0
0.0
0.04290506731016702
0.0
0.0
0.0
0.0
0.0
0.0683056377076111
0.015640871702240173
0.0
0.0
0.0
0.0
0.0
0.0
0.008052920008711394
0.0
0.0
-0.005831069220698486
-0.013441854590126532
0.0
0.0
0.0
0.0
0.0
0.0
0.0
0.0
0.0
0.0
0.0
0.0
0.0
0.0
0.0
0.06277558973998053
0.0
0.0
0.0
0.0
0.0
0.0
0.0
0.0
0.07065587028802839
0.0
0.0
0.0
0.0
0.0
0.0
0.0
0.0
0.10149930252055957
0.0
0.0
0.03265637368353417
0.0
0.0
0.0
0.0
0.0
0.047371913634782985
0.0
0.0
0.0
0.0
0.0
0.0
0.0
0.0
0.0
0.0
0.0
0.0
0.0
0.0
0.0
0.0
0.0
0.0
0.0
0.1106118269639266
0.0
0.020679952850625252
0.0
0.0
0.0
0.2174289692856667
0.0
0.0
0.0
0.23438806541185025
0.0
0.0
0.0
0.0
0.0
0.26130075732517394
0.00024744476527676664
0.0
0.0
0.02982913775164296
0.0
0.0
0.0
0.009358169098846672
0.0
0.0
0.0
0.0
0.0
0.014653288885991572
0.0
0.0
0.0
0.0
0.0
0.0
0.0
0.0
0.0
0.0
0.0
0.0
0.0
0.0
0.37844828755501714
0.03797994901321357
0.04051096980725702
0.0
0.0
0.0
0.0
0.0
0.0
0.0
0.0
0.0
0.0
0.0
0.0
0.0
0.0
0.1116347229142113
0.0844398945987269
0.0
0.0
0.0
0.0
0.0
0.0
0.0
0.0
0.0
0.0
0.0
0.0
0.0
0.039439349951265044
0.0
0.0
0.0
0.0
0.008763647901490179
0.0
0.0
0.0
0.0
0.0
0.0
0.0
0.0054216964891014964
0.0
0.17543564234470915
0.0
0.0
0.0
0.0
0.0
0.061591003953705044
0.0
0.0
0.0
0.0
0.0
0.0
0.026464086728007628
0.19475964082530897
0.0
0.0
0.0
0.0
0.0
0.0
0.0
0.0
0.05822054523424963
0.0
0.0
0.12852182403936752
0.0
0.0
0.0
0.0
0.0
0.0
0.0
0.0
0.0
0.0
0.0
0.0
0.0
0.0
0.02611344363123293
0.0
0.0
0.0
0.0
0.00925807988188349
0.0
0.0
0.0
0.0
0.0
0.0
0.0
0.0
0.0
0.0
0.0
0.0
0.0
0.0
0.0
0.0
0.0
0.0
0.0
0.0
0.0
0.0
0.0
0.0
0.0
0.0
0.0
0.0
0.0
0.0
0.14038612707353937
0.0
0.0
0.0
0.0
0.030631611416595747
0.0
0.09916560721335771
0.0
0.2367253838956712
0.0
0.0
0.0
0.0
0.0
0.0
0.0
0.0
0.0
0.0
0.0
0.08703798370728365
0.05885101819536341
0.0
-0.024085464547219163
0.0
0.0
0.0
0.0
0.0
0.0
0.02464638723376126
0.0
0.0
0.0
0.0
0.039069943182784166
0.0
0.0
0.0
0.0
0.0
0.0
0.0
0.0
0.0
0.0
0.0
0.0
0.0
0.0
0.023603022183857653
0.0
0.0
0.0
0.0
0.0
0.0
0.0
0.0
0.0
0.0
0.15607954036690913
0.011336990362277262
0.0
0.053972064359419106
0.0
0.0
0.0
0.0
-0.007953926060197234
0.0
0.0
0.0
0.0
0.0
0.0
0.0
0.0
0.0
0.0
0.0
0.0
0.0
0.0
0.0
0.0
0.0
0.0
0.0
0.0
0.0
0.0
0.0
0.015500085908222263
0.0019568745880312473
0.0
0.0
0.0
0.0
0.0
0.0
0.0
0.0
0.0
0.0
0.0
0.0
0.0
0.0
0.04748449581453926
-0.006034229776619466
0.0
0.0
0.0
0.0
0.0
0.0
0.0
0.0
0.0
0.0
0.0
0.0
0.0
0.037603090220508124
0.0
0.0
0.0
0.0
0.0
0.0
0.0
0.0
0.0
0.0
0.0
0.0
0.0
0.03683891372944886
0.0
0.0
-0.004510605960810834
0.0
0.0
0.0
0.0
0.0
0.0
0.0
0.0
0.0
0.0
0.0
0.0
0.0
0.0
0.0
0.0
0.0
0.0
0.0
0.0
0.0
0.0
0.0
0.0
0.0
0.0
0.0
0.0
0.0
0.0
0.0
0.0
0.20514483117821675
0.0
0.0
0.0
0.0
0.0
0.0
0.0
0.0
0.0
0.0
0.0
0.0
0.016852233653578914
0.0
0.0
0.0
0.13483926035982577
0.0
0.04462841607642578
0.11013625979120739
0.0
0.0
0.0
0.0
0.0
0.0
0.0
0.0
0.0
0.0
0.0
0.0
0.0
0.0
0.0
0.0
0.0
0.0
0.0
0.0
0.0
0.0
0.0
0.0
0.0
0.0
0.23230594232931973
0.0
0.0
0.0
0.0
0.0
0.0
0.0
0.0
0.0
0.0
0.0
0.0
0.0
0.0
0.0
0.0
0.0
0.0
0.0
0.0
0.0
0.0
0.0
0.0
0.0
0.0
0.0
0.09743990828245064
0.0
0.0
0.24594997092537868
0.0
0.0
0.0
0.2350785307756717
0.0
0.0
0.0
0.0
0.0
0.0
0.0
0.0
0.0
0.0
0.0
0.0
0.0
0.0
0.0
0.0
0.04685986607206774
0.0
0.4178929817298023
0.0
0.0
0.0
0.0
0.0
0.0
0.0
0.0
0.0
0.0
0.0
0.0
0.0
0.013944261625662868
0.0
0.0
0.0
0.0
0.0753399501436553
0.15690282346877785
0.0
0.0
0.004437500996057064
0.0
0.0
0.0
0.28180774125295915
0.0
0.0
0.03386466892964568
0.0
0.0
0.0
0.0
0.0
-0.0016649430393332633
0.06959366055158282
0.0
0.0
0.0
0.0
0.0
0.04539999536762656
0.0
0.0
0.0
0.0
0.0
0.0
0.0
0.01107734754306161
0.0
0.0
0.0
0.0
0.0
0.0
0.0
0.0
0.0
0.06006968235509774
0.0
0.0
0.0
0.20079059706315167
0.0
0.0
0.0
0.0
0.0
0.03513790742649369
0.0
0.0
0.0
0.0
0.0
0.0
0.0
0.0
0.0
-0.001521415897130234
0.0
0.0
0.1468634002681698
0.0
0.058304505086764054
0.0
0.0
0.0
0.03643754183923129
0.0
0.0
0.0
0.0
0.0
0.0
0.07100045468595326
0.0
0.0
0.0
0.23177269029380085
0.0
0.004166967502105491
0.0
0.0
0.0
0.0
0.0
0.0
0.0
0.0
0.0
0.0
0.0
0.0
0.006626798459297277
0.23352008839565266
0.0
0.0
0.0
0.0
-0.0454726775092664
0.0
0.07815229955920938
0.0
0.0
0.0
0.0
0.0
0.0
0.0
0.0
0.0
0.0
0.0
0.0
0.0
0.0
0.0
0.0
0.0
0.0
0.016836275009038507
0.0
0.0
0.0
0.0
0.0
0.0
0.0
0.0
0.0
0.0
0.0
0.0
0.0
0.0
0.0
-0.02780814360350747
0.02113801484934995
0.0
0.010726397032388361
0.0
0.0
0.0
0.0
0.0
0.0
0.0
0.0
0.0
0.0
-0.06599645841088718
0.0
0.0
0.1253501763751221
0.0
0.0
0.0
0.0
0.0
0.0
0.0
0.0
0.0
0.0
0.0
0.0
0.0
0.0
0.0
0.0
0.0
0.0
0.0
0.03260848020246664
0.0
0.0
0.0
0.0
0.0
0.0
0.0
0.0
0.0
0.0
0.0
0.0
0.0
0.0
0.019322281881650645
0.05464886368141317
0.0
0.0
0.0
0.0
0.0
0.0
0.0
0.0
0.0
0.0
0.20597857858166724
0.0
0.0
0.0
0.0
0.10247145489559752
-0.02694855637994351
0.0
0.0
0.0
0.0
0.0
0.0
0.0
0.0
0.0
0.0
0.0
0.0
0.0
0.2880781522398353
0.040407352516974575
0.0
0.13145383393332735
0.0
-0.02395407853630659
0.0
0.0
0.0
0.049920635542005966
0.0
0.0
0.0
0.0
0.1750825111385903
0.0
0.0
0.0
0.0
0.0
0.07488328184792711
0.0
0.0
0.0
0.0
0.0
0.0
0.0
0.3823285580462637
0.0
0.0
0.0
0.0
0.2602919694000558
0.0
0.019130485960798086
0.0
0.0
0.0
0.03872568325247591
0.0
0.0
0.0
0.0
0.02410505582035368
0.0
0.0
0.0
0.0
0.0
0.0
0.0
0.0
0.0
0.21344984047642732
0.28386808579969086
0.0
0.0
0.0
0.0
0.0
0.0
0.0
0.0
0.0
0.0
0.0
0.0
0.0
0.0
0.0
0.0
0.0
0.0
0.27362050951971406
0.0
0.0
0.0
0.0
0.0
0.0
0.0
0.0
0.0
0.0
0.0
0.0
0.0
0.0
0.0
0.0
0.0
0.0
0.0
0.0
0.0
0.0
0.0
0.0
0.0
0.0
0.0
0.02603342443690178
0.0
0.0
0.0
0.0
0.0
0.0
0.0
0.019001192901849248
0.0
0.0
0.0
0.0
0.0
0.0
0.0
0.0
0.0
0.0
0.0
0.0
0.0
0.0
0.0
0.0
0.0
0.0
0.0
0.0
0.0
0.0
0.0
0.0
0.09764349553217515
0.0
0.0
0.0
0.0
0.0
0.0
0.0
0.0
0.04146343487497326
0.0
0.0
0.016706905993851474
0.0
0.0
0.0
0.0
0.514609577931015
0.006984921455396855
0.0
0.0
0.0
0.0
0.0
0.0
0.0
0.00682536350171602
0.0
0.004912293411546049
0.0
0.0
0.012556683368950567
0.0
0.02422311081289404
0.0
0.0
0.2810755512470997
0.0
0.0
0.0
0.0
0.0
0.0
0.0
0.0
0.0
0.03472041639700715
-0.0026784076688213007
0.0
0.0
0.0
0.0
0.0
0.0
0.0
0.0
0.0
0.0
0.0
0.0
0.0
0.0
0.0
0.0
0.0
0.38722973552984313
0.0
0.0
0.0
0.0
0.012026156955994944
0.0
0.0
0.0
0.0
0.0
0.0
0.0
0.0
0.0
0.0
0.0
0.0
0.0
0.0
0.0
0.0
0.0
0.33694284937669294
0.0
0.0
0.0
0.0
0.016607305600705488
0.0
0.0
0.0
0.12067369826357816
0.0
0.0
0.0
0.0
0.0
0.0
0.015005650985803047
0.0
0.0
0.22558155739947816
0.0
0.0
0.0
0.0
0.0
0.19114080686552842
0.0
0.0
0.0
0.0
0.0
0.0
0.0
0.0
0.0
0.0
0.0
0.0
0.0
0.0
0.0
0.0
0.0
0.0
0.0
0.07637040673852978
0.0
0.0
0.0
0.0
0.0
0.0
0.38490184607988864
0.0
0.0
0.0
0.0
0.0
0.0
0.0
0.0
0.0
0.0
0.0
0.0
0.0
0.0
0.0
0.0
-0.014042773143919204
0.0746242536347243
0.07938333889945319
0.0
0.0
0.0
0.0
0.0
0.0
0.0
0.0
0.0
0.06974264112726573
0.0
0.0
0.0
0.0
0.015323733259643221
0.0
0.0
0.011748730028695507
0.0
0.0
0.0
0.0
0.0
0.0
0.0
-0.008054521089826917
0.0
0.0
0.0
0.0
0.0
0.0
0.0
0.0
0.019820457368245205
0.0
0.0
0.0
0.0
0.0
0.0
0.0
0.0
0.0
0.0
0.0
0.0
0.25059246539243724
0.005523123168517201
0.0
0.0
0.0
0.0
0.0
0.08339385412161122
0.0
0.0
0.0
0.0
0.0
0.0
0.0
0.0009934444272293415
0.0
0.0
0.0
0.03757128930063498
0.0
0.0
0.04560691119885055
0.0
0.0
0.0
0.0
0.0
0.0
0.0
-0.022624026605402248
0.3836762643451598
0.0
0.0
0.0
0.0
0.0
0.0
0.0
0.0
0.0
0.0
0.031697757165229296
0.0
0.04801936796993506
0.0
0.01871225451874536
0.0
0.0
0.0
0.06720469090412252
0.0
0.0
0.0
0.06918003745867615
0.0
0.04714184415069932
0.0
0.0
0.0
0.0
0.0
0.0
0.0
0.0
0.0
0.0
0.036521633716509676
0.0
0.0
0.0
0.0
0.0
0.0
0.0
0.0
0.0
0.0
0.0
0.0
0.0
0.0
0.0
0.0
0.0
0.0
0.0
0.0
0.047223969272938024
0.0
0.0
0.0
0.0
0.0
0.0
0.1161177753176385
0.04190846133326096
0.0
0.0
0.0
0.07040025077250571
0.0
0.0
0.0
0.17623079248263268
0.0
0.0
0.0
0.0
0.0
0.0
0.0
0.0
0.0
-0.02378821690388136
0.0
0.0
0.004360235582636626
0.0
0.0
0.0
0.0
0.0
0.0
0.0
0.0
0.03215004786810445
0.0
0.0
0.0
0.0
0.0
0.0
0.0
0.0
0.0
0.0
0.04337029400525419
0.052786057180065675
0.0
0.0
0.03225482260665791
0.0
0.0
0.0
0.0
0.0
0.0
0.2598644743482019
0.0
0.011919623796182307
0.0
0.0
0.0
0.0
0.0
0.0
0.0
0.0
0.0
0.0
0.0
0.008077451067765971
0.0
0.0
0.06900226164283826
0.0
0.0
0.0
0.0
0.0
0.0
0.0
0.0
0.0
0.17276998400425816
0.0
0.0
0.0
0.0
0.0
0.0
0.0
0.0
0.0
0.0
-0.030600708815117204
0.0
0.0
0.0
0.0
0.0
0.0
0.0
0.0
0.0
0.0
0.0
0.0
0.0
0.0
0.025196381656065116
0.0
0.0
0.0
0.0
0.0
0.0
0.0
0.0
0.0
0.0
0.0
0.0
0.0
0.0
0.0
0.0
0.0
0.0
0.0
0.0
0.0
0.0
0.0
0.0
0.0
0.0
0.46607979843178826
0.07955750224471937
0.0
0.0
0.0
0.0
0.044769825769022636
0.03436818866842979
0.0
0.0
0.0
0.046669669082003304
0.0
0.0
0.0
0.0
0.0
0.0
0.0
0.01636252228839851
0.0
0.0
0.0
0.0
0.05632581415668651
0.0
0.0
0.0
0.0
0.0
0.0
0.09970296860711234
0.013508031529556886
0.0
0.0
0.0
0.0
0.0
0.0
0.0
0.0
0.0
0.0
0.0
0.0
0.0
0.0
0.0
0.0
0.0
0.0
0.0
0.0
0.0
0.0
0.0
0.0
0.0
0.0
0.0
0.04717302127191727
0.0
0.0
0.0
0.0
0.08598172973177858
0.0
0.0
0.0
0.0
0.0
0.10487375196881198
0.0
0.0
0.0
0.0
0.0
0.0
0.0
0.0
0.0
0.0
0.0
0.0
0.0
0.0
0.0
0.0
0.0
0.0
0.0
0.0
-0.0021597439241697676
0.0
0.0
0.0
0.0
0.21922949402106506
0.0
0.004801224969362354
0.025746946044150076
0.0
0.0
0.0
0.0
0.0
0.0
0.0
0.0
0.0
0.17271835224169546
0.0
0.0
0.0
0.025282936968970802
0.0
0.0
0.0
0.0
0.0
0.0
0.0
0.0
0.0
0.0
0.0
0.0
0.0
0.0
0.0
-0.009554012883892632
0.0
0.0
0.0
0.0
0.0
0.0
0.0
0.0
0.0
0.0
0.0
0.0
0.0
0.0
0.0
0.0
0.0
0.0
0.0
0.0
0.0
0.0
0.0
0.11854740948716747
0.0
0.0
0.0
0.0
0.0
0.39079680806901873
0.04904798483552675
0.034653065345114815
0.0
0.0
0.0
0.19005892797133778
0.0
0.0
0.0
0.0
0.0
0.0
-0.04395258027356145
0.0
0.0
0.0
0.0
0.0
0.15371625467589073
0.025117139187450996
0.0
0.0
0.0
0.0
0.0
0.0
0.0
0.0
0.0
0.0
0.0
0.0
0.0
0.0
0.0
0.0
0.0
0.0
0.0
0.0
0.0
0.0
0.0
0.0
0.0
0.0
0.0
0.0
0.02000119110280544
0.0
0.0
0.0
0.015359788208685566
0.0
0.01414180829289517
0.0
0.0
0.0
0.0
0.0
0.0
0.0
0.0
0.0
0.0
0.0
0.0
0.0
0.0
0.0
0.0
0.0
0.0
0.0
0.2216678900967505
0.0
0.0
0.0
0.0
0.0
0.0
0.0
0.0
0.0
0.0
0.0
0.0
0.0
0.0
0.0
0.0
0.0
0.0
0.0
0.0
0.0
0.0
0.0
0.0
0.0
0.0
0.0
0.0
0.0
0.0
0.0
0.0
0.0
0.04040478860372793
0.0
0.0
0.0
0.0
0.0
0.0682373131222286
0.0
0.0
0.0
0.0
0.041275028576566064
0.0
0.0
0.14337519978506288
0.0
0.0
0.0
0.0
0.0
0.0
-0.023352569856810623
0.0
0.0
0.0
0.0
0.0
0.0
0.0
0.0050758714574378975
0.0
0.0
0.0
0.0
0.0
0.0
0.0
0.0
0.0
0.0
0.1921936645757265
0.0
0.0
0.0
0.0
0.0
0.010354232426750503
0.0
0.0
0.0
0.0
0.0
0.016079548828594335
0.0
0.0
0.0
0.07000109289543789
0.053586908019277735
0.0
0.0
0.0
0.0
0.0
0.0
0.0
0.0
0.0
0.0
0.0
0.01223474017595295
0.0670068149187813
0.0
0.0
0.0
0.0
0.0
0.0
0.0
0.0
0.0
0.013905496466918266
0.0
0.0
0.0
0.0
0.0
0.0
0.0
0.0
0.0
0.0
0.0
0.0
0.0
0.0
0.0
0.0
0.0
0.0
0.0
-0.02223777954386936
0.0
0.05687613905446602
0.0
0.0
0.03515535448929261
0.0
-0.02349010155201508
0.0
0.0
-0.006432465614576046
0.0
0.0
-0.004960412259950485
0.0
0.0
0.0
0.0
0.0
0.0
0.0
0.0
0.05857820979460038
0.0
0.0
0.0
-0.02273849498464898
0.0
0.0
0.0
0.0
0.0
0.0
0.0
0.0
0.0
0.0
0.0
0.0
0.0
-0.012443126649292204
0.0
0.0
0.0
0.0
0.0
0.01272046145037197
0.0
0.0
0.0
0.0
0.0
0.0
0.0
0.0
0.0
0.0
0.12461532669028284
0.0
0.0
0.0
0.0
0.0
0.0
0.02325715690314743
0.0
0.010520295971356416
0.03271725376149035
0.0
0.0
0.0
0.0
0.0
0.0
0.0
0.0
0.0
0.0
0.0
0.0
0.07153764172379075
0.01221446329970701
0.0
0.0
0.0
0.0
0.0
0.0
0.0
0.0
0.0
0.0
0.0
0.0
0.0
0.17349577363078703
0.0
0.0
0.0
0.0
0.0
0.0
0.0
0.0
0.0
0.0
0.0
0.0
0.0
0.0
0.0
0.0
0.0
0.0
0.0
0.0
0.0
0.0
0.0
0.0
0.0
0.0
0.0
0.0
0.04797663174582998
0.0
0.1624171349657608
0.0
0.0
0.0
0.0
0.03458036985107134
0.0
0.0
0.0
0.0
0.0
0.10203989537784652
0.0
0.0
0.0
0.0
0.09095064808466291
0.06337829281641144
0.0
0.04026861328377238
0.0
0.01973837064664091
-0.02610430484604426
0.0
0.02417625533526968
0.0
0.11717245709107395
0.0
0.390659874992003
0.0
0.08171160846992909
0.0
0.0
0.0
0.0
0.0
0.13515458673628472
0.0
0.0
0.0
0.0
0.0
0.0
0.05988693129176365
0.0
0.0
0.0
0.0
0.0
0.0
0.0
0.0
0.0
-0.04014235469827944
0.0
0.0
-0.001780823378311188
0.0
-0.061704666471080735
0.0
0.0
0.0
0.0
0.0
0.0
0.0
0.0
0.0
0.0
0.0
0.0
0.018646727444353663
0.0
0.0
0.0
0.0
0.0
0.0
0.0
0.0
0.0
0.0
0.0
0.0
0.0
0.0
0.0
0.13690150409420837
0.0
0.0
0.0
0.0
0.0
-0.008473324225700865
0.0
0.0
0.0
0.0
0.0
0.0
0.0
0.0
0.0
0.0
0.0
0.0
0.07853800327091039
0.0
0.0
0.0
0.0
-0.018136180271863526
0.0
0.0
0.0
0.0
0.0
0.0
0.0
0.0
0.0
0.015015551674535783
0.0
0.0
0.15817558204634175
0.0
0.0
0.10712349728278162
0.0
0.0
0.0
0.0
0.0
0.1195769741199504
0.0
0.0
0.0
0.0
0.22555065893239773
0.0
0.0
0.0
0.0
0.0
0.0
0.0
0.0
0.0
0.0
0.2806357717371907
0.0
0.0
0.0
0.0
0.0
0.0
0.0
0.0
0.0
0.0
0.0
0.0
0.0
0.0
0.013035592243834354
0.0
0.0
-0.048505791866576976
0.0
0.0
0.0
0.0
0.0
0.047751020726596184
0.0
0.02275381452005993
0.0
0.0
0.0
0.0
0.0
0.0
0.0
0.0
0.0
0.0
0.0
0.0
0.0
0.0
0.0
0.0
0.0
0.2396397579718975
0.0
0.0
0.0
0.0
0.0
0.0
0.0
0.07351181909249492
0.09294895869876119
0.0
0.0
0.0
0.0
0.0
0.0
0.0
0.0
0.0
0.0
0.0
0.0
0.0
0.0
0.0
-0.011965228770881771
0.0
0.0
0.0
0.0
0.0
0.0
0.0
0.0
0.0
0.07030650352225865
0.07637203826186995
0.0
0.0
0.0
0.0
0.0
0.0
0.0
0.0
0.0
0.0
0.0
0.0
0.0
0.0
0.0
0.0
0.0
0.0
0.0
0.0
0.0
0.0
0.0
0.0
0.0
0.0
0.0
0.10508849990361928
0.0
0.0
0.0
0.0
0.0
0.0
0.0
0.0
0.0
0.0
-0.030073098239221184
0.0
0.0
0.0
0.023636775385783945
0.0
0.1657846883696457
0.0
0.0
0.0
0.0
0.0
0.0
0.018439114385009676
0.0
0.0
0.0
0.0
0.0
0.0
0.0
0.02195875011562319
0.0
0.0
0.0
0.0
0.0
0.0
0.0
0.0
0.0
0.0
0.0
0.0
0.0
0.0
0.05476679914351892
0.0
0.0
0.0
0.0
0.0
0.0
0.0
0.060138017809391965
0.0
0.0
0.0
0.0
0.0
0.0
0.0
0.0
0.0
0.0
0.10100795119867394
0.0
0.0
0.0
0.0
0.0
0.2536467838550984
0.0
0.0
0.0
0.11038920800757732
0.0
0.0
0.0
0.0
0.05062628495508423
0.0
0.0
0.0
0.0
0.10248221914654887
0.0
0.07771020231760695
0.01213700120371454
0.0
0.0
0.05463682863467379
0.0
0.005028250577338381
0.0
0.0
0.0
0.0
0.0
0.0
0.0
0.0
0.0
0.0
0.0
0.0
0.0
0.03786099337294557
0.0
0.0
0.0
0.07329606390011793
0.0
0.0
0.0
0.0
0.0
0.0
0.11364563439868382
0.0
0.0
0.04389713529117671
0.0
0.0
0.03769813048172254
0.0040732885729132815
0.0
0.07121390755218161
0.0
0.0
0.10373438029816498
0.0
0.0
0.0
0.07052533111111206
0.0
0.0
0.0
0.0
0.0
0.0
0.0
0.0
0.0
0.10437007361664329
0.0
0.0
0.0
0.0
0.0
0.0
0.0
0.0
0.0
0.0
0.0
0.010553820024282007
0.0
0.0
0.0
-0.006782397728780713
0.0
0.30089747002579054
0.0
0.0
-0.03461136646002843
0.0
0.02940410230253213
0.0
0.007568376659301895
0.0
0.0
0.0
0.0
0.0
0.0
0.0
0.0
0.0
0.0
0.0
0.1833023914654308
0.0
0.15466646765638278
0.2676017090572505
0.0
0.0
0.3367389855060817
0.0
0.0
0.0
0.0
0.0
0.14922759932051738
0.0
0.0
0.0003606638742309898
0.0
0.0
0.0
0.0
0.0
0.0
0.0
0.0
0.0
0.0
0.008660224114466363
0.0
0.0
0.0
0.0
0.0
0.0
0.28265744129452275
0.0
0.0
0.0
0.0
0.025134344897894276
0.0
0.0
0.0
0.0
0.0
0.0
0.015391536529133725
0.0
0.0
0.00971307848427827
0.0
0.0
0.0
0.0
0.0
0.0
0.0
0.0
0.0
0.0
0.0901435432162011
0.0
0.0
0.0
0.0
0.0
0.0
0.0
0.0
0.0
-0.014881291306220209
0.1411292835393847
0.0
0.0
0.0
0.0
0.0
0.0
0.0
0.0
0.0
0.0
0.0
-0.024580429137581888
0.0
0.024338342320017387
0.0
0.0
0.0
0.0
0.0
0.0
0.08163703456299765
0.0
0.11020930573805597
0.0
0.0
0.0
0.0
0.0
0.0
0.0
0.0
0.04198807154946135
0.0
0.0
0.0
0.0
0.08040840005273243
0.148236943361178
0.0
0.0
0.0
0.0
0.0
0.0
0.1544048727168119
0.0
0.0
0.0
0.0
0.0
0.0
0.0
0.0
0.0
0.0
0.0
0.006861447888462348
0.023948239497555486
0.0
0.0
0.0
0.0
0.0
0.0
0.17990185092918423
0.0
0.0
0.0
0.028362088548944283
0.0
0.0
0.04973682716129882
0.0
0.0
0.0
0.0
0.0
0.0
0.0
0.0
0.0
0.0
0.0
0.0
0.0
0.0
0.0
0.0
0.0
0.0
0.0
0.0
0.0
0.0
0.0
0.0
0.0
0.05078888423784584
0.0
0.0
0.0
0.0
0.0
0.16953474496828724
0.0
0.0
0.0
0.0
0.0
0.0
0.0
0.0
0.0
0.0
0.0
0.0
0.0
0.0
0.0
0.027386647012321946
0.0
0.0
0.0
0.0
0.0
0.0
0.0
0.0
0.0
0.0
0.0
0.0
0.0
0.0
0.0
0.0
0.0
0.04245192416571325
0.0
0.0
0.0
0.11615755457755844
0.0
0.0
0.0
0.14457103534487276
0.0
0.0
-0.03482368764196427
0.012521787861357629
0.0
0.0
0.0
0.0
0.1348727682757825
0.0
0.0
0.0
-0.015408052609504164
0.0
0.0
0.0
0.0
0.0
0.0
0.10072650943371204
0.0
0.0
0.0791101971032792
0.0
0.0
0.0
0.0
-0.008696520832208171
0.0
0.0
0.0
0.0
0.0
0.0
0.0
0.0
0.0
0.0
0.0
0.24136331692488716
0.0
0.0
0.0
0.0
0.0
0.0
0.0
0.0
0.06449778874950951
0.10175911739231938
0.0
0.0
0.0
0.0
0.0
0.0
0.0
0.0
0.0
0.0
0.13677975603574302
0.0
0.0
0.0
0.0
0.10666960419768458
0.0
0.0
0.0
0.0
0.12367635034594647
0.0
0.0
0.0
0.0
0.0
0.0
0.09389693998565454
0.08731827292182186
0.0
0.0
0.0
0.0
0.3258202470755522
0.0
0.0
0.0
0.0
0.0
0.0
0.0
0.10544023564703166
0.0
0.0
0.0
0.0
0.0
0.0
0.0
0.0
0.0
-0.0030439410691476213
0.0
0.0
0.0
0.0
0.0
-0.025266996488549697
0.00041565461362008107
0.0
0.0
0.0
0.0
0.0
0.0
0.0
0.0
0.0
0.0
0.0
0.0
0.0
0.0
0.0
0.07540347532526617
0.0
0.0
0.0
0.14138952955271952
0.0
0.0
0.0
0.06410037847648238
0.0
0.401082263671804
0.0
0.0
0.0
0.034150734863399604
0.0
0.0
0.0
0.0
0.0
0.0
0.01687777093360841
0.0
0.0
0.0
0.0
-0.01411712351374897
0.0
0.0
0.03537602688760967
0.0
0.0
0.0
0.0
0.3146274961315687
0.0
0.0
0.0
0.0
0.0
0.0
0.0
0.0
0.0
0.0
0.0
0.0
0.0
0.0
0.0
0.0
0.0
0.0
0.0
0.0
0.0
0.09311630988317154
0.17470917367561473
0.0
0.0
0.0
0.0
0.0
0.0
0.0
0.0
0.0
0.0
0.0
0.0
0.0
0.0
0.0
0.0
0.022985661881819976
0.0
0.0
0.0
0.0
0.0
0.0
0.0
0.0
0.037630620064410335
0.0
0.0
0.1157347942931727
0.0
0.0
0.0
0.0
0.0
0.0
0.0
0.0
0.045036649614425876
0.0
0.027411519104557778
0.0
0.0
0.0
0.0
0.04349474211776424
0.0
0.0
0.0
0.0
0.0
0.029088712252127003
0.0
0.0
0.0
0.0
0.0
0.0
0.0
0.14716786480492763
0.0
0.0
0.0
0.0
0.0
0.0
0.0
0.0
0.0
0.0
0.0
0.0
0.028032947323029852
0.0
0.0
0.0
0.06125875339251234
0.0
0.0
0.0
0.0
0.0
0.0
0.0
0.0
0.0
0.0
0.0
0.0
0.0
0.0
0.0
0.0
0.0295953992308015
0.0
0.0
0.02253174440548676
0.0
-7.29230041904898e-5
0.0
0.0
0.0
0.0
0.0
0.0
0.0
0.0
0.0
0.0
0.0
0.0
0.0
0.0
0.0
0.0
0.0
0.0
0.0
0.0
0.0
0.0
0.0
0.0
0.0
0.0
0.0
0.0
0.0
0.0
0.0
0.0688733961277831
0.0
0.0
0.0
0.0
0.0
0.0
0.0
0.0
0.0
0.0
0.0
0.0
0.0
0.0
0.0
0.0
0.017386831101023844
0.0
0.0
0.0
0.0
0.0
0.0
0.0
0.0
0.0
0.0
0.0
0.016657320228129477
0.0
0.0
0.0
0.0
0.0
0.0
0.0
0.0
0.0
0.0
0.05624022889202204
0.0
0.0
0.0
0.1055881010679425
0.0
0.0
0.0
0.0
0.0
0.0
0.036459358373166016
0.0
0.0
0.0
0.0
0.0
0.0
0.0
0.0
0.0
0.0
0.0
0.0
0.0
0.0
0.0
0.0
0.0
0.0
0.0
0.0
0.0
0.0
0.0
0.0
0.0
0.0
0.0
0.0
0.0
0.0
0.0
0.0
0.0
0.24747284421176508
0.0
0.19447260260889038
0.08705607997929657
0.0
-0.0033712766730543842
0.08984371384350613
-0.017562966587009406
0.058867331176081776
0.03361350232482305
0.0
0.0
0.0
0.0
0.06535936653940713
0.14271058394804845
0.0
0.0
0.0
0.0
0.0
0.0
0.0
0.0
-0.004785804722363822
0.0
0.0
0.0
0.0
0.0
0.0
0.0
0.0
0.0
0.0
0.0
0.05240959440540463
0.0
0.0
0.0
0.0
0.0
0.0
0.013320755833199253
0.0
0.0
0.0
0.0
0.0
0.0
0.0
0.01816336054161684
0.0
0.0
0.14675432018834111
0.0
0.0
0.0
0.0
0.01753762173271912
0.0
0.0
0.013648332451588634
0.0
0.06090846139474531
0.0
0.0
0.044133563880446536
0.07913224718275153
0.0
0.0
0.0
0.0
0.0
0.0
0.0
0.0
0.0
0.0
0.0
0.0
0.0
0.03899957147228886
0.0
0.0
0.0
0.0
0.0
0.0
0.0
0.0
0.0
0.07491158056857086
0.0
0.0
0.0
0.0
0.0
0.0
0.0
0.0
0.0
0.0
0.0
0.050033047140192216
0.0
0.0
0.0
0.0
0.0
0.0
0.10982453892594879
0.0
0.0
0.0
0.0
0.0
0.0
0.08087473895777553
0.0
0.09547026203038257
0.0
0.0
0.0
0.0
0.0
0.0
0.0
0.0
0.0
0.0
0.0
0.01112415148619988
0.0
0.0
0.03106352206373281
0.0
0.0
0.0
0.0
0.0
0.0
0.0
0.0
0.0
0.0
0.0
0.0
0.0
0.012259076655959399
0.0
0.0
0.0
0.0
0.0
0.0
0.0
0.0
0.0
0.0
0.0
0.0
0.0
0.0
0.0
0.0
0.0
0.0
0.0
0.0
0.0837111483927697
0.0
0.0
0.29094051444860175
0.0
0.0
0.0846650953842353
0.01175645563807624
0.0
0.0
0.0
0.0
0.0
0.0
0.0
0.0
0.0
0.0
0.0
0.0
0.0
0.0
0.0
0.0
0.0
0.0
0.0
0.0
0.0
0.0
0.1788889650617935
0.0
0.0
0.0
0.1456499554349659
0.20625954998751858
0.0
0.0
0.0
0.0
0.0
0.0
0.014663374216241993
0.0
0.0
0.0
0.031514916001376576
0.0
0.0
0.0
0.17342865259676982
0.0
0.0
0.0
0.0
0.0
0.0
0.0
0.0
0.0
0.0
0.0
0.0
0.3666548754546256
0.0
0.09416292226062785
0.0
0.0
0.0
0.0
0.2213930899919543
0.0
0.0
0.0
0.0
0.0
0.03853951226209643
0.0
0.0009775559747096146
0.0
0.06777597214016867
0.0
0.0
0.0
0.0
0.0
0.0
0.0645148217023962
0.0
0.0
0.0
0.03912125895824162
0.0
0.0
0.0
0.0
0.0
0.0
0.0
0.0
0.0
0.0
0.0
0.0
0.0
0.0
0.0
0.2732734142280222
0.0
0.0
0.0
0.0
0.0
0.062381735557925345
0.0
0.0
0.05751966670445026
0.0
0.0
0.0
0.0
0.020963929306063042
0.03644860542046587
0.0
0.0
0.0
0.0
0.0
0.0
0.0
0.08201417235378419
0.0
0.0
0.09303554482677419
0.07248059174938797
0.0
0.0
0.0006380813060697006
0.0
0.0
0.0
0.0
0.0
0.0
0.0
0.0
0.0
0.0
0.0
0.0
0.07451058186257824
0.45214212302410284
0.0
0.0
0.0
0.0
0.0
0.0
0.024400045551912407
0.0
0.0
0.0
0.07376643462095264
0.0
0.0
0.0
0.0
0.0
0.0
0.0
0.0
0.0
0.0
0.0
0.0
0.0
0.013934258471007804
0.0
0.0
0.0
-0.016455507477184217
0.0
0.0
0.0
0.012509806230781254
0.0
0.0
0.0
-0.003848625507475237
0.0
0.0
0.0
0.0
0.0
-0.013007321837031743
0.0
0.0
0.0
0.0
0.0
0.0
0.0
0.0
0.0
0.0
0.0
0.0
0.0
0.0
0.0
0.0
0.0
0.0
0.0
0.0
0.0
0.0
0.0
0.03645873869519072
0.0
0.03674452608169645
0.0
0.0
0.0
0.0
0.0
0.0
0.0
0.0
0.0
0.0
0.0
0.0
0.0
0.255177774990442
0.023129178804823385
0.0
0.0
0.0009682963293979379
0.017721255860589927
0.0
0.0
0.0
0.01497594858632415
0.0
-0.008417256009276269
0.0
0.0
0.033578456050891686
0.0
0.0
0.0
0.0
0.0
0.0
0.0
0.0
0.0
0.2011431163336136
0.0
0.0
0.0
0.0
0.0
0.0
0.0
0.0
0.3029229441595915
0.0
0.0
0.0
0.0
0.0
-0.01128837128460531
0.0
0.0
0.0
0.0
0.0
0.0
0.0
0.0
0.0
0.0
0.0
0.0
0.0
0.0
0.0
0.1042609991106725
0.0
0.0
0.01548000019006926
0.0
0.13105961678369143
0.0
0.0
0.0
0.0
0.0
0.0
0.0
0.0
0.011471068373188635
0.0
0.0
0.0
0.0
0.0
0.0
0.0
0.0
0.14392944771741586
0.0
0.0
0.0
0.0
0.0
0.0
0.0
0.0
0.0
-0.015969466482180165
0.0
0.0
0.0
0.0
0.0
0.043659905049074355
0.0
0.0
0.0
0.03227878262122732
0.0
0.0
0.0
0.0
0.0
0.0
0.09023575804283443
0.27478715156836625
0.0
0.0
0.0
0.0
0.13829899010389593
0.0
0.0
0.0
-0.0003363996110341386
0.15920894973840777
0.0
0.0
0.0
0.12607107537447879
0.0
0.0
0.0
0.0
0.0
0.0
0.0
0.0
0.0
0.0
0.0
0.0
0.0
0.0
0.0
0.0
0.0
0.0
0.0
0.17076877195498516
0.0
0.0
0.0
0.0033171369429074314
0.0
0.0
0.0
-0.009572402222280159
0.0
0.0
0.0
0.0
0.0
0.0
0.0
0.0
0.0
0.0
0.0
0.0
0.0
0.0
0.0
0.0
0.0
0.0
0.0
0.0
0.0
0.0
0.0
0.31129837218122475
0.0
0.0
0.0
0.0
0.04071758903435343
0.0
0.0
0.0
0.0
0.0
0.0
0.0
0.0
0.0
0.0
0.10691613697232975
0.0
0.0
0.0
0.0
0.0
0.2671469193736726
0.0
0.0
0.0
0.0
0.0
0.0
0.0
0.0
0.030291099954076906
0.0
0.0
0.0
-0.03574063527928271
0.0
0.0
0.3533014661933856
0.0
0.0
0.0
0.015393022037366522
0.0
0.0
0.0
0.0
0.0
0.20841927954537148
0.0
0.0
0.08699921566536307
0.0
0.0
0.0
0.0
0.0
0.0
0.0
0.0
0.0
0.0
0.0
0.0
0.0
0.0
0.0
0.0
0.0
0.0
0.0
0.0
0.0
0.0
0.0
0.010627689665040116
0.0
0.11928064478032588
0.0
0.1246436545722686
0.0
0.0
0.0
0.0
0.0
0.032042451137328745
0.21167302675531652
0.0
0.0
0.0
0.0
0.0
0.0
0.0
0.0
0.062120433820916136
0.0
0.0
0.0
0.2432324248367362
0.0
0.007422978404529853
0.062489390234489614
0.0
0.01128846771739363
0.0
0.0
0.0
0.0
0.0
0.08876740246240074
0.0
0.0
0.0
0.0
0.0
0.015636279445689464
0.0
0.0
0.0
0.0
0.0
0.0
0.0
0.0
0.0
0.019277547456218524
0.0
0.0
0.0
0.0
0.0
0.0
-0.010362254708888964
0.0
0.0
0.21341441239842826
0.0
0.0
0.0
0.0
0.0
0.0
0.0
0.0
0.0
0.0
0.0
0.0
0.0
0.0
0.0
0.0
0.0
0.0
0.04419976824737804
0.0
0.0
0.0
0.0
0.0
0.0
0.0
0.0
0.12796180373032137
0.009898403120602113
0.36208671862949776
0.0
0.0
0.047975206322933645
0.0
0.0455785251533069
0.0
-0.019847429668701736
0.04165355048307399
0.0
0.0
0.0
0.0009960903596299268
0.0
0.0
-0.02337104208615761
0.0
0.0
0.0
0.0
0.0
0.0
0.0
0.0
0.0
0.0054504659753283405
0.0
0.0
0.0
0.015011424422426546
0.0
0.0
0.0
0.0
0.040013562873965784
0.0
0.0
0.0
0.0
0.0
0.0
0.0
0.11354501979248083
0.0
0.0
0.018460892880481063
0.0
0.0
0.0
0.0
0.015818169292584814
0.0
0.0
0.0
0.0
0.0
0.0
0.0
0.0
0.11705339455535622
0.0
-0.025855097204647483
0.0
0.0
0.0
0.0
0.0
0.0
0.17191267099075647
0.0
0.0
0.0
0.0
0.0
0.05431930042142099
0.04372155579479965
0.0
0.0
0.0
0.0
0.0
0.0
0.0
0.0
0.0
0.0
0.0
0.0
0.0
0.0
0.0
0.0
0.0
0.0
0.0
0.0
0.0
0.0
0.0
0.0
0.0
0.017445464726526822
0.0
0.0
0.0
0.0
0.0
0.01695508228180839
-0.0004640532272749416
0.0
0.0
0.0
0.10419136261886187
0.0
0.0
0.0
0.0
0.061261333693383276
0.026764109790585848
0.04907647702374576
0.0
-0.008381701155379541
0.0
-0.02596674020916221
0.0
0.0
0.0
0.0
0.030821580660014343
0.0
0.0
0.0
0.0
0.0
0.0
0.0
0.03923440528961633
0.0
0.0
0.0
0.0
0.0
0.0
0.0
-0.012409892895555684
0.0
0.0
-0.030119295021822777
0.0
0.0
0.0
0.04142457166611592
0.0
0.0
0.0
0.08164583774444492
0.0
0.0
0.0
0.0
0.0
0.0
0.0
0.0
0.0
0.0
0.0
0.0
0.0
0.0
0.0
0.0
0.0
0.0
0.0
0.0
0.0
0.45498637006928144
0.0
0.028970332472387627
0.0
0.0
0.0
0.0
0.0
0.0
0.0
0.0
0.0
0.0
0.0
0.014081155764333185
0.0
0.0
-0.021410113642708707
0.0
0.20933651569769546
0.0
0.0
0.0
0.0
0.0
0.0
0.2825868948184094
0.0
0.0
0.0
0.0
0.0
0.05060941160486575
0.0
0.0
0.0
0.0
0.0
0.039355122181907336
0.0
0.0
0.0
0.0
0.0
0.0
0.0
0.0
0.0
0.0
0.0
0.0
0.0
0.0
0.0
0.0
0.0
0.0
0.0
0.06427373308967962
0.0
-0.025902535233358535
0.0
0.0
0.0
0.0
0.0
0.0
0.0
0.0
0.0
0.0
0.0
0.0
0.20087015723585183
0.0
0.0
0.0
0.0
0.0816124035672765
-0.05117116799522216
0.0
0.0
0.0
0.14177167381921543
0.024079619466793413
0.0
0.0
0.0
0.0
0.0
0.0
0.0
0.0
0.0
0.0
0.0
0.0
-0.0030742613385696905
0.0
0.0
0.0
0.0
0.0
0.0
0.0
0.0
0.0
0.0
-0.026905629380408063
0.0
0.0
0.0
0.11829924353777363
0.0
0.0
0.0
0.0
0.0
0.0
0.11144828644991107
0.0
0.0
0.0
0.0
0.0
0.0
0.0
0.0
0.0
0.0
0.2190323660517736
0.0
0.15633503670068663
0.0
0.07399061369861706
0.0
0.0
0.0
0.0
0.0
0.0
0.0
0.16438910212609667
0.15265492911294198
0.0
0.0
0.0
0.0
0.0
0.0
0.0
0.0
0.0
0.0
0.020993385552547223
0.0
0.0
0.0
0.0
0.0
0.0
0.10545967627434054
0.0
0.0
0.0
0.0
0.09357519514980704
0.0
0.0
0.010421050537336074
0.01122945392139448
0.0
0.17735835698651004
0.0
0.0
0.0
0.0
0.0
0.007734035334787946
0.0
0.0
0.0
0.0
0.0
0.0
0.0
0.0
0.0
0.0
0.0
0.0
0.0
0.0
0.15440464121151615
0.0
0.0
0.0
0.0
0.0
0.0
0.0
0.31543168904972907
0.0
0.0
0.0
0.4705567498686212
0.0962064293366878
0.0
0.0
0.0
0.0
0.0
0.0
0.06291298755913237
0.0
0.11971693790226359
0.052947831233177166
0.015518900855759715
0.17322022393624095
0.0
0.0
0.0
-0.003847637054961166
0.0
0.0
0.0
0.0
0.10111467457699186
0.006687037191306673
0.0
0.0
0.04660989374987975
0.0
0.0
0.0
0.0
0.0
0.0
0.0
0.0
0.0
0.0
0.0
0.0
0.0
0.0
0.0
0.0
0.0
0.0
0.0
0.0
0.0
0.0
0.0
0.0
0.0
0.0
0.0
0.3410677922455952
0.0
0.0
0.0
0.0
0.04216116572808925
0.0
0.0
0.0
0.0
0.0
0.0
0.27978006501152664
0.0
0.0
0.0
0.0
0.0
