0.0
0.0
0.0
0.0
0.0
0.0
0.0
0.0
0.0
0.0
0.0
0.0
0.0
0.0
0.0
0.0
0.0
0.0
0.0
0.0
0.0
0.0
0.27483430025498606
0.0
0.0
0.0
0.16020363639280205
0.0
0.0
0.0
0.0
0.0
0.0
0.0
0.0
0.0
0.0046640355999439794
0.0
0.0
0.0
0.0
0.0
0.0
0.0
0.0
0.0
0.0
0.0
0.0
0.0
0.0
-0.0688933581116364
0.0
0.0
0.0
0.0
0.0
0.0
0.0
0.0
0.0
0.0
0.0
0.07674222186977767
0.0
0.0
0.0
0.0
0.0
0.0
0.0
0.0
0.0
0.0
0.0
0.0
0.0
0.06968473747375585
0.0
0.002341739562537357
0.0
0.0
0.0
0.02140767243627354
0.3362127564605848
0.0
0.0
0.0
0.00858180435742258
0.0
0.0
0.0
0.0
0.0
0.0
0.0
0.0
0.0
0.0
0.0
0.0
0.0
0.0
0.0
0.0
-0.02311880378608657
0.0
0.0
0.0
0.0
0.0
0.0
0.0
0.2651603281569683
0.0
0.0
0.0
0.04515925354086294
0.03278018428727006
0.0
0.0
0.0
0.0
0.019307556771894763
0.0
0.0
0.0
0.0
0.0707626520556743
0.0
0.0
0.0
0.0
0.0
0.0
0.0
0.0
0.0
0.0
0.0
0.0
0.0
0.0
0.0
0.0
0.03787766967727869
0.0
0.0
0.0
0.0
0.0
-0.01579036405511405
0.19731229877063935
0.0
0.0
0.0
0.0645940751549296
0.0
0.0
0.0
0.0
0.0
0.055840134042994025
0.0
0.0
0.0
0.0
0.0
0.09341202516956623
0.0
0.0
0.1640380092222578
0.0
0.0
0.0
0.0
0.0
0.0
0.0
0.0
0.0
0.0
0.0
0.14114284080556727
0.0
0.0
0.0
0.0
0.0
0.0
0.0
0.0
0.0
0.0
0.0
0.035143295227771515
0.03905792163418954
0.010414925595544895
0.0
0.0
0.09272533728066866
0.0
0.0
0.0
0.19749725889624586
0.0
0.0
0.0
0.0
0.0
0.0
0.0
0.0
0.0
0.0
0.0
0.0
0.0
0.0
0.0
0.2349871360481791
0.0
0.0
0.0
0.0
0.0
0.0
0.03268514851072073
0.0
0.0
0.0
0.0
0.05066108921299152
0.0
0.0
0.0
0.0
0.02015640500686043
0.0
0.0
0.0
0.0
0.0
0.0
0.0
0.40277603272189877
0.0
0.013925870084402965
0.016038337317157262
0.0
0.0
0.0
0.0
0.0
0.0
0.03892159744121676
0.0
0.14502077737165495
0.0
0.026528394114087965
0.0
0.0
0.0
0.0
0.04676573629019435
0.0
0.0
0.0
0.0
0.0
0.0
0.0
0.0
0.007655306723060623
0.0
0.0
0.0
0.0
0.0
0.0
0.0
0.0
0.0
0.0
0.0
0.0
0.0
0.0
0.0
0.024515668782891565
0.02190254735489942
0.0
0.0
0.0
0.016673704249592906
0.0
0.0
0.0
0.0
0.12848479286066636
0.0
0.0
0.0
0.0
0.0
0.0
0.0
0.0
0.0
0.0
0.25765889574083733
0.0
0.0
0.20531953916732312
0.0
0.0
0.027772284540218798
0.0
0.07586507354518883
0.0
0.0
0.0289440377052351
0.0
0.0
0.0
0.0
0.0
0.0
0.0
0.0
0.0
0.0
0.0
0.0
0.0
0.0
0.018084093977090487
0.0
0.0
0.0
0.0
0.0
0.0
0.0
0.0
0.2882096149814128
0.0
0.0
0.0
0.0
0.0
0.0
0.05829028630154062
0.0
0.0
0.0
0.0
0.0
0.0
0.0
0.0
0.12796905616915244
0.0
0.0
0.07504044301567858
0.0
0.0
0.021794239140299595
0.12806691745259205
0.0
0.0
0.0
0.0
0.0
0.0
0.0
0.0
0.0
0.0
0.0
0.0
0.0
0.0
0.0
0.0
0.0
0.14763612211038238
0.0
0.0
0.0
0.0015380907427058306
0.07716690445308767
0.0
0.0
0.0
0.0
0.0
0.0
0.0
0.0
0.0
0.0
0.0
0.03234107973661222
0.0
0.0
0.0
0.0
0.0
0.0
0.0
0.002082302573764263
0.16654279179338613
0.0
0.02765197119043544
0.013809441781639774
0.0
0.0
0.004408467384139109
-0.015785787258388712
0.0
0.0
0.0015956571444948342
0.008723348490598979
0.0
0.0
0.0
0.0
0.031116471754537765
0.0
0.0
0.0
0.0
0.0
0.0
0.10838228506362672
0.0
0.1038889469061543
0.0
0.0
0.0
0.0
0.0
0.0
0.0
0.0
0.0
0.0
0.0
0.0
0.0
0.0
0.0
0.0
0.0
0.0
0.08094782738930158
0.0
0.0
0.0
0.0
0.0
0.0
0.02808864541635922
0.0
0.0
0.0
0.0
0.0
0.0
0.0
0.0
0.0
0.04855597204879719
0.0
0.3570029096780095
0.0
0.0
0.0
0.0
0.0
0.0
0.0
0.0
0.0
0.0
0.0
0.0
0.0
0.0
0.0
0.0
0.0
0.0
0.0
0.0
0.0
0.0
0.0
0.0
0.0
0.0
0.0
0.032724656245091244
0.0002538438407161249
0.0
0.0
0.0
0.0
0.0
0.0
0.0
0.0
0.0
0.0
0.0
0.0
0.0
0.0
0.0
0.0
0.0
0.0
0.0
-0.016324007890704813
0.0
0.0
0.0
0.012833287069346735
0.0
0.0
0.0
0.0
0.0
0.0
0.0
0.0
0.0
0.0
0.0
0.0
0.0
0.0
0.0
0.0
0.0
0.0
0.019472998320092753
0.0
0.0
0.0
0.0
0.0
0.0
0.0
0.0
0.0
0.04140855341784369
-0.010674449426565528
0.0
0.03179382847043764
0.4711163839474831
0.06502699960159254
0.0
0.0
0.0
0.2816250921166574
0.0
0.09868685336382091
0.0
0.0
0.0
0.034136557020414494
0.01998565148403956
0.04485421163907526
0.0
0.0
0.0
0.0
0.0
0.0
0.0
0.0
0.0
0.0
0.0
0.0
0.0
0.03188616787262326
0.0
0.0
0.0
0.0
0.0
0.0
0.07512590468962854
0.0
0.016021774535464346
0.0
0.0
0.0
0.0
0.0
0.0
0.0
0.0
0.0
0.0
0.0
0.0
0.0
0.0
0.0
0.0
0.0
0.0
0.0
0.0
0.0
0.0
0.0
0.0
0.0
0.0
0.0
0.0
0.0
0.0
0.2525155307175057
0.0
0.0
0.06714547041937177
0.0
0.0
0.0
0.0
0.1735893885375973
0.0
0.0
0.0
0.0
0.0
0.06921671303020849
0.0
0.0
0.0
0.0
0.0
0.0
0.10861831079350869
0.0
0.0
0.0
0.0
0.0
0.0
0.0
0.0
0.0
0.0
0.0
0.0
0.0
0.0
0.0
0.0
0.0
0.0
0.1094166493630321
0.0
0.0
0.0
0.0
0.0
0.0
0.0
0.0
0.0
0.0
0.0
0.0
0.0
0.0
0.0
0.0
0.0
0.0
0.0
0.0
0.0
0.0
0.0
0.0
0.0
0.0
0.0
0.0
0.0
0.0
0.0
0.0
0.09302590304299428
0.0
0.04933133416412785
-0.00014113036768023906
-0.0005410955980097235
0.0
0.0
0.0
0.0
0.0
0.0
0.0
0.0
0.0
0.0
0.0
0.0
0.0
0.0
0.0
0.0
0.0
0.0
0.0
0.07228456291240892
0.0
0.0
0.03364443485052285
0.0
0.0
0.0
0.0
0.0
0.0
0.0
0.01234488705216035
0.0
0.0
0.12886110978564755
0.0
0.0
0.0
0.0
0.04408524998221519
0.0
0.0
0.04484408428224859
0.022419023839670895
0.0
0.0
0.02979869700917637
0.0
0.0
0.0
0.0
0.0
0.0
0.0
0.0
0.0
0.018504982619092388
0.0
0.0
0.0
0.0
0.0
0.0
-0.014994093948073394
0.0
0.0
0.0
0.0
0.10411152354117457
0.0
0.0
0.0
0.0
-0.035079339872273185
0.0
0.22943949330461957
0.0
0.0
0.0
0.0
0.0
0.015532190496976522
0.0
0.0
0.059898510714850056
0.0
0.0
0.0
0.0
0.0
0.018727684135241014
0.0
0.0
0.025614619399020246
0.0
0.0
0.0
0.0
0.0
0.0
0.0
0.0
0.0
0.0
0.0
0.0
0.0
0.0
0.005278526537609938
0.0
0.0
0.0
0.0
0.0
0.0
0.0
0.0
0.0
0.0
0.0
0.0
0.0
0.0
0.0
0.0
0.0
0.0
0.0
0.0
0.04635332611586429
0.0
0.09618993779418741
0.016250823600848473
0.0
0.1357273504895543
0.0
0.0
0.0
0.0
0.0
0.0
0.09359453245222298
0.0
0.0
0.0
0.0
0.0
0.0
0.0
0.0
0.0
0.0
0.0
0.0
0.0
0.0
0.0
0.0
0.0
0.0
0.0
0.0
0.0
0.0
0.0
0.2535369468305331
0.0
0.0037877317501048627
0.0
0.0
0.0
0.0
0.0
0.0
0.0
0.0
0.0
0.0
0.0
0.0
0.0
0.0
0.0
0.0
0.0
0.0
0.0
0.0
0.02235271427861088
0.0
0.0645261974167039
0.015576071209906976
0.0
0.0
0.0
0.0
0.07043678002051267
0.0
0.0
0.0
0.0
0.0
0.0
0.0
0.0
0.0
0.0
0.0
0.0
0.0
0.0
0.0
0.0
0.0
0.0
0.0
0.0
0.0
0.0
0.0
0.0
0.19715567899391034
0.0
0.0
0.0
0.0
0.0
0.012469658888703631
0.0
0.0
0.0
0.0
0.0
0.0
0.0
0.06392730548257655
0.0
0.0
0.0
0.030135011782544796
0.0
0.0
0.0
0.0
0.0
0.0
0.007441043393833841
0.0
0.0
0.0
0.2941956605447486
0.0
0.0
0.0
0.0
0.1560487836338114
0.0
0.10027283799037918
0.0
0.0
0.0
0.0
0.0
0.0
0.0
0.0
0.0
0.0
0.0
0.0
0.0
0.05585226940846402
0.0
0.0
0.0
0.0
0.0
-0.00044820172180431414
0.16831391552033975
0.0
0.0
0.0
0.0
0.0
0.0
0.03769800361505716
0.0
0.0
0.16993954419553747
0.04158732300290324
0.0
0.0
0.0
0.0
0.0
0.0
0.0
0.0
0.0
0.0
0.0
0.0
0.0
0.0
0.0
0.0
0.0
0.004531884268151472
0.0
0.0
0.0
0.0
0.0
0.0
0.0
0.0
0.0
0.0
0.0
0.0
0.039303125388573106
0.0
0.0
0.053370253350156466
0.10464203766742854
0.0
0.0
0.0
0.0
0.0
0.0
0.0
0.0
0.0
0.0
0.0
0.0
0.0
0.0
0.0
0.0
0.0
0.0
0.0
0.0
0.0
0.0
0.0
0.0
-0.0020292355920736283
0.0
0.0
0.0
-0.001076508874830166
0.0
0.03316149650224278
0.0
0.0
0.0
0.0
0.0688865901209684
0.0
0.0
0.0
0.029003528536588052
0.2242272567901217
0.0
0.0
0.0
0.0
0.0
0.0
0.0
0.024698319156921895
0.0
0.0
0.0
0.0
0.0
0.0
0.0
0.0
0.0
0.0
0.0
0.0
0.0
0.0
0.0
0.30757999668553443
0.0
0.0
0.0
0.0
0.0
0.0
0.0
0.0
0.0
0.0
0.0
0.0
0.0
0.0
0.0
0.0
0.18700748381262916
0.004098309043168586
0.0
0.0
0.0
0.060451077932532474
0.0
0.0
0.0
0.0
0.0
0.03831728258454673
0.0
0.0
0.0
0.0
0.0
0.0
0.0
0.0
0.0
0.0
0.27753285474101025
0.0
0.0
0.0
0.0
0.43776448522181494
0.0
0.0
0.0
0.0
0.0
0.0
0.0
0.0
0.0
0.0
0.01693012349649007
0.0
0.0
0.0
0.0
0.0
0.05285665892588306
0.0
0.0
0.0
0.0
0.0
0.0
0.04430384316619193
0.0
0.0
0.0
0.0655890154705377
0.0
0.0
0.0
0.0
0.0
0.0
0.0
0.0
0.0
0.0
0.0
0.0
0.0
0.0
0.0
0.0
0.3298652732401761
0.0
0.0
0.0
0.0
0.0
0.0
0.0
0.0
0.0
0.0
0.0
0.0
0.0
0.0
0.0
0.0
0.0
0.0
0.0
0.0
0.0
0.0
0.07830387819028654
0.0
0.0
0.0
0.0
0.0
0.0
0.0
0.21748960446092194
0.0
0.0
0.0
0.0
0.0
0.0
0.0
0.0
0.0
0.0
0.0
0.0
0.0
0.15338819075333493
0.0
0.0
0.0
0.0
0.0
0.0
0.0
0.0
0.0
0.0
0.0
0.0
0.0
0.0
0.0
0.0
0.10575456535499715
0.0
0.0
0.0
0.0
0.0
0.0
0.07909193250208774
0.0
0.0
0.0
0.14725550705942128
0.0
0.0
-0.0009901739977758919
0.0
0.0
0.24707979809694622
0.0
0.0
0.0
0.0
0.0
0.0
0.0
0.0
0.0
-0.011443431632935302
0.0
0.0
0.0
0.0
0.0
0.0
0.0
0.0
0.0
0.0
0.0
0.0
0.0
0.0
0.0
0.0
0.0
0.0
0.0
0.0
0.0
0.03188393199348761
0.0
0.0
0.0
0.0
0.0
0.05171170588084064
0.029588223686682794
0.0
0.0
0.0
0.0
0.0
0.0
0.3017303754005132
0.0
0.0
-0.003724301474468382
-0.004898062146164516
0.0
0.0
0.0
0.0
0.0
0.0
0.0
0.0
0.0
0.0
0.0
0.0
0.0
0.0
0.0
0.02954808144460659
0.0
0.0
0.0
0.0
0.0
0.0
0.0
0.0
0.08881051651621423
0.0
0.0
0.0
0.0
0.0
0.0
0.0
0.0
0.06339741863226694
0.0
0.0
0.026746503850612544
0.0
0.0
0.0
0.0
0.0
0.06607250622568908
0.0
0.0
0.0
0.0
0.0
0.0
0.0
0.0
0.0
0.0
0.0
0.0
0.0
0.0
0.0
0.0
0.0
0.0
0.0
0.1139529781787465
0.0
0.011689943498665957
0.0
0.0
0.0
0.16311537768108647
0.0
0.0
0.0
0.12716841082736066
0.0
0.0
0.0
0.0
0.0
0.2268585673528085
0.009479111955565766
0.0
0.0
0.0588390665299336
0.0
0.0
0.0
0.008371597705611427
0.0
0.0
0.0
0.0
0.0
0.018735856000932586
0.0
0.0
0.0
0.0
0.0
0.0
0.0
0.0
0.0
0.0
0.0
0.0
0.0
0.0
0.3783469651236601
0.023287245157447328
0.009819641650201617
0.0
0.0
0.0
0.0
0.0
0.0
0.0
0.0
0.0
0.0
0.0
0.0
0.0
0.0
0.12980461796489584
0.03616339361931831
0.0
0.0
0.0
0.0
0.0
0.0
0.0
0.0
0.0
0.0
0.0
0.0
0.0
0.0386743579006118
0.0
0.0
0.0
0.0
0.007532032494308217
0.0
0.0
0.0
0.0
0.0
0.0
0.0
0.0064835308006347
0.0
0.1760107640833297
0.0
0.0
0.0
0.0
0.0
0.028547363547803326
0.0
0.0
0.0
0.0
0.0
0.0
0.021675950398284453
0.12030313018737103
0.0
0.0
0.0
0.0
0.0
0.0
0.0
0.0
0.04941781946688382
0.0
0.0
0.06486112100457918
0.0
0.0
0.0
0.0
0.0
0.0
0.0
0.0
0.0
0.0
0.0
0.0
0.0
0.0
0.02505028769764739
0.0
0.0
0.0
0.0
0.006688626995151594
0.0
0.0
0.0
0.0
0.0
0.0
0.0
0.0
0.0
0.0
0.0
0.0
0.0
0.0
0.0
0.0
0.0
0.0
0.0
0.0
0.0
0.0
0.0
0.0
0.0
0.0
0.0
0.0
0.0
0.0
0.05906645411631122
0.0
0.0
0.0
0.0
0.04187636282966647
0.0
0.047385877902212686
0.0
0.24436253056978025
0.0
0.0
0.0
0.0
0.0
0.0
0.0
0.0
0.0
0.0
0.0
0.08590704580424596
0.06089264542306048
0.0
-0.035869050298816756
0.0
0.0
0.0
0.0
0.0
0.0
0.043724912532302256
0.0
0.0
0.0
0.0
0.03263708346718333
0.0
0.0
0.0
0.0
0.0
0.0
0.0
0.0
0.0
0.0
0.0
0.0
0.0
0.0
0.02640892849431595
0.0
0.0
0.0
0.0
0.0
0.0
0.0
0.0
0.0
0.0
0.17020004303104985
0.015891951920756524
0.0
0.03653620872784532
0.0
0.0
0.0
0.0
-0.03443373350773265
0.0
0.0
0.0
0.0
0.0
0.0
0.0
0.0
0.0
0.0
0.0
0.0
0.0
0.0
0.0
0.0
0.0
0.0
0.0
0.0
0.0
0.0
0.0
-0.020455609072956144
-0.03551750960637594
0.0
0.0
0.0
0.0
0.0
0.0
0.0
0.0
0.0
0.0
0.0
0.0
0.0
0.0
0.05182408753135791
-0.005266455313002066
0.0
0.0
0.0
0.0
0.0
0.0
0.0
0.0
0.0
0.0
0.0
0.0
0.0
0.046760495362631
0.0
0.0
0.0
0.0
0.0
0.0
0.0
0.0
0.0
0.0
0.0
0.0
0.0
0.05970151788469354
0.0
0.0
0.00043499113340779124
0.0
0.0
0.0
0.0
0.0
0.0
0.0
0.0
0.0
0.0
0.0
0.0
0.0
0.0
0.0
0.0
0.0
0.0
0.0
0.0
0.0
0.0
0.0
0.0
0.0
0.0
0.0
0.0
0.0
0.0
0.0
0.0
0.2313562815781138
0.0
0.0
0.0
0.0
0.0
0.0
0.0
0.0
0.0
0.0
0.0
0.0
0.045568112111056845
0.0
0.0
0.0
0.1212325187614638
0.0
0.002365897279673481
0.09909574667406824
0.0
0.0
0.0
0.0
0.0
0.0
0.0
0.0
0.0
0.0
0.0
0.0
0.0
0.0
0.0
0.0
0.0
0.0
0.0
0.0
0.0
0.0
0.0
0.0
0.0
0.0
0.2223528711594764
0.0
0.0
0.0
0.0
0.0
0.0
0.0
0.0
0.0
0.0
0.0
0.0
0.0
0.0
0.0
0.0
0.0
0.0
0.0
0.0
0.0
0.0
0.0
0.0
0.0
0.0
0.0
0.04872201564506063
0.0
0.0
0.24925115227251676
0.0
0.0
0.0
0.3314385381661573
0.0
0.0
0.0
0.0
0.0
0.0
0.0
0.0
0.0
0.0
0.0
0.0
0.0
0.0
0.0
0.0
0.17965788344500183
0.0
0.4267360330589626
0.0
0.0
0.0
0.0
0.0
0.0
0.0
0.0
0.0
0.0
0.0
0.0
0.0
0.018570522528011182
0.0
0.0
0.0
0.0
0.07906873035958195
0.13093701765108454
0.0
0.0
0.015159192580834492
0.0
0.0
0.0
0.2991702357872636
0.0
0.0
-0.016614274010824798
0.0
0.0
0.0
0.0
0.0
-0.0014200317964322988
0.059542358849477235
0.0
0.0
0.0
0.0
0.0
0.027469792675580734
0.0
0.0
0.0
0.0
0.0
0.0
0.0
0.01318500253994731
0.0
0.0
0.0
0.0
0.0
0.0
0.0
0.0
0.0
0.06005945036520363
0.0
0.0
0.0
0.038567017552729614
0.0
0.0
0.0
0.0
0.0
0.044024756641776665
0.0
0.0
0.0
0.0
0.0
0.0
0.0
0.0
0.0
0.014772416949156817
0.0
0.0
0.11046056615287897
0.0
0.11148153829824778
0.0
0.0
0.0
0.05840268923360888
0.0
0.0
0.0
0.0
0.0
0.0
0.08989157200841684
0.0
0.0
0.0
0.24160783578625497
0.0
0.0004231893800983615
0.0
0.0
0.0
0.0
0.0
0.0
0.0
0.0
0.0
0.0
0.0
0.0
0.00036276574772560347
0.2466040984938265
0.0
0.0
0.0
0.0
-0.046745325371645725
0.0
0.017214857373468003
0.0
0.0
0.0
0.0
0.0
0.0
0.0
0.0
0.0
0.0
0.0
0.0
0.0
0.0
0.0
0.0
0.0
0.0
0.00894070822003066
0.0
0.0
0.0
0.0
0.0
0.0
0.0
0.0
0.0
0.0
0.0
0.0
0.0
0.0
0.0
-0.036992247258288195
0.0024965963539165348
0.0
-0.017057824005196207
0.0
0.0
0.0
0.0
0.0
0.0
0.0
0.0
0.0
0.0
-0.019032612612129397
0.0
0.0
0.11761094978909907
0.0
0.0
0.0
0.0
0.0
0.0
0.0
0.0
0.0
0.0
0.0
0.0
0.0
0.0
0.0
0.0
0.0
0.0
0.0
0.017949121431167205
0.0
0.0
0.0
0.0
0.0
0.0
0.0
0.0
0.0
0.0
0.0
0.0
0.0
0.0
0.042040349655794916
0.13090134372442766
0.0
0.0
0.0
0.0
0.0
0.0
0.0
0.0
0.0
0.0
0.1252919607374998
0.0
0.0
0.0
0.0
0.08858946322690779
-0.009226506945768612
0.0
0.0
0.0
0.0
0.0
0.0
0.0
0.0
0.0
0.0
0.0
0.0
0.0
0.2760266417472763
0.049269210874998914
0.0
0.055922825821878415
0.0
-0.00954420620608752
0.0
0.0
0.0
0.02605951398694276
0.0
0.0
0.0
0.0
0.08122187124494772
0.0
0.0
0.0
0.0
0.0
0.06124333871697591
0.0
0.0
0.0
0.0
0.0
0.0
0.0
0.39933527406196606
0.0
0.0
0.0
0.0
0.19773585038592473
0.0
-0.022443363318000665
0.0
0.0
0.0
0.005115082378998596
0.0
0.0
0.0
0.0
0.012127972424648806
0.0
0.0
0.0
0.0
0.0
0.0
0.0
0.0
0.0
0.19558448819484284
0.2718219219066129
0.0
0.0
0.0
0.0
0.0
0.0
0.0
0.0
0.0
0.0
0.0
0.0
0.0
0.0
0.0
0.0
0.0
0.0
0.23683027093200024
0.0
0.0
0.0
0.0
0.0
0.0
0.0
0.0
0.0
0.0
0.0
0.0
0.0
0.0
0.0
0.0
0.0
0.0
0.0
0.0
0.0
0.0
0.0
0.0
0.0
0.0
0.0
0.0025326655286183816
0.0
0.0
0.0
0.0
0.0
0.0
0.0
0.04109788582408428
0.0
0.0
0.0
0.0
0.0
0.0
0.0
0.0
0.0
0.0
0.0
0.0
0.0
0.0
0.0
0.0
0.0
0.0
0.0
0.0
0.0
0.0
0.0
0.0
0.0803860817629261
0.0
0.0
0.0
0.0
0.0
0.0
0.0
0.0
0.017665136683278602
0.0
0.0
0.019369060873756533
0.0
0.0
0.0
0.0
0.4993646809972703
0.0050660974207799095
0.0
0.0
0.0
0.0
0.0
0.0
0.0
0.025699583095125676
0.0
0.0
0.0
0.0
0.05238395967385567
0.0
0.05119146367452106
0.0
0.0
0.02292606111870388
0.0
0.0
0.0
0.0
0.0
0.0
0.0
0.0
0.0
0.0048151738150093845
-0.014685899593850719
0.0
0.0
0.0
0.0
0.0
0.0
0.0
0.0
0.0
0.0
0.0
0.0
0.0
0.0
0.0
0.0
0.0
0.38299881767157196
0.0
0.0
0.0
0.0
0.007642014826583512
0.0
0.0
0.0
0.0
0.0
0.0
0.0
0.0
0.0
0.0
0.0
0.0
0.0
0.0
0.0
0.0
0.0
0.3350178754185559
0.0
0.0
0.0
0.0
0.02858464573819502
0.0
0.0
0.0
0.09421436577089892
0.0
0.0
0.0
0.0
0.0
0.0
0.030954343297309388
0.0
0.0
0.16110440902216208
0.0
0.0
0.0
0.0
0.0
0.13662540337021323
0.0
0.0
0.0
0.0
0.0
0.0
0.0
0.0
0.0
0.0
0.0
0.0
0.0
0.0
0.0
0.0
0.0
0.0
0.0
0.03596079076349524
0.0
0.0
0.0
0.0
0.0
0.0
0.4173914636330187
0.0
0.0
0.0
0.0
0.0
0.0
0.0
0.0
0.0
0.0
0.0
0.0
0.0
0.0
0.0
0.0
0.005249230156918401
0.038135531064776615
0.03202076438891036
0.0
0.0
0.0
0.0
0.0
0.0
0.0
0.0
0.0
0.0785795898286729
0.0
0.0
0.0
0.0
0.038860145696940226
0.0
0.0
0.0918390010511954
0.0
0.0
0.0
0.0
0.0
0.0
0.0
0.02887633267043111
0.0
0.0
0.0
0.0
0.0
0.0
0.0
0.0
0.0210008920450775
0.0
0.0
0.0
0.0
0.0
0.0
0.0
0.0
0.0
0.0
0.0
0.0
0.281047629387211
0.03187093141942049
0.0
0.0
0.0
0.0
0.0
0.0793912234218322
0.0
0.0
0.0
0.0
0.0
0.0
0.0
0.0017153103200992518
0.0
0.0
0.0
0.017008004404625424
0.0
0.0
0.02968559296877713
0.0
0.0
0.0
0.0
0.0
0.0
0.0
0.024041355009549497
0.41865056701816794
0.0
0.0
0.0
0.0
0.0
0.0
0.0
0.0
0.0
0.0
0.015221929371353858
0.0
0.13666728824675373
0.0
-0.001352685618051216
0.0
0.0
0.0
0.08973541555975173
0.0
0.0
0.0
0.05683771865851016
0.0
0.03704980263065716
0.0
0.0
0.0
0.0
0.0
0.0
0.0
0.0
0.0
0.0
0.022699988499024697
0.0
0.0
0.0
0.0
0.0
0.0
0.0
0.0
0.0
0.0
0.0
0.0
0.0
0.0
0.0
0.0
0.0
0.0
0.0
0.0
0.011212630075321655
0.0
0.0
0.0
0.0
0.0
0.0
0.08977903801395422
0.05781532322754868
0.0
0.0
0.0
0.06003217626723985
0.0
0.0
0.0
0.19176231405951324
0.0
0.0
0.0
0.0
0.0
0.0
0.0
0.0
0.0
0.016279677455010737
0.0
0.0
0.022503976961756104
0.0
0.0
0.0
0.0
0.0
0.0
0.0
0.0
0.047952557876368485
0.0
0.0
0.0
0.0
0.0
0.0
0.0
0.0
0.0
0.0
0.06845503650179201
0.05887844290864266
0.0
0.0
0.002269235743632954
0.0
0.0
0.0
0.0
0.0
0.0
0.2650671743445034
0.0
0.041035542796003584
0.0
0.0
0.0
0.0
0.0
0.0
0.0
0.0
0.0
0.0
0.0
0.0020075463000522454
0.0
0.0
0.13795038448039215
0.0
0.0
0.0
0.0
0.0
0.0
0.0
0.0
0.0
0.12555662353119396
0.0
0.0
0.0
0.0
0.0
0.0
0.0
0.0
0.0
0.0
0.015057256252428883
0.0
0.0
0.0
0.0
0.0
0.0
0.0
0.0
0.0
0.0
0.0
0.0
0.0
0.0
0.15370802268967412
0.0
0.0
0.0
0.0
0.0
0.0
0.0
0.0
0.0
0.0
0.0
0.0
0.0
0.0
0.0
0.0
0.0
0.0
0.0
0.0
0.0
0.0
0.0
0.0
0.0
0.0
0.4510003194237654
0.04476296575472632
0.0
0.0
0.0
0.0
0.03437759364669183
0.00551262870024027
0.0
0.0
0.0
0.03874581519599539
0.0
0.0
0.0
0.0
0.0
0.0
0.0
0.018128715848957987
0.0
0.0
0.0
0.0
0.06633111371584677
0.0
0.0
0.0
0.0
0.0
0.0
0.0488140673433353
0.0022316226087618083
0.0
0.0
0.0
0.0
0.0
0.0
0.0
0.0
0.0
0.0
0.0
0.0
0.0
0.0
0.0
0.0
0.0
0.0
0.0
0.0
0.0
0.0
0.0
0.0
0.0
0.0
0.0
-0.018525561211436118
0.0
0.0
0.0
0.0
0.08943507175831536
0.0
0.0
0.0
0.0
0.0
0.09952767104709867
0.0
0.0
0.0
0.0
0.0
0.0
0.0
0.0
0.0
0.0
0.0
0.0
0.0
0.0
0.0
0.0
0.0
0.0
0.0
0.0
0.008991758558614274
0.0
0.0
0.0
0.0
0.16397957678910893
0.0
0.03197274312373025
0.07884210749882879
0.0
0.0
0.0
0.0
0.0
0.0
0.0
0.0
0.0
0.24829676519580554
0.0
0.0
0.0
0.004603668499922152
0.0
0.0
0.0
0.0
0.0
0.0
0.0
0.0
0.0
0.0
0.0
0.0
0.0
0.0
0.0
0.004316536865353988
0.0
0.0
0.0
0.0
0.0
0.0
0.0
0.0
0.0
0.0
0.0
0.0
0.0
0.0
0.0
0.0
0.0
0.0
0.0
0.0
0.0
0.0
0.0
0.1598847758329571
0.0
0.0
0.0
0.0
0.0
0.4054734608851295
0.20123105118496834
0.10592817837673882
0.0
0.0
0.0
0.18700119842604473
0.0
0.0
0.0
0.0
0.0
0.0
-0.04698832041068476
0.0
0.0
0.0
0.0
0.0
0.16529683432919645
0.03525603227125807
0.0
0.0
0.0
0.0
0.0
0.0
0.0
0.0
0.0
0.0
0.0
0.0
0.0
0.0
0.0
0.0
0.0
0.0
0.0
0.0
0.0
0.0
0.0
0.0
0.0
0.0
0.0
0.0
0.013901416213969975
0.0
0.0
0.0
0.01548546340616838
0.0
0.018959252044385595
0.0
0.0
0.0
0.0
0.0
0.0
0.0
0.0
0.0
0.0
0.0
0.0
0.0
0.0
0.0
0.0
0.0
0.0
0.0
0.1466922403243775
0.0
0.0
0.0
0.0
0.0
0.0
0.0
0.0
0.0
0.0
0.0
0.0
0.0
0.0
0.0
0.0
0.0
0.0
0.0
0.0
0.0
0.0
0.0
0.0
0.0
0.0
0.0
0.0
0.0
0.0
0.0
0.0
0.0
0.03122019415383724
0.0
0.0
0.0
0.0
0.0
0.051810701185125874
0.0
0.0
0.0
0.0
0.03570603931312327
0.0
0.0
0.11250234164931845
0.0
0.0
0.0
0.0
0.0
0.0
-0.04387497439235321
0.0
0.0
0.0
0.0
0.0
0.0
0.0
-0.022716680413066074
0.0
0.0
0.0
0.0
0.0
0.0
0.0
0.0
0.0
0.0
0.18288047481833014
0.0
0.0
0.0
0.0
0.0
0.004277548170179837
0.0
0.0
0.0
0.0
0.0
0.005631205586227581
0.0
0.0
0.0
-0.012066164332673114
0.05992782284407301
0.0
0.0
0.0
0.0
0.0
0.0
0.0
0.0
0.0
0.0
0.0
0.031226584539061426
0.05786366735599575
0.0
0.0
0.0
0.0
0.0
0.0
0.0
0.0
0.0
0.01128401538683199
0.0
0.0
0.0
0.0
0.0
0.0
0.0
0.0
0.0
0.0
0.0
0.0
0.0
0.0
0.0
0.0
0.0
0.0
0.0
0.04334733334802539
0.0
0.03563853221606436
0.0
0.0
0.03506106385249026
0.0
-0.013721130463264425
0.0
0.0
0.0075200961493909054
0.0
0.0
-0.020058379396237495
0.0
0.0
0.0
0.0
0.0
0.0
0.0
0.0
0.018667812368875627
0.0
0.0
0.0
-0.0474536964069451
0.0
0.0
0.0
0.0
0.0
0.0
0.0
0.0
0.0
0.0
0.0
0.0
0.0
-0.021443661692928606
0.0
0.0
0.0
0.0
0.0
0.010422960673073772
0.0
0.0
0.0
0.0
0.0
0.0
0.0
0.0
0.0
0.0
0.11179210004626881
0.0
0.0
0.0
0.0
0.0
0.0
0.04997694968149101
0.0
0.006940699504129165
0.02248061425433993
0.0
0.0
0.0
0.0
0.0
0.0
0.0
0.0
0.0
0.0
0.0
0.0
0.022511513772093383
0.01230131069229975
0.0
0.0
0.0
0.0
0.0
0.0
0.0
0.0
0.0
0.0
0.0
0.0
0.0
0.19535561362777973
0.0
0.0
0.0
0.0
0.0
0.0
0.0
0.0
0.0
0.0
0.0
0.0
0.0
0.0
0.0
0.0
0.0
0.0
0.0
0.0
0.0
0.0
0.0
0.0
0.0
0.0
0.0
0.0
0.027874873316625512
0.0
0.169054748361982
0.0
0.0
0.0
0.0
0.0019400559122213473
0.0
0.0
0.0
0.0
0.0
0.05758979345524632
0.0
0.0
0.0
0.0
0.13748274001521532
0.05332189873447673
0.0
0.06059053303485964
0.0
0.010749708486550205
-0.0005704940513927493
0.0
0.021286587056512693
0.0
0.0737356976582224
0.0
0.4093215802462663
0.0
0.1229475847837526
0.0
0.0
0.0
0.0
0.0
0.0766020573376667
0.0
0.0
0.0
0.0
0.0
0.0
0.04364067873465934
0.0
0.0
0.0
0.0
0.0
0.0
0.0
0.0
0.0
-0.0048945294207589215
0.0
0.0
0.017944416306695306
0.0
-0.010548620081445775
0.0
0.0
0.0
0.0
0.0
0.0
0.0
0.0
0.0
0.0
0.0
0.0
0.008561015868169968
0.0
0.0
0.0
0.0
0.0
0.0
0.0
0.0
0.0
0.0
0.0
0.0
0.0
0.0
0.0
0.11748205260918836
0.0
0.0
0.0
0.0
0.0
-0.013069336414182831
0.0
0.0
0.0
0.0
0.0
0.0
0.0
0.0
0.0
0.0
0.0
0.0
0.0691894161734959
0.0
0.0
0.0
0.0
-0.010400138505199791
0.0
0.0
0.0
0.0
0.0
0.0
0.0
0.0
0.0
0.009645116357059181
0.0
0.0
0.13330229322963852
0.0
0.0
0.13060457682816912
0.0
0.0
0.0
0.0
0.0
0.1233370282295093
0.0
0.0
0.0
0.0
0.2209342852832869
0.0
0.0
0.0
0.0
0.0
0.0
0.0
0.0
0.0
0.0
0.23283622654135033
0.0
0.0
0.0
0.0
0.0
0.0
0.0
0.0
0.0
0.0
0.0
0.0
0.0
0.0
0.013688146855037057
0.0
0.0
-0.01824800911102266
0.0
0.0
0.0
0.0
0.0
0.009022277162731216
0.0
0.06641561649833738
0.0
0.0
0.0
0.0
0.0
0.0
0.0
0.0
0.0
0.0
0.0
0.0
0.0
0.0
0.0
0.0
0.0
0.04849932163185678
0.0
0.0
0.0
0.0
0.0
0.0
0.0
0.03235574860958141
0.08058378834319334
0.0
0.0
0.0
0.0
0.0
0.0
0.0
0.0
0.0
0.0
0.0
0.0
0.0
0.0
0.0
0.006106116312591158
0.0
0.0
0.0
0.0
0.0
0.0
0.0
0.0
0.0
0.07412414590782215
0.014527522482682253
0.0
0.0
0.0
0.0
0.0
0.0
0.0
0.0
0.0
0.0
0.0
0.0
0.0
0.0
0.0
0.0
0.0
0.0
0.0
0.0
0.0
0.0
0.0
0.0
0.0
0.0
0.0
0.017403662356637307
0.0
0.0
0.0
0.0
0.0
0.0
0.0
0.0
0.0
0.0
-0.012806273210342356
0.0
0.0
0.0
0.05632383009731767
0.0
0.06080720112334868
0.0
0.0
0.0
0.0
0.0
0.0
0.009051306956363267
0.0
0.0
0.0
0.0
0.0
0.0
0.0
0.0324818247451908
0.0
0.0
0.0
0.0
0.0
0.0
0.0
0.0
0.0
0.0
0.0
0.0
0.0
0.0
0.022463854737950328
0.0
0.0
0.0
0.0
0.0
0.0
0.0
0.07134546945372841
0.0
0.0
0.0
0.0
0.0
0.0
0.0
0.0
0.0
0.0
0.09185002682508145
0.0
0.0
0.0
0.0
0.0
0.19557990342860662
0.0
0.0
0.0
0.07747316261999489
0.0
0.0
0.0
0.0
0.007349884849355246
0.0
0.0
0.0
0.0
0.020685594610065094
0.0
0.09306879957237628
0.009153692468628424
0.0
0.0
0.06547026507289908
0.0
0.00507428006725138
0.0
0.0
0.0
0.0
0.0
0.0
0.0
0.0
0.0
0.0
0.0
0.0
0.0
0.033423242752341695
0.0
0.0
0.0
0.030411365907642658
0.0
0.0
0.0
0.0
0.0
0.0
0.129504612437296
0.0
0.0
0.047876131484431934
0.0
0.0
0.068645197017072
-0.01636583764905621
0.0
0.01708667334582523
0.0
0.0
0.018648593346202717
0.0
0.0
0.0
0.051476038252617
0.0
0.0
0.0
0.0
0.0
0.0
0.0
0.0
0.0
0.0282416310639644
0.0
0.0
0.0
0.0
0.0
0.0
0.0
0.0
0.0
0.0
0.0
0.01303071424841145
0.0
0.0
0.0
0.03490282255625863
0.0
0.29602427789938535
0.0
0.0
-0.017465915929582514
0.0
-0.002191510911505329
0.0
0.007508140170512767
0.0
0.0
0.0
0.0
0.0
0.0
0.0
0.0
0.0
0.0
0.0
0.18472115179164889
0.0
0.019171342697005614
0.2536017556280171
0.0
0.0
0.32881972766212936
0.0
0.0
0.0
0.0
0.0
0.023049274983327653
0.0
0.0
0.01036030650711213
0.0
0.0
0.0
0.0
0.0
0.0
0.0
0.0
0.0
0.0
0.00643582368628229
0.0
0.0
0.0
0.0
0.0
0.0
0.2934607974746887
0.0
0.0
0.0
0.0
0.10099549191659048
0.0
0.0
0.0
0.0
0.0
0.0
0.06483600762724667
0.0
0.0
-0.000517778757458862
0.0
0.0
0.0
0.0
0.0
0.0
0.0
0.0
0.0
0.0
0.09592661112564398
0.0
0.0
0.0
0.0
0.0
0.0
0.0
0.0
0.0
0.037467538798884065
0.16990943094822977
0.0
0.0
0.0
0.0
0.0
0.0
0.0
0.0
0.0
0.0
0.0
-0.014396141343995285
0.0
0.030921970048277413
0.0
0.0
0.0
0.0
0.0
0.0
0.09392024165608236
0.0
0.07462599085780297
0.0
0.0
0.0
0.0
0.0
0.0
0.0
0.0
0.05730577841237004
0.0
0.0
0.0
0.0
0.05574696279613549
0.07231529013868768
0.0
0.0
0.0
0.0
0.0
0.0
0.050629385344698505
0.0
0.0
0.0
0.0
0.0
0.0
0.0
0.0
0.0
0.0
0.0
0.004550507063123938
-0.002019464934078059
0.0
0.0
0.0
0.0
0.0
0.0
0.176629344983133
0.0
0.0
0.0
0.02771410351585736
0.0
0.0
0.04083372855556287
0.0
0.0
0.0
0.0
0.0
0.0
0.0
0.0
0.0
0.0
0.0
0.0
0.0
0.0
0.0
0.0
0.0
0.0
0.0
0.0
0.0
0.0
0.0
0.0
0.0
0.014947766480628922
0.0
0.0
0.0
0.0
0.0
0.1857278552893443
0.0
0.0
0.0
0.0
0.0
0.0
0.0
0.0
0.0
0.0
0.0
0.0
0.0
0.0
0.0
-0.005457248787115275
0.0
0.0
0.0
0.0
0.0
0.0
0.0
0.0
0.0
0.0
0.0
0.0
0.0
0.0
0.0
0.0
0.0
0.0645876206946544
0.0
0.0
0.0
0.056446729192361315
0.0
0.0
0.0
0.1272721050389718
0.0
0.0
-0.01795635455746631
0.04450558610105848
0.0
0.0
0.0
0.0
0.06704614290584256
0.0
0.0
0.0
0.018648254220399653
0.0
0.0
0.0
0.0
0.0
0.0
0.061291339427653135
0.0
0.0
0.07346898129553112
0.0
0.0
0.0
0.0
-0.00017713551895408647
0.0
0.0
0.0
0.0
0.0
0.0
0.0
0.0
0.0
0.0
0.0
0.21920566867942418
0.0
0.0
0.0
0.0
0.0
0.0
0.0
0.0
0.021283635873640433
0.04786532810560978
0.0
0.0
0.0
0.0
0.0
0.0
0.0
0.0
0.0
0.0
0.06577069393109282
0.0
0.0
0.0
0.0
0.08346607464031641
0.0
0.0
0.0
0.0
0.08194342911711545
0.0
0.0
0.0
0.0
0.0
0.0
0.030858033188245353
0.08726066640047486
0.0
0.0
0.0
0.0
0.3100830941972801
0.0
0.0
0.0
0.0
0.0
0.0
0.0
0.046416963734814604
0.0
0.0
0.0
0.0
0.0
0.0
0.0
0.0
0.0
0.015631950103970605
0.0
0.0
0.0
0.0
0.0
0.020699054919762414
-0.015018061603319813
0.0
0.0
0.0
0.0
0.0
0.0
0.0
0.0
0.0
0.0
0.0
0.0
0.0
0.0
0.0
0.035284162196126054
0.0
0.0
0.0
0.06949345389856038
0.0
0.0
0.0
0.03858201127819372
0.0
0.4050435999851019
0.0
0.0
0.0
-0.004533917167162983
0.0
0.0
0.0
0.0
0.0
0.0
0.12014604463048725
0.0
0.0
0.0
0.0
0.005091411582939184
0.0
0.0
0.04752597527244028
0.0
0.0
0.0
0.0
0.30592535931277187
0.0
0.0
0.0
0.0
0.0
0.0
0.0
0.0
0.0
0.0
0.0
0.0
0.0
0.0
0.0
0.0
0.0
0.0
0.0
0.0
0.0
0.08888504830840192
0.14246516955457705
0.0
0.0
0.0
0.0
0.0
0.0
0.0
0.0
0.0
0.0
0.0
0.0
0.0
0.0
0.0
0.0
0.04995808991494448
0.0
0.0
0.0
0.0
0.0
0.0
0.0
0.0
0.02312750591884369
0.0
0.0
0.04235840730599495
0.0
0.0
0.0
0.0
0.0
0.0
0.0
0.0
0.028933672468795527
0.0
0.018446828354663457
0.0
0.0
0.0
0.0
0.0521184281142968
0.0
0.0
0.0
0.0
0.0
-0.005126610842612653
0.0
0.0
0.0
0.0
0.0
0.0
0.0
0.13926153836400995
0.0
0.0
0.0
0.0
0.0
0.0
0.0
0.0
0.0
0.0
0.0
0.0
0.04104010875430776
0.0
0.0
0.0
-0.008659949202700202
0.0
0.0
0.0
0.0
0.0
0.0
0.0
0.0
0.0
0.0
0.0
0.0
0.0
0.0
0.0
0.0
0.05650556937500824
0.0
0.0
0.04249340794281285
0.0
-0.0022538350108167486
0.0
0.0
0.0
0.0
0.0
0.0
0.0
0.0
0.0
0.0
0.0
0.0
0.0
0.0
0.0
0.0
0.0
0.0
0.0
0.0
0.0
0.0
0.0
0.0
0.0
0.0
0.0
0.0
0.0
0.0
0.0
0.05489979622508118
0.0
0.0
0.0
0.0
0.0
0.0
0.0
0.0
0.0
0.0
0.0
0.0
0.0
0.0
0.0
0.0
0.023943141905135978
0.0
0.0
0.0
0.0
0.0
0.0
0.0
0.0
0.0
0.0
0.0
0.010857233276946337
0.0
0.0
0.0
0.0
0.0
0.0
0.0
0.0
0.0
0.0
0.03066590673618647
0.0
0.0
0.0
0.07671709308744483
0.0
0.0
0.0
0.0
0.0
0.0
0.04017613105724298
0.0
0.0
0.0
0.0
0.0
0.0
0.0
0.0
0.0
0.0
0.0
0.0
0.0
0.0
0.0
0.0
0.0
0.0
0.0
0.0
0.0
0.0
0.0
0.0
0.0
0.0
0.0
0.0
0.0
0.0
0.0
0.0
0.0
0.21803205021322916
0.0
0.0939276868454289
0.08894147816893871
0.0
-0.004913201139523071
0.003816939078736515
0.06781474033418583
0.05333374967470893
0.02369120221629233
0.0
0.0
0.0
0.0
0.13307860909900338
0.11093955639529912
0.0
0.0
0.0
0.0
0.0
0.0
0.0
0.0
-0.0006663080690099749
0.0
0.0
0.0
0.0
0.0
0.0
0.0
0.0
0.0
0.0
0.0
0.02647850463569648
0.0
0.0
0.0
0.0
0.0
0.0
0.09072770929650287
0.0
0.0
0.0
0.0
0.0
0.0
0.0
0.057151044367507384
0.0
0.0
0.05928992362669684
0.0
0.0
0.0
0.0
0.024553523185575236
0.0
0.0
0.016803555614177824
0.0
0.03947044757376555
0.0
0.0
0.21402571637489445
0.003046410908340487
0.0
0.0
0.0
0.0
0.0
0.0
0.0
0.0
0.0
0.0
0.0
0.0
0.0
0.044579018649361105
0.0
0.0
0.0
0.0
0.0
0.0
0.0
0.0
0.0
0.07346983265380327
0.0
0.0
0.0
0.0
0.0
0.0
0.0
0.0
0.0
0.0
0.0
0.03004916612276105
0.0
0.0
0.0
0.0
0.0
0.0
0.07129475634874348
0.0
0.0
0.0
0.0
0.0
0.0
0.018695267582001934
0.0
0.12535892893291475
0.0
0.0
0.0
0.0
0.0
0.0
0.0
0.0
0.0
0.0
0.0
-0.0001341034039483462
0.0
0.0
0.17446917802233675
0.0
0.0
0.0
0.0
0.0
0.0
0.0
0.0
0.0
0.0
0.0
0.0
0.0
-0.013984417709388578
0.0
0.0
0.0
0.0
0.0
0.0
0.0
0.0
0.0
0.0
0.0
0.0
0.0
0.0
0.0
0.0
0.0
0.0
0.0
0.0
0.09924578371276063
0.0
0.0
0.2400804850280208
0.0
0.0
0.0756107843863824
-0.00637021721649476
0.0
0.0
0.0
0.0
0.0
0.0
0.0
0.0
0.0
0.0
0.0
0.0
0.0
0.0
0.0
0.0
0.0
0.0
0.0
0.0
0.0
0.0
0.06918305303304573
0.0
0.0
0.0
0.17009172467006894
0.18084761092450996
0.0
0.0
0.0
0.0
0.0
0.0
0.013643462489142413
0.0
0.0
0.0
0.010479297780589212
0.0
0.0
0.0
0.1160114870620687
0.0
0.0
0.0
0.0
0.0
0.0
0.0
0.0
0.0
0.0
0.0
0.0
0.3783168726840642
0.0
0.022048704958478518
0.0
0.0
0.0
0.0
0.24429970411534538
0.0
0.0
0.0
0.0
0.0
0.024828120688037997
0.0
0.03446306768598451
0.0
0.00974323219321324
0.0
0.0
0.0
0.0
0.0
0.0
0.021223328209069775
0.0
0.0
0.0
0.03710797996832121
0.0
0.0
0.0
0.0
0.0
0.0
0.0
0.0
0.0
0.0
0.0
0.0
0.0
0.0
0.0
0.29984174755192966
0.0
0.0
0.0
0.0
0.0
0.024532194452188044
0.0
0.0
0.025419467587584614
0.0
0.0
0.0
0.0
0.06878775253146226
0.01899505584950759
0.0
0.0
0.0
0.0
0.0
0.0
0.0
0.22724457933378017
0.0
0.0
0.04696711002789156
0.03472908175433761
0.0
0.0
0.003693469654300816
0.0
0.0
0.0
0.0
0.0
0.0
0.0
0.0
0.0
0.0
0.0
0.0
0.01843531032644203
0.44996690231593023
0.0
0.0
0.0
0.0
0.0
0.0
0.006742447167278186
0.0
0.0
0.0
0.11099187373781393
0.0
0.0
0.0
0.0
0.0
0.0
0.0
0.0
0.0
0.0
0.0
0.0
0.0
0.011637062384804643
0.0
0.0
0.0
-0.014416038893659507
0.0
0.0
0.0
0.019671767124566055
0.0
0.0
0.0
-0.004831852641631398
0.0
0.0
0.0
0.0
0.0
0.04823635782875988
0.0
0.0
0.0
0.0
0.0
0.0
0.0
0.0
0.0
0.0
0.0
0.0
0.0
0.0
0.0
0.0
0.0
0.0
0.0
0.0
0.0
0.0
0.0
0.014845370776748898
0.0
0.06557724011532205
0.0
0.0
0.0
0.0
0.0
0.0
0.0
0.0
0.0
0.0
0.0
0.0
0.0
0.2463795399583441
0.03031925289311208
0.0
0.0
-0.010723990587173854
0.018163236009659224
0.0
0.0
0.0
0.010661827893417736
0.0
0.008150038598224236
0.0
0.0
0.003844235692924102
0.0
0.0
0.0
0.0
0.0
0.0
0.0
0.0
0.0
0.020016115851175114
0.0
0.0
0.0
0.0
0.0
0.0
0.0
0.0
0.11374048173460931
0.0
0.0
0.0
0.0
0.0
-0.02552913812368707
0.0
0.0
0.0
0.0
0.0
0.0
0.0
0.0
0.0
0.0
0.0
0.0
0.0
0.0
0.0
0.0935470738432103
0.0
0.0
0.01704398958846877
0.0
0.12760971306037794
0.0
0.0
0.0
0.0
0.0
0.0
0.0
0.0
0.0073693918786798505
0.0
0.0
0.0
0.0
0.0
0.0
0.0
0.0
0.06796298406631418
0.0
0.0
0.0
0.0
0.0
0.0
0.0
0.0
0.0
0.013928138750712265
0.0
0.0
0.0
0.0
0.0
0.022359056570256684
0.0
0.0
0.0
0.03426435532720937
0.0
0.0
0.0
0.0
0.0
0.0
0.0476235684883915
0.21344595754842186
0.0
0.0
0.0
0.0
0.09411583404942925
0.0
0.0
0.0
0.007015337844221512
0.13640974641786163
0.0
0.0
0.0
0.1291622080015833
0.0
0.0
0.0
0.0
0.0
0.0
0.0
0.0
0.0
0.0
0.0
0.0
0.0
0.0
0.0
0.0
0.0
0.0
0.0
0.15876700567123234
0.0
0.0
0.0
0.02036327113244222
0.0
0.0
0.0
-0.00854584158114431
0.0
0.0
0.0
0.0
0.0
0.0
0.0
0.0
0.0
0.0
0.0
0.0
0.0
0.0
0.0
0.0
0.0
0.0
0.0
0.0
0.0
0.0
0.0
0.19408253237927836
0.0
0.0
0.0
0.0
0.03193228644182577
0.0
0.0
0.0
0.0
0.0
0.0
0.0
0.0
0.0
0.0
0.05847090090726765
0.0
0.0
0.0
0.0
0.0
0.2702195895385255
0.0
0.0
0.0
0.0
0.0
0.0
0.0
0.0
0.02207110166480024
0.0
0.0
0.0
-0.026279979924632203
0.0
0.0
0.36175748440790173
0.0
0.0
0.0
0.009846338930716224
0.0
0.0
0.0
0.0
0.0
0.1655642831904342
0.0
0.0
0.0018283488294584533
0.0
0.0
0.0
0.0
0.0
0.0
0.0
0.0
0.0
0.0
0.0
0.0
0.0
0.0
0.0
0.0
0.0
0.0
0.0
0.0
0.0
0.0
0.0
0.006071469932000335
0.0
0.02133357855311277
0.0
0.08817259883434427
0.0
0.0
0.0
0.0
0.0
0.018829226463762623
0.2101514582041965
0.0
0.0
0.0
0.0
0.0
0.0
0.0
0.0
0.022904462124503974
0.0
0.0
0.0
0.2985026630776525
0.0
-0.007330572868622683
0.04320020688321589
0.0
0.006467818210457711
0.0
0.0
0.0
0.0
0.0
0.02855472222978364
0.0
0.0
0.0
0.0
0.0
0.013163292318891929
0.0
0.0
0.0
0.0
0.0
0.0
0.0
0.0
0.0
0.024526877132116667
0.0
0.0
0.0
0.0
0.0
0.0
-0.009992090976546287
0.0
0.0
0.17271662493073586
0.0
0.0
0.0
0.0
0.0
0.0
0.0
0.0
0.0
0.0
0.0
0.0
0.0
0.0
0.0
0.0
0.0
0.0
0.03703642131379003
0.0
0.0
0.0
0.0
0.0
0.0
0.0
0.0
0.0327723429661841
0.04498527703045353
0.3765366982847973
0.0
0.0
0.05325431991092895
0.0
0.05945009969026371
0.0
-0.029067186425367243
0.030980762602008518
0.0
0.0
0.0
0.049277427002674526
0.0
0.0
-0.03370502221562253
0.0
0.0
0.0
0.0
0.0
0.0
0.0
0.0
0.0
0.030730727987615933
0.0
0.0
0.0
0.05558209913662781
0.0
0.0
0.0
0.0
0.01817113316548432
0.0
0.0
0.0
0.0
0.0
0.0
0.0
0.08141369392659657
0.0
0.0
0.06993015288258073
0.0
0.0
0.0
0.0
0.0065635980994814104
0.0
0.0
0.0
0.0
0.0
0.0
0.0
0.0
0.07593896507345041
0.0
0.004883893093927857
0.0
0.0
0.0
0.0
0.0
0.0
0.1899762997142713
0.0
0.0
0.0
0.0
0.0
0.05079230785144712
0.017052517269698884
0.0
0.0
0.0
0.0
0.0
0.0
0.0
0.0
0.0
0.0
0.0
0.0
0.0
0.0
0.0
0.0
0.0
0.0
0.0
0.0
0.0
0.0
0.0
0.0
0.0
0.02220689040515878
0.0
0.0
0.0
0.0
0.0
0.024503455054956755
-0.0054419191692737885
0.0
0.0
0.0
0.062074752493755124
0.0
0.0
0.0
0.0
0.026677739150785963
0.02213941180535579
0.09438419337797017
0.0
0.0
0.0
0.005603052235837385
0.0
0.0
0.0
0.0
0.10432376488462945
0.0
0.0
0.0
0.0
0.0
0.0
0.0
0.05402818836525397
0.0
0.0
0.0
0.0
0.0
0.0
0.0
-0.0026572468180304366
0.0
0.0
-0.02532806325804976
0.0
0.0
0.0
0.034428711070067314
0.0
0.0
0.0
0.09217634866410163
0.0
0.0
0.0
0.0
0.0
0.0
0.0
0.0
0.0
0.0
0.0
0.0
0.0
0.0
0.0
0.0
0.0
0.0
0.0
0.0
0.0
0.438081601890426
0.0
0.029454543678031766
0.0
0.0
0.0
0.0
0.0
0.0
0.0
0.0
0.0
0.0
0.0
0.10853636462029062
0.0
0.0
0.005357333466336381
0.0
0.15135125835586102
0.0
0.0
0.0
0.0
0.0
0.0
0.2798967783606041
0.0
0.0
0.0
0.0
0.0
0.021465849653350254
0.0
0.0
0.0
0.0
0.0
0.020800039290076584
0.0
0.0
0.0
0.0
0.0
0.0
0.0
0.0
0.0
0.0
0.0
0.0
0.0
0.0
0.0
0.0
0.0
0.0
0.0
0.022583732756595958
0.0
0.010612072795388347
0.0
0.0
0.0
0.0
0.0
0.0
0.0
0.0
0.0
0.0
0.0
0.0
0.15071034387854745
0.0
0.0
0.0
0.0
0.1326312932603565
-0.041283653962438396
0.0
0.0
0.0
0.16494151021408213
0.008146763657535578
0.0
0.0
0.0
0.0
0.0
0.0
0.0
0.0
0.0
0.0
0.0
0.0
0.0015635619058439632
0.0
0.0
0.0
0.0
0.0
0.0
0.0
0.0
0.0
0.0
-0.031297578436716836
0.0
0.0
0.0
0.07393410935227489
0.0
0.0
0.0
0.0
0.0
0.0
0.07185291883089867
0.0
0.0
0.0
0.0
0.0
0.0
0.0
0.0
0.0
0.0
0.18548814404797756
0.0
0.03309631746308582
0.0
0.06636292025677487
0.0
0.0
0.0
0.0
0.0
0.0
0.0
0.16240962231716713
0.23275989934608293
0.0
0.0
0.0
0.0
0.0
0.0
0.0
0.0
0.0
0.0
0.00553439662504627
0.0
0.0
0.0
0.0
0.0
0.0
0.0372202610195632
0.0
0.0
0.0
0.0
0.12011536089683592
0.0
0.0
-0.02993575697237236
0.026327906391734327
0.0
0.24352133910467394
0.0
0.0
0.0
0.0
0.0
0.0037928754211862927
0.0
0.0
0.0
0.0
0.0
0.0
0.0
0.0
0.0
0.0
0.0
0.0
0.0
0.0
0.11786490782871699
0.0
0.0
0.0
0.0
0.0
0.0
0.0
0.26040719803751344
0.0
0.0
0.0
0.4668488264506312
0.15648556063535787
0.0
0.0
0.0
0.0
0.0
0.0
0.06016153013954597
0.0
0.030606421070102842
0.05076417510759118
0.0207133354845246
0.09470951261675685
0.0
0.0
0.0
-0.0124760479367194
0.0
0.0
0.0
0.0
0.021280718952605047
-0.011347150171043116
0.0
0.0
0.026660105776702026
0.0
0.0
0.0
0.0
0.0
0.0
0.0
0.0
0.0
0.0
0.0
0.0
0.0
0.0
0.0
0.0
0.0
0.0
0.0
0.0
0.0
0.0
0.0
0.0
0.0
0.0
0.0
0.3843202215277297
0.0
0.0
0.0
0.0
0.04678579464112946
0.0
0.0
0.0
0.0
0.0
0.0
0.267732782376784
0.0
0.0
0.0
0.0
0.0
