0.0
0.0
0.0
0.0
0.0
0.0
0.0
0.0
0.0
0.0
0.0
0.0
0.0
0.0
0.0
0.0
0.0
0.0
0.0
0.0
0.0
0.0
-0.017691116408115434
0.0
0.0
0.0
0.027538426031797868
0.0
0.0
0.0
0.0
0.0
0.0
0.0
0.0
0.0
-0.019556742792092508
0.0
0.0
0.0
0.0
0.0
0.0
0.0
0.0
0.0
0.0
0.0
0.0
0.0
0.0
0.0032363788023046253
0.0
0.0
0.0
0.0
0.0
0.0
0.0
0.0
0.0
0.0
0.0
0.0
0.0
0.0
0.0
0.0
0.0
0.0
0.0
0.0
0.0
0.0
0.0
0.0
0.0
0.0
0.0
-0.016205599461486076
0.0
0.0
0.0
-0.003083985073319294
0.01123273553219216
0.0
0.0
0.0
0.0001289662205226391
0.0
0.0
0.0
0.0
0.0
0.0
0.0
0.0
0.0
0.0
0.0
0.0
0.0
0.0
0.0
0.0
-0.004951875110780682
0.0
0.0
0.0
0.0
0.0
0.0
0.0
0.003599282484012962
0.0
0.0
0.0
0.0
0.012383740596910596
0.0
0.0
0.0
0.0
0.021929159664942494
0.0
0.0
0.0
0.0
0.0
0.0
0.0
0.0
0.0
0.0
0.0
0.0
0.0
0.0
0.0
0.0
0.0
0.0
0.0
0.0
0.0
0.0
0.0
0.0
0.0
0.0
0.0
-0.020028193353768944
0.01970117076674751
0.0
0.0
0.0
0.05310493876681202
0.0
0.0
0.0
0.0
0.0
0.03578778611328664
0.0
0.0
0.0
0.0
0.0
0.03707756579421454
0.0
0.0
0.03557099176264791
0.0
0.0
0.0
0.0
0.0
0.0
0.0
0.0
0.0
0.0
0.0
0.020320467489246374
0.0
0.0
0.0
0.0
0.0
0.0
0.0
0.0
0.0
0.0
0.0
0.03098865255194084
0.0
0.010153336061470104
0.0
0.0
0.0
0.0
0.0
0.0
0.01525107198283141
0.0
0.0
0.0
0.0
0.0
0.0
0.0
0.0
0.0
0.0
0.0
0.0
0.0
0.0
0.0
0.049340102893302824
0.0
0.0
0.0
0.0
0.0
0.0
-0.005343648739121814
0.0
0.0
0.0
0.0
0.009549954750829948
0.0
0.0
0.0
0.0
0.041500380489782135
0.0
0.0
0.0
0.0
0.0
0.0
0.0
0.028876760132585857
0.0
-0.01370845392959103
0.062173034996575935
0.0
0.0
0.0
0.0
0.0
0.0
-0.02254679205627899
0.0
0.03578242549326162
0.0
0.0026032066122791504
0.0
0.0
0.0
0.0
0.022300527658978452
0.0
0.0
0.0
0.0
0.0
0.0
0.0
0.0
-0.011121499260841751
0.0
0.0
0.0
0.0
0.0
0.0
0.0
0.0
0.0
0.0
0.0
0.0
0.0
0.0
0.0
0.007430687736439831
0.0
0.0
0.0
0.0
0.0025172804908401443
0.0
0.0
0.0
0.0
0.053100261566944404
0.0
0.0
0.0
0.0
0.0
0.0
0.0
0.0
0.0
0.0
0.01994812692009234
0.0
0.0
0.0
0.0
0.0
0.0007706961120661124
0.0
0.0
0.0
0.0
0.00915607757670991
0.0
0.0
0.0
0.0
0.0
0.0
0.0
0.0
0.0
0.0
0.0
0.0
0.0
0.0
0.037425817590869735
0.0
0.0
0.0
0.0
0.0
0.0
0.0
0.0
0.03674067111018757
0.0
0.0
0.0
0.0
0.0
0.0
0.05433187750627874
0.0
0.0
0.0
0.0
0.0
0.0
0.0
0.0
0.011376717734167726
0.0
0.0
0.050233351017641543
0.0
0.0
-0.0014603533697011284
-0.021611364992775592
0.0
0.0
0.0
0.0
0.0
0.0
0.0
0.0
0.0
0.0
0.0
0.0
0.0
0.0
0.0
0.0
0.0
-0.0012790805294752533
0.0
0.0
0.0
0.00032770141303145736
0.04622237594999941
0.0
0.0
0.0
0.0
0.0
0.0
0.0
0.0
0.0
0.0
0.0
0.005982669205401837
0.0
0.0
0.0
0.0
0.0
0.0
0.0
0.0
0.03687096925458095
0.0
0.0
0.0025007282515625796
0.0
0.0
0.002660012181022449
5.520354642585779e-5
0.0
0.0
0.05214257886986365
-0.01029627208138333
0.0
0.0
0.0
0.0
0.008187265155321958
0.0
0.0
0.0
0.0
0.0
0.0
0.0
0.0
0.0
0.0
0.0
0.0
0.0
0.0
0.0
0.0
0.0
0.0
0.0
0.0
0.0
0.0
0.0
0.0
0.0
0.0
0.0
0.0022200221743487966
0.0
0.0
0.0
0.0
0.0
0.0
0.011586494209294194
0.0
0.0
0.0
0.0
0.0
0.0
0.0
0.0
0.0
0.013381396921745094
0.0
0.03538883594170809
0.0
0.0
0.0
0.0
0.0
0.0
0.0
0.0
0.0
0.0
0.0
0.0
0.0
0.0
0.0
0.0
0.0
0.0
0.0
0.0
0.0
0.0
0.0
0.0
0.0
0.0
0.0
0.007759222976813629
0.01446614368062476
0.0
0.0
0.0
0.0
0.0
0.0
0.0
0.0
0.0
0.0
0.0
0.0
0.0
0.0
0.0
0.0
0.0
0.0
0.0
-0.00960247912484969
0.0
0.0
0.0
0.004647274378002415
0.0
0.0
0.0
0.0
0.0
0.0
0.0
0.0
0.0
0.0
0.0
0.0
0.0
0.0
0.0
0.0
0.0
0.0
0.0261343299785203
0.0
0.0
0.0
0.0
0.0
0.0
0.0
0.0
0.0
-0.0059113854898606745
-0.00114547464413507
0.0
-0.00026767693770720757
0.034500152245083106
0.012616327228070686
0.0
0.0
0.0
0.033034356654673774
0.0
0.0
0.0
0.0
0.0
0.04768547464375365
0.009106137483671088
0.0
0.0
0.0
0.0
0.0
0.0
0.0
0.0
0.0
0.0
0.0
0.0
0.0
0.0
0.008794564237433999
0.0
0.0
0.0
0.0
0.0
0.0
0.01686515504905674
0.0
-0.02045216509772802
0.0
0.0
0.0
0.0
0.0
0.0
0.0
0.0
0.0
0.0
0.0
0.0
0.0
0.0
0.0
0.0
0.0
0.0
0.0
0.0
0.0
0.0
0.0
0.0
0.0
0.0
0.0
0.0
0.0
0.0
0.021290938581053284
0.0
0.0
0.0
0.0
0.0
0.0
0.0
0.012652747040979245
0.0
0.0
0.0
0.0
0.0
-0.03263771205519139
0.0
0.0
0.0
0.0
0.0
0.0
-0.013063858261780636
0.0
0.0
0.0
0.0
0.0
0.0
0.0
0.0
0.0
0.0
0.0
0.0
0.0
0.0
0.0
0.0
0.0
0.0
0.004620696943849296
0.0
0.0
0.0
0.0
0.0
0.0
0.0
0.0
0.0
0.0
0.0
0.0
0.0
0.0
0.0
0.0
0.0
0.0
0.0
0.0
0.0
0.0
0.0
0.0
0.0
0.0
0.0
0.0
0.0
0.0
0.0
0.0
0.027728642875359737
0.0
0.0
0.0
0.010086015392170381
0.0
0.0
0.0
0.0
0.0
0.0
0.0
0.0
0.0
0.0
0.0
0.0
0.0
0.0
0.0
0.0
0.0
0.0
0.0
0.0
0.0
0.0
0.03413439704757775
0.0
0.0
0.0
0.0
0.0
0.0
0.0
-0.016578568369750107
0.0
0.0
0.03827539365882725
0.0
0.0
0.0
0.0
0.005669138837320251
0.0
0.0
0.04221941067104945
0.05069710605828384
0.0
0.0
0.005983235432159514
0.0
0.0
0.0
0.0
0.0
0.0
0.0
0.0
0.0
0.014577948693515962
0.0
0.0
0.0
0.0
0.0
0.0
0.013211279152103232
0.0
0.0
0.0
0.0
0.0
0.0
0.0
0.0
0.0
-0.009989360383683936
0.0
0.06735243765487277
0.0
0.0
0.0
0.0
0.0
0.00802919471153228
0.0
0.0
0.0
0.0
0.0
0.0
0.0
0.0
-0.021405846410780686
0.0
0.0
0.011746339658760737
0.0
0.0
0.0
0.0
0.0
0.0
0.0
0.0
0.0
0.0
0.0
0.0
0.0
0.0
0.004721835588361408
0.0
0.0
0.0
0.0
0.0
0.0
0.0
0.0
0.0
0.0
0.0
0.0
0.0
0.0
0.0
0.0
0.0
0.0
0.0
0.0
0.0
0.0
0.0
0.0019680677716955885
0.0
0.027098972551641006
0.0
0.0
0.0
0.0
0.0
0.0
0.0003740628789155711
0.0
0.0
0.0
0.0
0.0
0.0
0.0
0.0
0.0
0.0
0.0
0.0
0.0
0.0
0.0
0.0
0.0
0.0
0.0
0.0
0.0
0.0
0.0
0.0
0.0
0.020429746404352165
0.0
0.0
0.0
0.0
0.0
0.0
0.0
0.0
0.0
0.0
0.0
0.0
0.0
0.0
0.0
0.0
0.0
0.0
0.0
0.0
0.020068782353637276
0.0
0.0
0.0
0.0
0.0
0.0
0.0
-0.01891391120802693
0.0
0.0
0.0
0.0
0.0
0.0
0.0
0.0
0.0
0.0
0.0
0.0
0.0
0.0
0.0
0.0
0.0
0.0
0.0
0.0
0.0
0.0
0.0
0.0
0.0
0.0
0.0
0.0
0.0
0.0
0.0
0.0
0.0
0.0
0.0
0.0
0.0
0.0
0.0013763147878981493
0.0
0.0
0.0
0.0
0.0
0.0
0.0
0.0
0.0
0.0
0.009657504809110271
0.0
0.0
0.0
0.03241127609122823
0.0
0.0
0.0
0.0
-0.010823462756120743
0.0
-0.0031057903960738683
0.0
0.0
0.0
0.0
0.0
0.0
0.0
0.0
0.0
0.0
0.0
0.0
0.0
0.0
0.0
0.0
0.0
0.0
0.0
-0.006263238208492101
0.0038841654862970627
0.0
0.0
0.0
0.0
0.0
0.0
0.0
0.0
0.0
-0.003967354286005372
0.01725001926578356
0.0
0.0
0.0
0.0
0.0
0.0
0.0
0.0
0.0
0.0
0.0
0.0
0.0
0.0
0.0
0.0
0.0
0.010458813027715272
0.0
0.0
0.0
0.0
0.0
0.0
0.0
0.0
0.0
0.0
0.0
0.0
0.017860991398766474
0.0
0.0
-0.008255695976785823
0.0
0.0
0.0
0.0
0.0
0.0
0.0
0.0
0.0
0.0
0.0
0.0
0.0
0.0
0.0
0.0
0.0
0.0
0.0
0.0
0.0
0.0
0.0
0.0
0.0
0.01840238617020833
0.0
0.0
0.0
-0.0001227008694990856
0.0
0.027262874370989218
0.0
0.0
0.0
0.0
0.0
0.0
0.0
0.0
0.024690521196313965
0.03306056380978592
0.0
0.0
0.0
0.0
0.0
0.0
0.0
-0.007737422762254683
0.0
0.0
0.0
0.0
0.0
0.0
0.0
0.0
0.0
0.0
0.0
0.0
0.0
0.0
0.0
0.039361874850685194
0.0
0.0
0.0
0.0
0.0
0.0
0.0
0.0
0.0
0.0
0.0
0.0
0.0
0.0
0.0
0.0
0.03334999020969293
0.0
0.0
0.0
0.0
0.023462122576914067
0.0
0.0
0.0
0.0
0.0
-0.01840292692531525
0.0
0.0
0.0
0.0
0.0
0.0
0.0
0.0
0.0
0.0
0.03529520876306959
0.0
0.0
0.0
0.0
0.017207915713805463
0.0
0.0
0.0
0.0
0.0
0.0
0.0
0.0
0.0
0.0
0.03327131163178454
0.0
0.0
0.0
0.0
0.0
-0.00343935515308438
0.0
0.0
0.0
0.0
0.0
0.0
0.0
0.0
0.0
0.0
0.0
0.0
0.0
0.0
0.0
0.0
0.0
0.0
0.0
0.0
0.0
0.0
0.0
0.0
0.0
0.0
0.0
0.02631028746439348
0.0
0.0
0.0
0.0
0.0
0.0
0.0
0.0
0.0
0.0
0.0
0.0
0.0
0.0
0.0
0.0
0.0
0.0
0.0
0.0
0.0
0.0
0.02051933532178807
0.0
0.0
0.0
0.0
0.0
0.0
0.0
0.0
0.0
0.0
0.0
0.0
0.0
0.0
0.0
0.0
0.0
0.0
0.0
0.0
0.0
0.010291285024843977
0.0
0.0
0.0
0.0
0.0
0.0
0.0
0.0
0.0
0.0
0.0
0.0
0.0
0.0
0.0
0.0
0.023071291909237537
0.0
0.0
0.0
0.0
0.0
0.0
-0.013250328365199874
0.0
0.0
0.0
0.0
0.0
0.0
0.007214116108944737
0.0
0.0
0.02814646718974219
0.0
0.0
0.0
0.0
0.0
0.0
0.0
0.0
0.0
0.009861687267720654
0.0
0.0
0.0
0.0
0.0
0.0
0.0
0.0
0.0
0.0
0.0
0.0
0.0
0.0
0.0
0.0
0.0
0.0
0.0
0.0
0.0
0.011848501166725848
0.0
0.0
0.0
0.0
0.0
0.017560042304090282
0.04210595499530768
0.0
0.0
0.0
0.0
0.0
0.0
0.0
0.0
0.0
-0.0011003711714296233
-0.0038791162408939365
0.0
0.0
0.0
0.0
0.0
0.0
0.0
0.0
0.0
0.0
0.0
0.0
0.0
0.0
0.0
-0.009647026469751897
0.0
0.0
0.0
0.0
0.0
0.0
0.0
0.0
0.007909322599597163
0.0
0.0
0.0
0.0
0.0
0.0
0.0
0.0
0.0
0.0
0.0
0.0
0.0
0.0
0.0
0.0
0.0
0.013457001576145234
0.0
0.0
0.0
0.0
0.0
0.0
0.0
0.0
0.0
0.0
0.0
0.0
0.0
0.0
0.0
0.0
0.0
0.0
0.0
0.01121839784556156
0.0
0.0
0.0
0.0
0.0
0.04406752742685107
0.0
0.0
0.0
0.03500017995834036
0.0
0.0
0.0
0.0
0.0
-0.0069272450763360836
-0.002904066142512537
0.0
0.0
0.0
0.0
0.0
0.0
0.005774627051531756
0.0
0.0
0.0
0.0
0.0
0.011496469671815491
0.0
0.0
0.0
0.0
0.0
0.0
0.0
0.0
0.0
0.0
0.0
0.0
0.0
0.0
0.027594795399102943
0.011196968622294313
-0.008620063967634657
0.0
0.0
0.0
0.0
0.0
0.0
0.0
0.0
0.0
0.0
0.0
0.0
0.0
0.0
0.06490916173376741
0.022313418595949867
0.0
0.0
0.0
0.0
0.0
0.0
0.0
0.0
0.0
0.0
0.0
0.0
0.0
-0.003032009421795262
0.0
0.0
0.0
0.0
0.014629259035040896
0.0
0.0
0.0
0.0
0.0
0.0
0.0
-0.006980709340830332
0.0
0.06747386710792516
0.0
0.0
0.0
0.0
0.0
-0.0050297387754376435
0.0
0.0
0.0
0.0
0.0
0.0
0.016627219239926924
0.03955066289824523
0.0
0.0
0.0
0.0
0.0
0.0
0.0
0.0
0.006779337017171467
0.0
0.0
0.0
0.0
0.0
0.0
0.0
0.0
0.0
0.0
0.0
0.0
0.0
0.0
0.0
0.0
0.0
0.013703445349837131
0.0
0.0
0.0
0.0
0.012726619014160155
0.0
0.0
0.0
0.0
0.0
0.0
0.0
0.0
0.0
0.0
0.0
0.0
0.0
0.0
0.0
0.0
0.0
0.0
0.0
0.0
0.0
0.0
0.0
0.0
0.0
0.0
0.0
0.0
0.0
0.0
0.05908623013731875
0.0
0.0
0.0
0.0
0.0
0.0
0.03024030755779411
0.0
0.01961472833347245
0.0
0.0
0.0
0.0
0.0
0.0
0.0
0.0
0.0
0.0
0.0
0.015277889651821721
0.030133703817244846
0.0
-0.011923808906638845
0.0
0.0
0.0
0.0
0.0
0.0
0.0
0.0
0.0
0.0
0.0
0.004594724971943281
0.0
0.0
0.0
0.0
0.0
0.0
0.0
0.0
0.0
0.0
0.0
0.0
0.0
0.0
0.014244252630888342
0.0
0.0
0.0
0.0
0.0
0.0
0.0
0.0
0.0
0.0
0.0
0.033115351947370614
0.0
0.03208145836453239
0.0
0.0
0.0
0.0
0.0013154231034309325
0.0
0.0
0.0
0.0
0.0
0.0
0.0
0.0
0.0
0.0
0.0
0.0
0.0
0.0
0.0
0.0
0.0
0.0
0.0
0.0
0.0
0.0
0.0
0.004325009665804511
-0.020806654033429788
0.0
0.0
0.0
0.0
0.0
0.0
0.0
0.0
0.0
0.0
0.0
0.0
0.0
0.0
0.009249204308052357
-0.006375924945118938
0.0
0.0
0.0
0.0
0.0
0.0
0.0
0.0
0.0
0.0
0.0
0.0
0.0
-0.026167096382554423
0.0
0.0
0.0
0.0
0.0
0.0
0.0
0.0
0.0
0.0
0.0
0.0
0.0
0.005106249407069589
0.0
0.0
-0.006159580202802456
0.0
0.0
0.0
0.0
0.0
0.0
0.0
0.0
0.0
0.0
0.0
0.0
0.0
0.0
0.0
0.0
0.0
0.0
0.0
0.0
0.0
0.0
0.0
0.0
0.0
0.0
0.0
0.0
0.0
0.0
0.0
0.0
0.02974199535542363
0.0
0.0
0.0
0.0
0.0
0.0
0.0
0.0
0.0
0.0
0.0
0.0
0.008865117723001524
0.0
0.0
0.0
0.03566563841106641
0.0
0.000605844608667888
0.017991462942114872
0.0
0.0
0.0
0.0
0.0
0.0
0.0
0.0
0.0
0.0
0.0
0.0
0.0
0.0
0.0
0.0
0.0
0.0
0.0
0.0
0.0
0.0
0.0
0.0
0.0
0.0
-0.0037672871947062644
0.0
0.0
0.0
0.0
0.0
0.0
0.0
0.0
0.0
0.0
0.0
0.0
0.0
0.0
0.0
0.0
0.0
0.0
0.0
0.0
0.0
0.0
0.0
0.0
0.0
0.0
0.0
-0.028493375870564226
0.0
0.0
0.016934797965556997
0.0
0.0
0.0
0.0
0.0
0.0
0.0
0.0
0.0
0.0
0.0
0.0
0.0
0.0
0.0
0.0
0.0
0.0
0.0
0.0
-0.020597629647346086
0.0
0.003940154127608162
0.0
0.0
0.0
0.0
0.0
0.0
0.0
0.0
0.0
0.0
0.0
0.0
0.0
0.01241483299042616
0.0
0.0
0.0
0.0
0.0
0.03327118551243573
0.0
0.0
-0.0008691154624936678
0.0
0.0
0.0
0.0291034241258331
0.0
0.0
-0.0017324250629800757
0.0
0.0
0.0
0.0
0.0
0.0
0.025763446833351467
0.0
0.0
0.0
0.0
0.0
0.03029111962338901
0.0
0.0
0.0
0.0
0.0
0.0
0.0
0.004889091656579697
0.0
0.0
0.0
0.0
0.0
0.0
0.0
0.0
0.0
0.03640874462317274
0.0
0.0
0.0
0.018060741775461638
0.0
0.0
0.0
0.0
0.0
-0.001140589026072721
0.0
0.0
0.0
0.0
0.0
0.0
0.0
0.0
0.0
-0.006972117895258539
0.0
0.0
0.022283859534361558
0.0
0.00955235539574175
0.0
0.0
0.0
0.032417231058553826
0.0
0.0
0.0
0.0
0.0
0.0
0.03412475406284196
0.0
0.0
0.0
0.01138340433150544
0.0
0.013071564586142828
0.0
0.0
0.0
0.0
0.0
0.0
0.0
0.0
0.0
0.0
0.0
0.0
0.018956416286895438
0.0065535066153771864
0.0
0.0
0.0
0.0
0.0
0.0
0.02525577881727128
0.0
0.0
0.0
0.0
0.0
0.0
0.0
0.0
0.0
0.0
0.0
0.0
0.0
0.0
0.0
0.0
0.0
0.0
0.0
0.0
0.0
0.0
0.0
0.0
0.0
0.0
0.0
0.0
0.0
0.0
0.0
0.0
0.0
0.0
-0.02182354880963852
-0.0072076142685429685
0.0
-0.004867154869079958
0.0
0.0
0.0
0.0
0.0
0.0
0.0
0.0
0.0
0.0
0.0036667774225940847
0.0
0.0
0.015410467394003986
0.0
0.0
0.0
0.0
0.0
0.0
0.0
0.0
0.0
0.0
0.0
0.0
0.0
0.0
0.0
0.0
0.0
0.0
0.0
0.018279566924898814
0.0
0.0
0.0
0.0
0.0
0.0
0.0
0.0
0.0
0.0
0.0
0.0
0.0
0.0
0.0
0.014179168368099768
0.0
0.0
0.0
0.0
0.0
0.0
0.0
0.0
0.0
0.0
0.030322522733768183
0.0
0.0
0.0
0.0
0.0
0.0423243606478194
0.0
0.0
0.0
0.0
0.0
0.0
0.0
0.0
0.0
0.0
0.0
0.0
0.0
0.019390964834559297
-0.011205760002623378
0.0
0.04347984343705588
0.0
0.007517958511916222
0.0
0.0
0.0
-0.013597189799260306
0.0
0.0
0.0
0.0
-0.008807505703687811
0.0
0.0
0.0
0.0
0.0
0.023372830708123453
0.0
0.0
0.0
0.0
0.0
0.0
0.0
0.012976257992264928
0.0
0.0
0.0
0.0
0.04277703369451237
0.0
-0.006239189394412772
0.0
0.0
0.0
0.05390142826110879
0.0
0.0
0.0
0.0
-0.0012114130709778004
0.0
0.0
0.0
0.0
0.0
0.0
0.0
0.0
0.0
0.042237635155498394
0.0034557591067867844
0.0
0.0
0.0
0.0
0.0
0.0
0.0
0.0
0.0
0.0
0.0
0.0
0.0
0.0
0.0
0.0
0.0
0.0
0.05050787852982394
0.0
0.0
0.0
0.0
0.0
0.0
0.0
0.0
0.0
0.0
0.0
0.0
0.0
0.0
0.0
0.0
0.0
0.0
0.0
0.0
0.0
0.0
0.0
0.0
0.0
0.0
0.0
-0.029061310669843337
0.0
0.0
0.0
0.0
0.0
0.0
0.0
0.0032202764991965684
0.0
0.0
0.0
0.0
0.0
0.0
0.0
0.0
0.0
0.0
0.0
0.0
0.0
0.0
0.0
0.0
0.0
0.0
0.0
0.0
0.0
0.0
0.0
0.0
0.0
0.0
0.0
0.0
0.0
0.0
0.0
0.0
0.0
0.0401751639074602
0.0
0.0
0.027055631111676946
0.0
0.0
0.0
0.0
-0.0077555434368942276
0.007770272100330303
0.0
0.0
0.0
0.0
0.0
0.0
0.0
0.006865026840271216
0.0
0.01395849621485743
0.0
0.0
0.0
0.0
0.0
0.0
0.0
0.015136007331264334
0.0
0.0
0.0
0.0
0.0
0.0
0.0
0.0
0.0
0.003383343942154364
-0.009131953359738109
0.0
0.0
0.0
0.0
0.0
0.0
0.0
0.0
0.0
0.0
0.0
0.0
0.0
0.0
0.0
0.0
0.0
-0.002568254528861231
0.0
0.0
0.0
0.0
0.0058904678629468
0.0
0.0
0.0
0.0
0.0
0.0
0.0
0.0
0.0
0.0
0.0
0.0
0.0
0.0
0.0
0.0
0.0
0.012295150700105003
0.0
0.0
0.0
0.0
0.01457137664579451
0.0
0.0
0.0
0.00782869809745051
0.0
0.0
0.0
0.0
0.0
0.0
-0.021608889297727286
0.0
0.0
0.030711014810019942
0.0
0.0
0.0
0.0
0.0
0.0
0.0
0.0
0.0
0.0
0.0
0.0
0.0
0.0
0.0
0.0
0.0
0.0
0.0
0.0
0.0
0.0
0.0
0.0
0.0
-0.003069196350078376
0.0
0.0
0.0
0.0
0.0
0.0
0.041469769965358685
0.0
0.0
0.0
0.0
0.0
0.0
0.0
0.0
0.0
0.0
0.0
0.0
0.0
0.0
0.0
0.0
-0.009258395374992878
0.01737211386506993
0.03374118048907042
0.0
0.0
0.0
0.0
0.0
0.0
0.0
0.0
0.0
-0.008070078181238914
0.0
0.0
0.0
0.0
0.035646916618306226
0.0
0.0
0.004955480659015974
0.0
0.0
0.0
0.0
0.0
0.0
0.0
0.028669475699363334
0.0
0.0
0.0
0.0
0.0
0.0
0.0
0.0
0.01680088822544923
0.0
0.0
0.0
0.0
0.0
0.0
0.0
0.0
0.0
0.0
0.0
0.0
0.04507533171210376
0.01952493507507466
0.0
0.0
0.0
0.0
0.0
0.0
0.0
0.0
0.0
0.0
0.0
0.0
0.0
0.04096876540518078
0.0
0.0
0.0
0.016647073621902278
0.0
0.0
-0.015090279178826212
0.0
0.0
0.0
0.0
0.0
0.0
0.0
0.0
0.023431544900162235
0.0
0.0
0.0
0.0
0.0
0.0
0.0
0.0
0.0
0.0
0.006662486328368706
0.0
0.0
0.0
-0.032928333477807104
0.0
0.0
0.0
0.04211105526252874
0.0
0.0
0.0
0.0008727905392605731
0.0
-0.008646099282239871
0.0
0.0
0.0
0.0
0.0
0.0
0.0
0.0
0.0
0.0
-0.01566610214442799
0.0
0.0
0.0
0.0
0.0
0.0
0.0
0.0
0.0
0.0
0.0
0.0
0.0
0.0
0.0
0.0
0.0
0.0
0.0
0.0
0.04541349274890451
0.0
0.0
0.0
0.0
0.0
0.0
0.01292804368823173
0.012109862312391511
0.0
0.0
0.0
0.010862990217501934
0.0
0.0
0.0
0.03754755815378715
0.0
0.0
0.0
0.0
0.0
0.0
0.0
0.0
0.0
-0.030596366711115628
0.0
0.0
0.0023526010396932077
0.0
0.0
0.0
0.0
0.0
0.0
0.0
0.0
-0.012734621461655877
0.0
0.0
0.0
0.0
0.0
0.0
0.0
0.0
0.0
0.0
0.032583897826334675
0.04847262728302146
0.0
0.0
-0.00495537947170709
0.0
0.0
0.0
0.0
0.0
0.0
0.01613646473983889
0.0
0.011349023737640131
0.0
0.0
0.0
0.0
0.0
0.0
0.0
0.0
0.0
0.0
0.0
0.005650003601300788
0.0
0.0
0.027107128231418663
0.0
0.0
0.0
0.0
0.0
0.0
0.0
0.0
0.0
-0.014108089060613371
0.0
0.0
0.0
0.0
0.0
0.0
0.0
0.0
0.0
0.0
-0.031373538840723116
0.0
0.0
0.0
0.0
0.0
0.0
0.0
0.0
0.0
0.0
0.0
0.0
0.0
0.0
0.04211414137811637
0.0
0.0
0.0
0.0
0.0
0.0
0.0
0.0
0.0
0.0
0.0
0.0
0.0
0.0
0.0
0.0
0.0
0.0
0.0
0.0
0.0
0.0
0.0
0.0
0.0
0.0
0.001891738476184372
0.046824609547908076
0.0
0.0
0.0
0.0
0.014505415462625328
-0.025227802734511556
0.0
0.0
0.0
-0.013874008557556113
0.0
0.0
0.0
0.0
0.0
0.0
0.0
0.01249751877111623
0.0
0.0
0.0
0.0
0.03928272239705121
0.0
0.0
0.0
0.0
0.0
0.0
-0.003944075611177979
0.023206661472186467
0.0
0.0
0.0
0.0
0.0
0.0
0.0
0.0
0.0
0.0
0.0
0.0
0.0
0.0
0.0
0.0
0.0
0.0
0.0
0.0
0.0
0.0
0.0
0.0
0.0
0.0
0.0
0.0
0.0
0.0
0.0
0.0
0.026302423695196756
0.0
0.0
0.0
0.0
0.0
0.0
0.0
0.0
0.0
0.0
0.0
0.0
0.0
0.0
0.0
0.0
0.0
0.0
0.0
0.0
0.0
0.0
0.0
0.0
0.0
0.0
0.001889438286882114
0.0
0.0
0.0
0.0
0.0
0.0
0.019957152316415264
0.0
0.0
0.0
0.0
0.0
0.0
0.0
0.0
0.0
0.0
0.015440581487247904
0.0
0.0
0.0
0.016685570199837883
0.0
0.0
0.0
0.0
0.0
0.0
0.0
0.0
0.0
0.0
0.0
0.0
0.0
0.0
0.0
0.04773082422049585
0.0
0.0
0.0
0.0
0.0
0.0
0.0
0.0
0.0
0.0
0.0
0.0
0.0
0.0
0.0
0.0
0.0
0.0
0.0
0.0
0.0
0.0
0.0
0.0
0.0
0.0
0.0
0.0
0.0
0.012540754150935867
0.0
0.008890113833968644
0.0
0.0
0.0
0.01912056261642374
0.0
0.0
0.0
0.0
0.0
0.0
-0.015385464924443577
0.0
0.0
0.0
0.0
0.0
0.00014431326844790144
-0.001587325389813853
0.0
0.0
0.0
0.0
0.0
0.0
0.0
0.0
0.0
0.0
0.0
0.0
0.0
0.0
0.0
0.0
0.0
0.0
0.0
0.0
0.0
0.0
0.0
0.0
0.0
0.0
0.0
0.0
0.008964105290672418
0.0
0.0
0.0
-0.017196071040311168
0.0
0.009859744829395592
0.0
0.0
0.0
0.0
0.0
0.0
0.0
0.0
0.0
0.0
0.0
0.0
0.0
0.0
0.0
0.0
0.0
0.0
0.0
-0.004001109322088919
0.0
0.0
0.0
0.0
0.0
0.0
0.0
0.0
0.0
0.0
0.0
0.0
0.0
0.0
0.0
0.0
0.0
0.0
0.0
0.0
0.0
0.0
0.0
0.0
0.0
0.0
0.0
0.0
0.0
0.0
0.0
0.0
0.0
-0.01599455248990636
0.0
0.0
0.0
0.0
0.0
0.015591459094355943
0.0
0.0
0.0
0.0
-0.005889675114257949
0.0
0.0
0.01592870536718233
0.0
0.0
0.0
0.0
0.0
0.0
-0.01561965279535432
0.0
0.0
0.0
0.0
0.0
0.0
0.0
-0.004327616423357983
0.0
0.0
0.0
0.0
0.0
0.0
0.0
0.0
0.0
0.0
0.012745227947356365
0.0
0.0
0.0
0.0
0.0
0.03740603011897367
0.0
0.0
0.0
0.0
0.0
2.7087699980379645e-5
0.0
0.0
0.0
0.059214896753145105
0.02896113528680185
0.0
0.0
0.0
0.0
0.0
0.0
0.0
0.0
0.0
0.0
0.0
-0.007922899362296107
0.03296557903210849
0.0
0.0
0.0
0.0
0.0
0.0
0.0
0.0
0.0
0.008273288321066682
0.0
0.0
0.0
0.0
0.0
0.0
0.0
0.0
0.0
0.0
0.0
0.0
0.0
0.0
0.0
0.0
0.0
0.0
0.0
-0.016618614381209814
0.0
0.0
0.0
0.0
0.004773849583504108
0.0
-0.00887489455404813
0.0
0.0
-0.01896288850184157
0.0
0.0
0.006749682092693819
0.0
0.0
0.0
0.0
0.0
0.0
0.0
0.0
-0.009169923451465037
0.0
0.0
0.0
-0.013030922423703902
0.0
0.0
0.0
0.0
0.0
0.0
0.0
0.0
0.0
0.0
0.0
0.0
0.0
-0.028361608601465013
0.0
0.0
0.0
0.0
0.0
0.0122672999666611
0.0
0.0
0.0
0.0
0.0
0.0
0.0
0.0
0.0
0.0
0.05727599389254081
0.0
0.0
0.0
0.0
0.0
0.0
-0.0017418188014001646
0.0
-0.017022006816035672
0.012043315898713646
0.0
0.0
0.0
0.0
0.0
0.0
0.0
0.0
0.0
0.0
0.0
0.0
0.04072535359564237
0.005743839467375477
0.0
0.0
0.0
0.0
0.0
0.0
0.0
0.0
0.0
0.0
0.0
0.0
0.0
0.01887034604061874
0.0
0.0
0.0
0.0
0.0
0.0
0.0
0.0
0.0
0.0
0.0
0.0
0.0
0.0
0.0
0.0
0.0
0.0
0.0
0.0
0.0
0.0
0.0
0.0
0.0
0.0
0.0
0.0
0.021577776305220696
0.0
0.015613357971216123
0.0
0.0
0.0
0.0
0.039802804660057985
0.0
0.0
0.0
0.0
0.0
0.04652440828742398
0.0
0.0
0.0
0.0
0.026060142751156267
0.0481644459589787
0.0
0.017379272584144793
0.0
0.012565145909708893
0.02606679762293819
0.0
-0.002815242108962096
0.0
0.0
0.0
0.03358087272305677
0.0
0.007610958845411489
0.0
0.0
0.0
0.0
0.0
0.03654990205048826
0.0
0.0
0.0
0.0
0.0
0.0
0.02970352782400901
0.0
0.0
0.0
0.0
0.0
0.0
0.0
0.0
0.0
-0.018562709663158337
0.0
0.0
-0.006839717435641368
0.0
-0.01781024912258392
0.0
0.0
0.0
0.0
0.0
0.0
0.0
0.0
0.0
0.0
0.0
0.0
0.00894885664147663
0.0
0.0
0.0
0.0
0.0
0.0
0.0
0.0
0.0
0.0
0.0
0.0
0.0
0.0
0.0
0.0
0.0
0.0
0.0
0.0
0.0
-0.026646556693991935
0.0
0.0
0.0
0.0
0.0
0.0
0.0
0.0
0.0
0.0
0.0
0.0
0.0012397211294764932
0.0
0.0
0.0
0.0
-0.0114233336374981
0.0
0.0
0.0
0.0
0.0
0.0
0.0
0.0
0.0
0.014792089610362765
0.0
0.0
-0.00978352520486539
0.0
0.0
0.0
0.0
0.0
0.0
0.0
0.0
0.01775234008872741
0.0
0.0
0.0
0.0
-0.0017562895183092066
0.0
0.0
0.0
0.0
0.0
0.0
0.0
0.0
0.0
0.0
0.01307988084975841
0.0
0.0
0.0
0.0
0.0
0.0
0.0
0.0
0.0
0.0
0.0
0.0
0.0
0.0
0.008993313669970074
0.0
0.0
0.013461429114578148
0.0
0.0
0.0
0.0
0.0
-0.02351746647772265
0.0
0.05243707456899804
0.0
0.0
0.0
0.0
0.0
0.0
0.0
0.0
0.0
0.0
0.0
0.0
0.0
0.0
0.0
0.0
0.0
0.0535578782504112
0.0
0.0
0.0
0.0
0.0
0.0
0.0
0.0
0.0074232946711335875
0.0
0.0
0.0
0.0
0.0
0.0
0.0
0.0
0.0
0.0
0.0
0.0
0.0
0.0
0.0
-0.005245984962877683
0.0
0.0
0.0
0.0
0.0
0.0
0.0
0.0
0.0
0.0
0.019465845573717045
0.0
0.0
0.0
0.0
0.0
0.0
0.0
0.0
0.0
0.0
0.0
0.0
0.0
0.0
0.0
0.0
0.0
0.0
0.0
0.0
0.0
0.0
0.0
0.0
0.0
0.0
0.0
0.021213780612493467
0.0
0.0
0.0
0.0
0.0
0.0
0.0
0.0
0.0
0.0
0.005063722572132442
0.0
0.0
0.0
0.0
0.0
0.002733368006709394
0.0
0.0
0.0
0.0
0.0
0.0
-0.009094463394810216
0.0
0.0
0.0
0.0
0.0
0.0
0.0
0.00450376260189064
0.0
0.0
0.0
0.0
0.0
0.0
0.0
0.0
0.0
0.0
0.0
0.0
0.0
0.0
-0.00917645041951321
0.0
0.0
0.0
0.0
0.0
0.0
0.0
0.015950233593655008
0.0
0.0
0.0
0.0
0.0
0.0
0.0
0.0
0.0
0.0
0.0
0.0
0.0
0.0
0.0
0.0
0.044038633731486775
0.0
0.0
0.0
0.007375303892308861
0.0
0.0
0.0
0.0
0.004112985728831007
0.0
0.0
0.0
0.0
0.0
0.0
0.021163398295303185
0.01030337104264454
0.0
0.0
0.0016462700343910417
0.0
0.006987010992941465
0.0
0.0
0.0
0.0
0.0
0.0
0.0
0.0
0.0
0.0
0.0
0.0
0.0
0.0118355437547406
0.0
0.0
0.0
-0.005892207799539027
0.0
0.0
0.0
0.0
0.0
0.0
-0.0032484976222807715
0.0
0.0
0.006566684927204495
0.0
0.0
-0.014630341059144103
0.0
0.0
0.0432330089730091
0.0
0.0
0.06295516675682719
0.0
0.0
0.0
0.01488637418648325
0.0
0.0
0.0
0.0
0.0
0.0
0.0
0.0
0.0
0.020321087772925052
0.0
0.0
0.0
0.0
0.0
0.0
0.0
0.0
0.0
0.0
0.0
0.005933318358810585
0.0
0.0
0.0
-0.0164550935057729
0.0
-0.002311999611901231
0.0
0.0
-0.014579448250704105
0.0
-0.006520299216512031
0.0
0.012916170010587029
0.0
0.0
0.0
0.0
0.0
0.0
0.0
0.0
0.0
0.0
0.0
-0.017714887819361872
0.0
0.0
0.0234540455791095
0.0
0.0
0.0
0.0
0.0
0.0
0.0
0.0
0.027592593396601594
0.0
0.0
0.009323923273978017
0.0
0.0
0.0
0.0
0.0
0.0
0.0
0.0
0.0
0.0
0.005714656655512226
0.0
0.0
0.0
0.0
0.0
0.0
0.020354305229370068
0.0
0.0
0.0
0.0
-0.030159189988087937
0.0
0.0
0.0
0.0
0.0
0.0
0.0
0.0
0.0
-0.013470285207798282
0.0
0.0
0.0
0.0
0.0
0.0
0.0
0.0
0.0
0.0
0.016584209154746118
0.0
0.0
0.0
0.0
0.0
0.0
0.0
0.0
0.0
-0.021218824453698923
0.021704687123364493
0.0
0.0
0.0
0.0
0.0
0.0
0.0
0.0
0.0
0.0
0.0
-0.024874618910125424
0.0
0.011397945486154274
0.0
0.0
0.0
0.0
0.0
0.0
0.03408970225866738
0.0
0.014413742995575199
0.0
0.0
0.0
0.0
0.0
0.0
0.0
0.0
-0.008114763981331218
0.0
0.0
0.0
0.0
0.07552769748507258
0.014489198909623384
0.0
0.0
0.0
0.0
0.0
0.0
-0.00643556083037986
0.0
0.0
0.0
0.0
0.0
0.0
0.0
0.0
0.0
0.0
0.0
0.0076920744176324505
0.0
0.0
0.0
0.0
0.0
0.0
0.0
0.006342928843117976
0.0
0.0
0.0
-0.002365452713471153
0.0
0.0
-0.020967053492842093
0.0
0.0
0.0
0.0
0.0
0.0
0.0
0.0
0.0
0.0
0.0
0.0
0.0
0.0
0.0
0.0
0.0
0.0
0.0
0.0
0.0
0.0
0.0
0.0
0.0
0.017565233855140725
0.0
0.0
0.0
0.0
0.0
0.0
0.0
0.0
0.0
0.0
0.0
0.0
0.0
0.0
0.0
0.0
0.0
0.0
0.0
0.0
0.0
0.0
0.0
0.0
0.0
0.0
0.0
0.0
0.0
0.0
0.0
0.0
0.0
0.0
0.0
0.0
0.0
0.0
0.0
0.008176958393556451
0.0
0.0
0.0
0.0
0.0
0.0
0.0
-0.021004336284327317
0.0
0.0
0.02303960140371694
0.006648878429238993
0.0
0.0
0.0
0.0
0.0
0.0
0.0
0.0
0.0
0.0
0.0
0.0
0.0
0.0
0.0
-0.002346634474053067
0.0
0.0
0.0342167927007438
0.0
0.0
0.0
0.0
0.03634207703135934
0.0
0.0
0.0
0.0
0.0
0.0
0.0
0.0
0.0
0.0
0.0
0.043208518329321564
0.0
0.0
0.0
0.0
0.0
0.0
0.0
0.0
0.03957849835078482
0.04554045748251912
0.0
0.0
0.0
0.0
0.0
0.0
0.0
0.0
0.0
0.0
-0.017869809013748506
0.0
0.0
0.0
0.0
0.05219273587081806
0.0
0.0
0.0
0.0
0.03569775345176663
0.0
0.0
0.0
0.0
0.0
0.0
0.005679382436732831
0.035424690039727535
0.0
0.0
0.0
0.0
-0.02217938528468632
0.0
0.0
0.0
0.0
0.0
0.0
0.0
0.01655823592076272
0.0
0.0
0.0
0.0
0.0
0.0
0.0
0.0
0.0
-0.02375408308322333
0.0
0.0
0.0
0.0
0.0
-0.031866233347535966
0.0
0.0
0.0
0.0
0.0
0.0
0.0
0.0
0.0
0.0
0.0
0.0
0.0
0.0
0.0
0.0
0.026977923799300127
0.0
0.0
0.0
0.0031520200747854796
0.0
0.0
0.0
0.0
0.0
0.03058036293963279
0.0
0.0
0.0
0.0
0.0
0.0
0.0
0.0
0.0
0.0
0.05507535877434669
0.0
0.0
0.0
0.0
0.003500989021011994
0.0
0.0
0.04296805798197664
0.0
0.0
0.0
0.0
0.022513733207998182
0.0
0.0
0.0
0.0
0.0
0.0
0.0
0.0
0.0
0.0
0.0
0.0
0.0
0.0
0.0
0.0
0.0
0.0
0.0
0.0
0.0
0.0
0.01601522587833339
0.0
0.0
0.0
0.0
0.0
0.0
0.0
0.0
0.0
0.0
0.0
0.0
0.0
0.0
0.0
0.0
0.001731863936132194
0.0
0.0
0.0
0.0
0.0
0.0
0.0
0.0
0.009276313694885576
0.0
0.0
0.008024425020544736
0.0
0.0
0.0
0.0
0.0
0.0
0.0
0.0
0.034939841156237376
0.0
0.011589333490124577
0.0
0.0
0.0
0.0
0.011134330497616219
0.0
0.0
0.0
0.0
0.0
-0.017217332436333038
0.0
0.0
0.0
0.0
0.0
0.0
0.0
0.0
0.0
0.0
0.0
0.0
0.0
0.0
0.0
0.0
0.0
0.0
0.0
0.0
0.03597536085644581
0.0
0.0
0.0
-0.000940587915391978
0.0
0.0
0.0
0.0
0.0
0.0
0.0
0.0
0.0
0.0
0.0
0.0
0.0
0.0
0.0
0.0
0.008159431535141938
0.0
0.0
0.018654943938316605
0.0
-0.023797785920163267
0.0
0.0
0.0
0.0
0.0
0.0
0.0
0.0
0.0
0.0
0.0
0.0
0.0
0.0
0.0
0.0
0.0
0.0
0.0
0.0
0.0
0.0
0.0
0.0
0.0
0.0
0.0
0.0
0.0
0.0
0.0
0.01932517579430362
0.0
0.0
0.0
0.0
0.0
0.0
0.0
0.0
0.0
0.0
0.0
0.0
0.0
0.0
0.0
0.0
0.007769082299746068
0.0
0.0
0.0
0.0
0.0
0.0
0.0
0.0
0.0
0.0
0.0
0.019188791327609686
0.0
0.0
0.0
0.0
0.0
0.0
0.0
0.0
0.0
0.0
-0.011481838378446812
0.0
0.0
0.0
0.02508691128154381
0.0
0.0
0.0
0.0
0.0
0.0
0.006258147200812365
0.0
0.0
0.0
0.0
0.0
0.0
0.0
0.0
0.0
0.0
0.0
0.0
0.0
0.0
0.0
0.0
0.0
0.0
0.0
0.0
0.0
0.0
0.0
0.0
0.0
0.0
0.0
0.0
0.0
0.0
0.0
0.0
0.0
0.022440258983464755
0.0
0.0014013383640392096
0.023007339207751467
0.0
0.02181720550344733
-0.0011881885438948657
0.0
0.018084256350282102
0.004556821996276716
0.0
0.0
0.0
0.0
0.0
0.0
0.0
0.0
0.0
0.0
0.0
0.0
0.0
0.0
0.0
0.0
0.0
0.0
0.0
0.0
0.0
0.0
0.0
0.0
0.0
0.0
0.0
0.0
0.0
0.0
0.0
0.0
0.0
0.03355718712630516
0.0
0.0
0.0
0.0
0.0
0.0
0.0
0.02989510783781215
0.0
0.0
0.03562887379029709
0.0
0.0
0.0
0.0
0.01222188718900539
0.0
0.0
0.009359914028523333
0.0
0.0
0.0
0.0
0.02950096152840799
0.04777020666891887
0.0
0.0
0.0
0.0
0.0
0.0
0.0
0.0
0.0
0.0
0.0
0.0
0.0
0.010903219060384401
0.0
0.0
0.0
0.0
0.0
0.0
0.0
0.0
0.0
0.006347453863231737
0.0
0.0
0.0
0.0
0.0
0.0
0.0
0.0
0.0
0.0
0.0
0.0
0.0
0.0
0.0
0.0
0.0
0.0
0.0
0.0
0.0
0.0
0.0
0.0
0.0
0.03495002372141008
0.0
0.0170433409657525
0.0
0.0
0.0
0.0
0.0
0.0
0.0
0.0
0.0
0.0
0.0
0.052028024649214105
0.0
0.0
0.012808819939692455
0.0
0.0
0.0
0.0
0.0
0.0
0.0
0.0
0.0
0.0
0.0
0.0
0.0
0.004910451374089858
0.0
0.0
0.0
0.0
0.0
0.0
0.0
0.0
0.0
0.0
0.0
0.0
0.0
0.0
0.0
0.0
0.0
0.0
0.0
0.0
0.0
0.0
0.0
-0.01605409301117858
0.0
0.0
0.0
2.9830873316600924e-5
0.0
0.0
0.0
0.0
0.0
0.0
0.0
0.0
0.0
0.0
0.0
0.0
0.0
0.0
0.0
0.0
0.0
0.0
0.0
0.0
0.0
0.0
0.035075370472818015
0.0
0.0
0.0
0.0
-0.031171282080516952
0.0
0.0
0.0
0.0
0.0
0.0
0.009982304260785306
0.0
0.0
0.0
0.011780833445881926
0.0
0.0
0.0
0.01614074384262007
0.0
0.0
0.0
0.0
0.0
0.0
0.0
0.0
0.0
0.0
0.0
0.0
0.020488156947775848
0.0
-0.003129195038221624
0.0
0.0
0.0
0.0
0.03832278503152959
0.0
0.0
0.0
0.0
0.0
0.0
0.0
-0.004634581592420201
0.0
0.0098375256973051
0.0
0.0
0.0
0.0
0.0
0.0
0.03889940063655221
0.0
0.0
0.0
-0.0009342771397474659
0.0
0.0
0.0
0.0
0.0
0.0
0.0
0.0
0.0
0.0
0.0
0.0
0.0
0.0
0.0
0.03426633319271962
0.0
0.0
0.0
0.0
0.0
0.0015111398894040943
0.0
0.0
0.009538658244594439
0.0
0.0
0.0
0.0
0.02487523083162723
0.013517395561791648
0.0
0.0
0.0
0.0
0.0
0.0
0.0
0.0
0.0
0.0
0.007119909873500334
0.03508101887900382
0.0
0.0
0.024114237322090216
0.0
0.0
0.0
0.0
0.0
0.0
0.0
0.0
0.0
0.0
0.0
0.0
0.018190600052910937
0.02159497026148901
0.0
0.0
0.0
0.0
0.0
0.0
0.01393713901607361
0.0
0.0
0.0
0.04001801902161316
0.0
0.0
0.0
0.0
0.0
0.0
0.0
0.0
0.0
0.0
0.0
0.0
0.0
-0.013604551015304467
0.0
0.0
0.0
0.0006278529913262686
0.0
0.0
0.0
-0.0013561635265662117
0.0
0.0
0.0
-0.009724262190287509
0.0
0.0
0.0
0.0
0.0
-0.005388098191401354
0.0
0.0
0.0
0.0
0.0
0.0
0.0
0.0
0.0
0.0
0.0
0.0
0.0
0.0
0.0
0.0
0.0
0.0
0.0
0.0
0.0
0.0
0.0
0.0
0.0
0.0
0.0
0.0
0.0
0.0
0.0
0.0
0.0
0.0
0.0
0.0
0.0
0.0
0.0
0.009871219795664602
0.01109814049691666
0.0
0.0
-0.005478216643550947
0.012123107627197649
0.0
0.0
0.0
0.013622416539697603
0.0
0.006104157635587375
0.0
0.0
0.0
0.0
0.0
0.0
0.0
0.0
0.0
0.0
0.0
0.0
0.010825932079785341
0.0
0.0
0.0
0.0
0.0
0.0
0.0
0.0
0.012541104723260013
0.0
0.0
0.0
0.0
0.0
-0.019491728246411495
0.0
0.0
0.0
0.0
0.0
0.0
0.0
0.0
0.0
0.0
0.0
0.0
0.0
0.0
0.0
0.0
0.0
0.0
0.012270199193163172
0.0
0.011923230700521564
0.0
0.0
0.0
0.0
0.0
0.0
0.0
0.0
0.008531479844877838
0.0
0.0
0.0
0.0
0.0
0.0
0.0
0.0
0.0
0.0
0.0
0.0
0.0
0.0
0.0
0.0
0.0
0.0
-0.009263788609067654
0.0
0.0
0.0
0.0
0.0
-0.012049489569993486
0.0
0.0
0.0
0.008105547985602386
0.0
0.0
0.0
0.0
0.0
0.0
0.016108712195556762
0.04545448750942623
0.0
0.0
0.0
0.0
0.00611450250473165
0.0
0.0
0.0
-0.012993966841749053
0.02739880947051229
0.0
0.0
0.0
0.0
0.0
0.0
0.0
0.0
0.0
0.0
0.0
0.0
0.0
0.0
0.0
0.0
0.0
0.0
0.0
0.0
0.0
0.0
0.0
0.013913956232596975
0.0
0.0
0.0
-0.02154645665156317
0.0
0.0
0.0
0.0
0.0
0.0
0.0
0.0
0.0
0.0
0.0
0.0
0.0
0.0
0.0
0.0
0.0
0.0
0.0
0.0
0.0
0.0
0.0
0.0
0.0
0.0
0.0
0.027337672684998534
0.0
0.0
0.0
0.0
0.0
0.0
0.0
0.0
0.0
0.0
0.0
0.0
0.0
0.0
0.0
0.03635872534017232
0.0
0.0
0.0
0.0
0.0
0.0
0.0
0.0
0.0
0.0
0.0
0.0
0.0
0.0
0.026373977844098888
0.0
0.0
0.0
-0.012254365056593153
0.0
0.0
0.04539545767654958
0.0
0.0
0.0
-0.001839259961710091
0.0
0.0
0.0
0.0
0.0
0.04493406227592973
0.0
0.0
0.0
0.0
0.0
0.0
0.0
0.0
0.0
0.0
0.0
0.0
0.0
0.0
0.0
0.0
0.0
0.0
0.0
0.0
0.0
0.0
0.0
0.0
0.0
0.0
0.0007125612200571135
0.0
0.04900906155968152
0.0
0.0
0.0
0.0
0.0
0.0
0.0
0.0387657969628129
0.02507275942379927
0.0
0.0
0.0
0.0
0.0
0.0
0.0
0.0
0.008124031554413672
0.0
0.0
0.0
0.0
0.0
0.020754469956456325
0.0
0.0
0.00024083276136033498
0.0
0.0
0.0
0.0
0.0
0.024053376314172068
0.0
0.0
0.0
0.0
0.0
0.009185368685120085
0.0
0.0
0.0
0.0
0.0
0.0
0.0
0.0
0.0
0.01037998223773612
0.0
0.0
0.0
0.0
0.0
0.0
-0.0009038245751216076
0.0
0.0
0.054793649224125045
0.0
0.0
0.0
0.0
0.0
0.0
0.0
0.0
0.0
0.0
0.0
0.0
0.0
0.0
0.0
0.0
0.0
0.0
-0.0009021342507262734
0.0
0.0
0.0
0.0
0.0
0.0
0.0
0.0
0.0
0.001472543201034328
0.04109389698287112
0.0
0.0
0.0
0.0
0.027037052306477415
0.0
-0.03927186623128501
0.024763471188134406
0.0
0.0
0.0
0.010867783288800796
0.0
0.0
0.0
0.0
0.0
0.0
0.0
0.0
0.0
0.0
0.0
0.0
-0.014212410597645185
0.0
0.0
0.0
0.016179996543122892
0.0
0.0
0.0
0.0
0.030864854521667564
0.0
0.0
0.0
0.0
0.0
0.0
0.0
0.013307037705545135
0.0
0.0
-0.003156486554079921
0.0
0.0
0.0
0.0
0.0
0.0
0.0
0.0
0.0
0.0
0.0
0.0
0.0
-0.0029796737344688477
0.0
-0.022281043079295036
0.0
0.0
0.0
0.0
0.0
0.0
0.012709931613860751
0.0
0.0
0.0
0.0
0.0
0.02688305938679026
-0.02189776080754211
0.0
0.0
0.0
0.0
0.0
0.0
0.0
0.0
0.0
0.0
0.0
0.0
0.0
0.0
0.0
0.0
0.0
0.0
0.0
0.0
0.0
0.0
0.0
0.0
0.0
0.008712688110083858
0.0
0.0
0.0
0.0
0.0
0.01272048565169698
0.004828007274647887
0.0
0.0
0.0
0.010270597170853704
0.0
0.0
0.0
0.0
8.541217578187537e-5
0.014821177805934258
0.06436982285466683
0.0
0.035044295313457874
0.0
-0.010575580150408027
0.0
0.0
0.0
0.0
0.0
0.0
0.0
0.0
0.0
0.0
0.0
0.0
0.0
0.0
0.0
0.0
0.0
0.0
0.0
0.0
0.0
0.0
0.0
-0.014051226801395615
0.0
0.0
0.0
0.0
0.0
0.0
0.0
0.007490031650507942
0.0
0.0
0.0
0.0
0.0
0.0
0.0
0.0
0.0
0.0
0.0
0.0
0.0
0.0
0.0
0.0
0.0
0.0
0.0
0.0
0.0
0.010361787286658932
0.0
0.014611019658495088
0.0
0.0
0.0
0.0
0.0
0.0
0.0
0.0
0.0
0.0
0.0
0.0022602788955316286
0.0
0.0
-0.02669894821220661
0.0
0.027797392505432315
0.0
0.0
0.0
0.0
0.0
0.0
0.02209105940446364
0.0
0.0
0.0
0.0
0.0
0.027054327147641454
0.0
0.0
0.0
0.0
0.0
0.057080786650955354
0.0
0.0
0.0
0.0
0.0
0.0
0.0
0.0
0.0
0.0
0.0
0.0
0.0
0.0
0.0
0.0
0.0
0.0
0.0
0.010502852049412066
0.0
0.0
0.0
0.0
0.0
0.0
0.0
0.0
0.0
0.0
0.0
0.0
0.0
0.0
0.015627896688199784
0.0
0.0
0.0
0.0
0.0
0.012038662886707767
0.0
0.0
0.0
0.03560184250218929
-0.01921607429408027
0.0
0.0
0.0
0.0
0.0
0.0
0.0
0.0
0.0
0.0
0.0
0.0
0.019285880001488783
0.0
0.0
0.0
0.0
0.0
0.0
0.0
0.0
0.0
0.0
-0.010416627766023388
0.0
0.0
0.0
0.0
0.0
0.0
0.0
0.0
0.0
0.0
0.0
0.0
0.0
0.0
0.0
0.0
0.0
0.0
0.0
0.0
0.0
0.03185471107718765
0.0
0.0
0.0
0.0
0.0
0.0
0.0
0.0
0.0
0.0
0.0
-0.009499888827248316
0.0
0.0
0.0
0.0
0.0
0.0
0.0
0.0
0.0
0.0
0.0
0.03956308654303764
0.0
0.0
0.0
0.0
0.0
0.0
0.033081402601130044
0.0
0.0
0.0
0.0
0.034751366766973636
0.0
0.0
0.015627145394298044
0.046111367172106274
0.0
0.020273184750230752
0.0
0.0
0.0
0.0
0.0
0.008961795592363198
0.0
0.0
0.0
0.0
0.0
0.0
0.0
0.0
0.0
0.0
0.0
0.0
0.0
0.0
-0.012098897394074899
0.0
0.0
0.0
0.0
0.0
0.0
0.0
0.01309032575374285
0.0
0.0
0.0
0.02319159778041423
0.022289841670027274
0.0
0.0
0.0
0.0
0.0
0.0
0.018600189106041866
0.0
0.018259152002427486
-0.01702148633793732
0.009031528078103555
0.0
0.0
0.0
0.0
0.0
0.0
0.0
0.0
0.0
0.02014346637010886
0.003661455520701908
0.0
0.0
0.0
0.0
0.0
0.0
0.0
0.0
0.0
0.0
0.0
0.0
0.0
0.0
0.0
0.0
0.0
0.0
0.0
0.0
0.0
0.0
0.0
0.0
0.0
0.0
0.0
0.0
0.0
0.0
0.02971296749295392
0.0
0.0
0.0
0.0
0.02494520407095518
0.0
0.0
0.0
0.0
0.0
0.0
-0.0049054218217077184
0.0
0.0
0.0
0.0
0.0
