0.0
0.0
0.0
0.0
0.0
0.0
0.0
0.0
0.0
0.0
0.0
0.0
0.0
0.0012872906986285738
0.0
0.0
0.0
0.0
0.0
0.0
0.0
0.0
0.0
0.0
0.0
0.031095627164744847
0.0
0.0
0.0
0.006199581666124625
0.0
0.0
0.0
0.13018368003681766
0.0
0.0
-0.02429997302578598
0.0
0.0
0.0
0.0
0.0
0.0
0.0
0.0
0.0
0.0
0.0
0.0
0.0
0.0
-0.017963932261417636
0.0
0.0
0.0
0.0
0.0
0.0
0.0
0.0
0.0
0.0
0.0
-0.00019781981990515322
0.0
0.0
0.005540838797254993
0.0
0.0
0.012331218716616906
0.0
0.0
0.0
0.0
0.0
0.0
0.0
0.01121218405116848
0.0
0.0
0.0
0.0
0.0
0.012098130222848048
0.0
0.0
0.0
0.0
0.0
0.0
0.0
0.010284709508192953
0.0
0.0
0.0
0.0
0.0
0.0
0.0
0.0
0.0
0.0
0.0
0.0
0.0
0.0
0.0
0.0
0.0
0.0
0.0
0.0
0.0
0.12364465613246907
0.0
0.0
0.0
0.05047155769850625
0.05339472393764506
0.03037586655965456
0.0
0.0
0.0
0.06001609895455902
0.0
0.0
0.0
0.0
0.01760104692464398
0.0
0.0
0.0
0.0
0.0
0.0
0.0
0.0
0.0
0.0
0.0
0.0
0.0
0.0
0.0
0.0
-0.024312408826087317
0.0
0.0
0.0
0.0
0.010032925720170791
0.0057453606227068415
0.07178274214787198
0.0
0.0
0.0
-0.00018642941387838388
0.0
0.0
0.0
0.0
0.0
0.02165500092746222
0.0
0.0
0.0
0.0
0.0
0.039444780711913055
0.0
0.0
0.06890330978660936
0.0
0.0
0.0
0.0
0.0
0.0
0.0
0.0
0.04517835642081763
0.0
0.0
0.0
0.0
0.0
0.0
0.0
0.0
0.19004718365003676
0.0
0.0
0.0
0.0
0.0
0.023233523069568024
0.0
0.011780701580602597
0.06677603288242649
0.0
0.0
0.0
0.0
0.008393592088515601
0.11890563060267827
0.0
0.0
0.0
0.0
0.0
0.0
0.0
0.0
0.0
0.0
0.0
0.0
0.0
0.0
0.02285805753909376
0.07681860827358493
0.0
0.0
0.0
0.0
0.0
0.0
0.014248761107136652
0.0
0.0
0.0
0.0
0.014431499766164828
0.0
0.0
0.0
0.019452559349207248
0.028378785331739268
0.0
0.0
0.0
0.0
0.0
0.0
0.044828268042599345
0.16434071520387022
0.0
-0.014067367364366205
0.007045474544281098
0.0
0.0
0.0
0.0
0.0
0.0
0.00857477124313348
0.0
0.03167351143105821
0.0
-0.008679528744165367
0.0
0.020222854220239065
0.0
0.0
0.010047784692320804
0.0
0.0
0.0
0.0
0.0
0.0
0.0
0.0
0.07139709649898426
0.0
0.0
0.0
0.0
0.0
0.0
0.0
0.0
0.0
0.0
0.04107450353927897
0.0
0.0
0.0
0.0
0.006395823205395287
0.03131530753694774
0.0
0.0
0.0
0.0
0.0
0.0
0.0
0.0
0.0
0.0
0.0
0.0
0.0
0.0012823902172371853
0.0
0.0
0.0
0.0
0.0
0.0882364525640674
0.0
0.0
0.044209265446017096
0.0
0.0
0.015113513942670503
0.0
0.0042096606665875955
0.0
0.0
0.023998188934409224
0.0
0.0
0.0
0.0
0.0
0.0
0.0
0.0
0.0
0.0
0.0
0.0
0.0
0.0
0.022157916229735706
0.0
0.0
0.0
0.0
0.0
0.0
0.0
0.0
0.18519846429183054
0.0
0.0
0.0
0.0
0.0
0.0
0.0
0.0
0.0
0.0
0.0
0.0
0.0
0.0
0.0
0.003793057703433228
0.0
0.0
-0.0002882045802255405
0.0
0.0
0.0
0.017778012887827647
0.0
0.0
0.0
0.0
0.0
0.0
0.0
0.0
0.0
0.0
0.0
0.0
0.0
0.0
0.0
0.0
0.0
0.062280711769878226
0.0
0.0
0.0
0.0
0.0449210483323575
0.0
0.0
0.0
0.0
0.0
0.0
0.0
0.0
0.0
0.0
0.0
0.0
0.05895366898019899
0.0
0.0
0.0
0.0
0.0
0.0
0.14095848045248113
0.10093766351666243
0.0
0.0
0.013003695050333155
0.0
0.0
-0.0071671550670615635
0.03714670021220214
0.0
-0.0074040797466282116
0.0
0.014182375797727607
0.0
0.0
0.0
0.0
0.02549337496237926
0.0
0.0
0.0
0.0
0.0
0.0
0.07023315510418413
0.0
0.0021070297606283314
0.0
0.0
0.0
0.0
0.0
0.0
0.0
0.0
0.09409857471834247
0.0
0.0
0.0
0.0
0.0
0.0
0.0
0.0
0.0
0.012025968988142883
0.0
0.0
0.0
0.0
0.0
0.0
0.011957763252912094
0.0
0.0
0.0
0.0
0.0
0.0
0.0
0.0
0.0
0.062472374856550335
0.0
0.16253127688222319
0.0
0.0
0.0
0.0
0.0
0.0
0.0
0.0
0.0
0.0
0.0
0.0
0.0
0.0
0.0
0.0
0.0
0.0
0.0
0.0
0.0
0.0
0.0
0.0
0.0
0.0009870212105525203
0.0
0.01639254981492409
-0.0024078185965545167
0.0
0.0
0.0
0.0
0.0
0.0
0.0
0.0
0.0
0.0
0.0
0.0
0.0
0.0
0.0
0.0
0.0
0.0
0.0
0.0
0.0
0.0
0.0
0.022237501332652263
0.0
0.0
0.0
0.0
0.0
0.0
0.0
0.0
0.0
0.0
0.0
0.0
0.0
0.0
0.0
0.0
0.0
0.0
0.009885627684069895
0.0
0.0
0.0
0.0
0.0
0.0
0.0
0.0
0.0
0.04144959930514886
-0.012696161394079244
0.0
0.0186856025970155
0.0
0.0
0.0
0.09289064689084564
0.0
0.0
0.0
0.0
0.0
0.0
0.0
0.048127955842213535
0.01553652147595854
-0.0008694968216687912
0.0
0.0
0.0
0.0
0.0
0.0
0.01892243688928885
0.0
0.0
0.0
0.0
0.0
0.0
0.0
0.0
0.0
0.0
0.0
0.0
0.0
0.0
0.0
0.021025940705260315
0.0
-0.002299344885629524
0.0
0.0
0.0
0.0
0.0
0.0
0.0
0.0
0.0
0.0
0.0
0.005035314141531992
0.0
0.0
0.0
0.0
0.0
0.0
0.0
0.0
0.0
0.0
0.0
0.0
0.0
0.0
0.0
0.11813203835642791
0.17253589376926706
0.0
0.0
0.0366927837216498
0.0
0.0
0.0
0.0
0.0
0.0
0.0
0.0
0.0
0.0
0.0018285610993871246
0.0
0.0
0.16568460391815668
0.0
0.0
0.0
0.02789333523088207
0.0
0.0
0.0
0.01593852364237872
0.0
0.0
0.0
0.0
0.0
0.0
0.0
0.0
0.0
0.0
0.0
0.0
0.0
0.0
0.06817549901119367
0.0
0.0
0.0
0.0
0.0
0.0
0.0
0.0
0.0
0.0
0.0
0.0
0.0
0.0
0.0
0.0
0.0
0.0
0.0
0.0
0.0
0.0
0.0
0.0
0.0
0.0
0.0
0.0
0.0
0.0
0.0014205986347807036
0.0
0.0
0.0
0.025401904539537418
0.0
0.0
0.0
0.014889685311255675
0.0
0.0
0.0
0.0
0.0
0.0
0.0
0.0
0.0
0.0
0.0
0.05909579190015816
0.0
0.0
0.0
0.0
0.010570788537915661
0.044353187368195796
0.0
0.0
0.012182961861087133
0.0
0.0
0.0
0.0
0.0
0.0
0.0
0.0
0.002555101115246403
0.0
-0.008537741011913173
0.0
0.0
0.0
0.0
0.027958748565056566
0.0
0.0
0.008174866447434263
0.0
0.0
0.0
0.06204611300764663
0.0
0.0
0.0
0.0
0.0
0.0
0.0
0.0
0.0
0.023146375689445716
0.0
0.0
0.0
0.0
0.0
0.0
0.04210221144126747
0.0
0.0
0.0
0.0
0.04268410550910611
0.0
-0.00832981514168509
0.0
0.0
0.05026634420661895
0.0
0.0
0.0
0.0
0.0
0.0
0.0
0.02768010035974094
0.0
0.0
0.0
0.0
0.0
0.0
0.0
0.0
0.0
0.0
0.0
0.035121497712237326
0.0
0.0
0.0
0.0
0.0
0.0
0.0
0.0
0.0
0.0
0.0
0.0
0.0
0.0
0.0
0.0
0.0
0.0
0.0
0.0
0.0
0.0
0.0
0.0
0.0
0.0
0.0
0.0
0.0
0.0
0.0
0.0
0.0
0.0
0.0
0.02123445626470512
0.0
-0.00016714603006239386
0.0
0.0
0.0
0.0
0.0
0.0
0.0
0.018064034885210394
0.0
0.04466232368162125
0.0
0.0
0.0
0.0
0.0
0.0
0.0
0.0
0.0
0.012521137854019237
0.0
0.0
0.0
0.0
0.0
0.0
0.0
0.0
0.0
0.0
0.0
0.0
0.0
0.0
0.0
0.0
0.023531960712521022
0.0
0.0
0.0014748958699912383
0.0
0.0
0.0
0.0
0.0
0.0
0.0
0.0
0.0
0.0
0.0
0.0
0.0
0.0
0.0
0.0
0.02223872556785561
0.059842089129681454
0.039642331214808264
0.0
0.0
0.0
0.0
0.0005026407970682592
0.0
0.035831215875076615
0.0
0.0
0.02412669537805761
0.0
0.0
0.0
0.0
0.0
0.0
0.0
0.0
0.0
0.0
0.017405702047059525
0.0
0.0
0.0
0.0
0.0
0.0
0.0
0.0
0.0
0.01797694795829617
0.0
0.0
0.0
0.0
0.0
0.0
0.0
0.0
0.0
0.0
0.0
0.0
0.0
0.01988323621412593
0.0
0.0
0.0
0.07298180358447434
0.0
0.0
0.0
0.0
0.0
0.0
0.018235566340699727
0.0
0.0
0.0
0.0
0.0
0.0
0.0
0.0
0.06469310166908579
0.0
0.0
-0.008954869502107055
0.0
0.0
0.0
0.0
0.0
0.0
0.0
0.0
0.0
0.0
0.0
0.0
0.026334451807219016
0.0
0.0
0.0
0.0
0.0
0.0
0.002935046997136754
0.0
0.0
0.0
0.0
0.0
0.0
0.028708523470630968
0.0
0.00834584033523316
0.02180443661925567
0.0
0.0
0.0
0.0
0.0
0.0
0.0
0.0
0.0
0.0
0.0
0.0
0.0
0.0
0.06379344938469711
0.0
0.0
0.0
0.0
0.0
0.0
0.0
-0.007487055293857903
0.0
0.0
0.0
0.0
0.0
0.0
0.0
0.0
0.0
0.0
0.0
0.023536576514980458
0.0
0.0
0.0
0.0
0.0
0.0
0.0
0.0
0.0
0.06647675966125982
0.0
0.0
0.0
0.0
0.0
0.0
0.0
0.0
0.0
0.0
0.0
0.0
0.0
0.0
0.0
0.09559875392912347
0.0
0.0
0.0
0.004652744711898278
0.0
0.0
0.0
0.0
0.0
0.0
0.0
0.0
0.0
0.016631757049857424
0.06193920015724639
0.10778909665796453
0.0
0.0
0.010305132270243565
0.0
0.0
0.0
0.0
0.0
0.0
0.0
0.0
0.0
0.0
0.0
0.0
0.0
0.0
0.0
0.0
0.0
0.0
0.0
0.0
0.1381664794886345
0.0
0.0012246147695471824
0.0
0.0
0.0
0.0
0.0
0.0
0.0
0.0
0.0
0.0
0.0
0.0
0.0
0.0
0.0678063751286351
0.06613437805449242
0.0
0.0
0.0
0.014971672254658727
0.0034556356669156445
0.0
0.0
0.0
0.0
0.013649348642873592
0.07843199913890365
0.0
0.0
0.0
0.0
0.0
0.0
0.0
0.0
0.0
0.0
0.0
0.0
0.0
0.0
0.20181289327898888
0.0
0.0
0.0
0.0
0.0
0.0
0.0
0.0
0.0
0.0
0.06559020377323628
0.0
0.0
0.0
0.0
0.0
0.0
0.0
0.0
0.0
0.0
0.0
0.0
-0.01539816094251985
0.0
0.0
-0.002170133319762408
0.09236460775273532
0.0
0.0
0.0
0.0
0.0
0.0
0.0
0.0
0.00658545809674925
0.0
0.0
0.0
0.0
0.0
0.0
0.0
0.0
0.0
0.0
0.0
0.0
0.0
0.0
0.056761733070131146
0.0
0.0
0.0
0.0
0.0
0.007988084136419396
0.0
0.0
0.0
0.0
0.0
0.0
0.0
0.0
0.0
0.036064997669860675
0.010391121298142262
0.0
0.0
0.0
0.0
0.0
0.0
0.0
0.0
0.0
0.0
0.0
0.0
0.0
0.0
0.0
0.0
0.0
0.0
0.0
0.0
0.04664566939571088
0.0
0.0
0.0
0.0
0.0
0.0
0.0
0.0
0.0
0.0
0.0
0.0
0.0
0.0
0.0
0.0
0.010622331604400206
0.0
0.0
0.0
0.0
0.0
0.0
0.05431287824535683
0.0
0.0
0.0
-0.008557920756259092
0.0
0.0
0.0
0.01540292657666822
0.0
0.0
0.016001831091266867
0.0
0.0
0.0
0.0
0.0
0.0
0.0
0.0
0.0
0.0
0.0
0.0
0.0
0.0
0.0
0.0
0.0
0.0
0.0
0.0
0.0
0.0
0.0
0.0
0.0
0.0
0.0
0.0
0.0
0.0
0.0006364802555248865
0.0
0.0
0.0
0.0
0.0
0.050269707379943705
0.034020268759917274
0.0
0.0
0.0
0.0
0.0
0.0
0.07853277199607496
0.0
0.0
0.09483395549460535
0.0
0.0
0.0
0.0
0.0
0.0
0.0
0.0
0.0
0.0
0.0
0.0
0.0
0.0
0.0
0.0
0.010883769693666227
0.0
0.0
0.0
0.0
0.0
0.0
0.0
0.0
0.026471650462791478
0.0
0.0
0.0
0.0
0.0
0.0
0.0
0.0
0.046156750661785886
0.0
0.0
0.0803983672428943
0.0
0.0
0.0
0.0
0.0
0.0521315640744353
0.0
0.0
0.0
0.0
0.0
0.0
0.0
0.0
0.0
0.0
0.0
0.0
0.0
0.0
0.0
0.0
0.0
0.0
0.0
0.10151080110312088
0.0
0.11282416990101822
-0.0008062430087035588
0.0
0.0
0.06634130249653913
0.0
0.0
0.0
0.0
0.0
0.0
0.0
0.0
0.0
0.0689310985358251
0.01841831794399095
0.0
0.0
0.0
0.0
0.0
0.0
0.0067699807598667824
0.0
0.0
0.0
0.0
0.0
0.01572004898333351
0.0
0.0
0.0
0.0
0.0
0.0
0.0
0.0
0.0
0.0
0.0
0.0
0.0
0.0
0.1859047054072315
0.01458629425907979
0.0
0.0
0.0
0.0
0.0
0.0
0.0
0.0
0.0
0.0
0.0
0.0
0.0
0.0
0.0
0.0663204963983397
0.013236139740926847
0.0
0.0
0.0
0.0
0.0
0.0
0.0
0.0
0.0
0.0
0.0
0.0
0.0
0.0
0.0
0.0
0.0
0.0
0.0
0.0
0.0
0.0
0.0
0.0
0.0
0.0
0.0
0.0
0.0317845410669646
0.0
0.0
0.0
0.0
0.0
0.0
0.0
0.0
0.0
0.0
0.0
0.0
0.0
0.09097366261510512
0.0
0.0
0.0
0.19096342902560468
0.0
0.0
0.0
0.0
0.02131654455621791
0.0
0.0
0.03704218466373731
0.0
0.0
0.0
0.0
0.0
0.0
0.0
0.0
0.0
0.0
0.0
0.0
0.0
0.0
0.011989218513449616
0.0
0.0
0.0
0.0
0.021750024792736588
0.0
0.0
0.0
0.0
0.0
0.0
0.0
0.0
0.0
0.0
0.0
0.0
0.0
0.0
0.0
0.0
0.0
0.0
0.0
0.0
0.0
0.0
0.0
0.0
0.0
0.0
0.0
0.0
0.0
0.0
0.017227217010090064
0.0
0.0
0.0
0.0
0.13461606527011793
0.0
0.022445903701495535
0.0
0.21005746785813206
0.0
0.0
0.0
0.0
0.0
0.0
0.0
0.0
0.0
0.0
0.0
0.06142222395390619
0.017424193863665755
0.0
0.06925337508329638
0.0
0.0
0.0
0.0
0.0
0.0
0.0015461094406728055
0.0
0.0
0.0
0.0
0.015283064072999838
0.0
0.0
0.0
0.0
0.0
0.0
0.0
0.0
0.0
0.0
0.0
0.0
0.0
0.0
0.04291179926506251
0.0
0.0
0.0
0.0
0.0
0.0
0.0
0.0
0.0
0.0
-0.004774212328544821
0.0
0.0
0.022298866485890332
0.0
0.0
0.0
0.11495492314013406
-0.0165663749474337
0.0
0.0
0.0
0.0
0.1902299480457275
0.0
0.0
0.0
0.0
0.0
0.0
0.0
0.0
0.0
0.0
0.0
0.0
0.0
0.0
0.0
0.0
0.0
0.0
0.1404044368489042
0.0
0.0
0.0
0.0
0.0
0.0
0.0
0.0
0.0
0.0
0.0
0.0
0.0
0.0
0.0
0.04101796873882171
0.0
0.0
0.0
0.0
0.0
0.0
0.0
0.0
0.0
0.0
0.0
0.0
0.0
0.0
0.0
0.0
0.0
0.0
0.0
0.0
0.0
0.0
0.0
0.0
0.0
0.0
0.0
0.0
0.03114195388899102
0.0
0.0
-0.0009478440073931039
0.0
0.0
0.0
0.0
0.0
0.0
0.0
0.0
0.0
0.0
0.0
0.0
0.0
0.0
0.0
0.0
0.0
0.0
0.0
0.0
0.14427507138840306
0.0
0.0
0.0
0.0
0.0
0.0
0.0
0.0
0.0
0.0
0.0
0.08954017725503047
0.0
0.0
0.0
0.0
0.0
0.0
0.0
0.0
0.0
0.0
0.0
0.0
0.005302426963494545
0.0
0.0
0.0
0.09722133068689139
0.0
0.007243217853686971
0.03712436468144874
0.0
0.0
0.0
0.0
0.0
0.0
0.0
0.0
0.0
0.0
0.0
0.0
0.0
0.0
0.0
0.0
0.0
0.0
0.0
0.0
0.0
0.0
0.0
0.0
0.0
0.0
0.07119109980372353
0.0
0.0
0.0
0.0
0.0
0.0
0.0
0.0
0.0
0.0
0.0
0.0
0.0
0.0
0.0
0.0
0.0
0.0
0.0
0.0
0.0
0.0
0.0
0.0
0.0
0.0
0.0
0.0
0.0
0.0
0.0007264003117178997
0.0
0.0
0.0
-0.009636580817594604
0.0
0.0
0.0
0.0
0.0
0.0
0.0
0.0
0.0
0.0
0.0
0.0
0.0
0.0
-0.000828110924788695
0.0
0.0
0.0
0.1755289032899217
0.0
0.0
0.0
0.0
0.0
0.0
0.0
0.0
0.0
0.0
0.0
0.0
0.0
0.043306880802338465
0.0
0.0
0.0
0.0
0.0384951593963096
0.0
0.0
0.0
0.0
0.0
0.0
0.0
0.008765247539189867
0.0
0.07034469789523651
0.051388083895245414
0.072585104896035
0.0
-0.07280190160208554
0.0
0.0
0.0
0.03972958184486751
0.0
0.0
0.0
0.0
0.0
0.0
0.0
0.0
0.0
0.0
0.0
0.0
0.0
0.0
0.0
0.0
0.0
0.0
0.0
0.0
0.0
0.0
0.0
0.0002986584437247779
0.0
0.0
0.0
0.04257991984468727
0.0
0.0
0.0
0.032275351995543794
0.0
0.0033924263437470487
0.0
0.0
0.0
0.0
0.0
0.0
0.0
0.0
0.0
0.019349091698926586
0.020069905860188655
0.0
0.0
0.0
0.10558326011182777
0.0
0.0
0.0
0.06710606156099419
0.0
0.0
0.0
0.0
0.0
0.0
0.043557763773909304
0.0
0.0
0.0
0.0
0.0
0.0041061222999697194
0.0
0.0
0.0
0.0
0.0
0.0
0.0
0.0
0.0
0.0
0.0
-0.010270947860260575
0.011547690810521845
0.0
0.0
0.0
0.0
0.0
0.0
0.0
0.013275578633861482
0.0
0.0
0.0
0.0
0.0
0.0
0.0
0.0
0.0
0.0
0.0
0.0
0.0
0.0
0.0
0.0
0.0
0.0
0.08177966703086877
0.0
0.0
0.0
0.0
0.0
0.0
0.0
0.0
0.0
0.0
0.0
0.0
0.0
0.0
0.0
-0.001221542224383415
0.024885568163315656
0.0
0.042167780985209506
0.0
0.0
0.0
0.01952796325078018
0.0
0.0
0.0
0.0
0.0
0.0
0.013698661739703683
0.0
0.0
0.08952684536047435
0.0
0.0
0.0
0.09102764304538671
0.0
0.0
0.0
0.0
0.0
0.0
0.0
0.0
0.0
0.0
0.0
0.0
0.0
0.0
0.0
0.03662184269440144
0.0
0.0
0.0
0.0
0.0
0.0
0.0
0.0
0.0
0.0
0.0
0.0
0.0
0.0
0.05843262884899856
-0.01640089358777945
0.0
0.0
0.0
0.05962959421846305
0.0
0.0
0.0
0.0
-0.008651209260974577
0.0
0.06757200070809019
0.0
0.0
0.0
0.0
0.04231745136986252
0.0
0.0
0.0
0.0
0.0
0.0
0.0
0.0
0.0
0.0
0.0
0.0
0.0
0.0
0.1547569548856678
0.02792105543789735
0.0
0.0
0.0
0.025420260406943722
0.0
0.0
0.0
0.011366715041110855
0.0
0.0
0.0
0.0
0.0
0.0
0.0
0.0
0.09486818089364123
0.0
0.019462109161621593
0.0
0.0
0.0
0.0
0.0
0.0
0.0
0.1920679407863128
0.0
0.0
0.0
0.0
0.0
0.0
0.0
0.0
0.0
0.0
0.0
0.0
0.0
0.0
0.0
0.030655608678780404
0.0
0.0
0.0
0.0
0.0
0.0
0.007101093802500922
0.0
0.0
0.04125296653287723
0.0
0.0
0.0
0.0
0.0
0.0
0.0
0.0
0.044270873847629774
0.0
0.0
0.0
0.0
0.0
0.0
0.0
0.0
0.0
0.0
0.09397749978263317
0.0
0.0
0.0
0.0
0.0
0.0
0.0
0.0
0.0
0.0
0.0
0.0
0.0
0.011480693041989691
0.0
0.0
0.0
0.0
0.0
-0.0007842447550245253
0.0
0.0
0.0
0.0
0.0
0.0
0.0
0.0058968352709500285
0.0
0.0
0.10958019281502683
0.0
0.0
0.0
0.0
0.005795296293295999
0.0
0.0
0.0
0.0
0.0
0.0
0.0
0.0
0.0
0.0
0.0
0.0
0.0
0.0
0.0
0.0
0.0
0.0
0.0
0.0
0.0
0.0
0.0
0.0
0.015576404808510174
0.0
0.0
0.0
0.0
0.0
0.0
0.0
0.0
0.0211406006931206
0.0
0.0
0.01350526959446303
0.0
0.0
0.0
0.0
0.0
0.015122619872915154
0.0
0.0
0.0
0.0
0.0
0.0
0.0
0.0
0.007451549066616116
0.0036905774020201234
0.0
0.0
0.015337452990229667
0.0
0.0
0.0
0.0
0.0
0.0
0.0
0.0
0.0
0.0
0.0
0.0
0.0
0.0
0.002405622536896359
0.0
0.0
0.0
-0.013793105177342455
0.0
0.0
0.0
0.0
0.0
0.0
0.0
0.0
0.0
0.0
0.0
0.0
0.0
0.0
0.0
0.0
0.0
0.0
0.0
0.01350110959732616
0.0
0.0
0.0
0.0
0.0
0.0
0.0
0.0
0.0
0.0
0.0
0.0
0.0
0.0
0.0
0.0
0.0
0.18757743184866746
0.0
0.0
0.0
0.0
0.011576799268849247
0.0
0.0
0.0
0.06426565010458943
0.0
0.0
0.0
0.0
0.0
0.0
0.014283961587244426
0.0
0.0
0.028450992126370832
0.0
0.0
0.0
0.0
0.0
-0.018225957210557083
0.0
0.0
0.0
0.0
0.0
0.0
0.0
0.057057102916037446
0.0
0.0
0.0
0.0
0.0
0.0
0.0
0.0
0.0
0.0
0.0
0.0036883361862524704
0.0
0.0
0.0
0.0
0.0
0.0
0.19378353255053116
0.0
0.0
0.0
0.0
0.0
0.0
0.0
0.0
0.0
0.0
0.0
0.0
0.0
0.0
0.0006178030207439162
0.0
0.0
0.014057768111202552
0.0058714819151256155
0.0
0.0
0.0
0.0
0.0
0.0
0.0
0.0
0.0
0.008962456087949417
0.0
0.0
0.0
0.0
0.02412002593307852
0.0
0.0
0.02711347983592521
0.0
0.0
0.0
0.0
0.0
0.0
0.0
0.042468393671539824
0.0
0.0
0.0
0.18177727017290066
0.0
0.0
0.0
0.0
0.0
0.0
0.0
0.0
0.0
0.0
0.0
0.0
0.0
0.0
0.0
0.0
0.0
0.13304896779905487
0.014193141066816222
0.0
0.0
0.0
0.0
0.0
0.0452459363159627
0.0
0.0
0.0
0.0
0.0
0.0
0.0
0.0
0.0
0.0
0.0
0.0
0.0
0.0
0.016229661158702936
0.004990862661032204
0.0
0.0
0.0
0.0
0.0
0.0
0.020796606564870306
0.0
0.0
0.0
0.0
0.0
0.0
0.0
0.0
0.0
0.0
0.0
0.050934130619966954
0.0
0.028874222895237386
0.0
0.0
0.0
0.0
0.0
0.0
0.0
0.0
0.0
0.0373549606187942
0.0
0.0
0.0
0.0
0.0
0.0
0.0
0.0
0.0
0.0
0.0
0.0
0.0
0.0
0.0
0.0
0.0
0.0
0.0
0.0
0.0
0.0
0.0
0.0
0.0
0.0
0.0
0.0
0.0
0.0
0.0
0.0
0.0
0.0
0.0
0.0
0.0
0.0
0.0
0.0
0.014052495903277337
0.0
0.0
0.0
0.0
0.03645568254169408
0.0
0.0
0.0
0.14726888680311442
0.0
0.0
0.0
0.0
0.0
0.0
0.0
0.0
0.0
0.0183460781569776
0.0
0.0
0.00870431661596085
0.0
0.0
0.0
0.0
0.0
0.0
0.0
0.0
0.027848396318238704
0.0
0.0
0.0
0.0
0.0
0.0
0.0
0.0
0.0
0.0
0.0
0.013805890878598504
0.0
0.0
0.0004394243471565377
0.0
0.0
0.0
0.0
0.0
0.0
-0.06576420644875816
0.0
0.04955641274330077
0.0
0.0
0.0
0.0
0.0
0.0
0.0
0.0
0.0
0.0
0.0
0.005764051239998591
0.0
0.0
-0.0031408979774578284
0.0
0.0
0.0
0.0010141982147044272
0.0
0.0
0.0
0.14614961596310974
0.0
0.07304776119862966
0.0
0.0
0.0
0.0
0.0
0.0
0.0
0.0
0.0
0.0
0.01646760268854838
0.0
0.0
0.0
0.0
0.0
0.0
0.0
0.0
0.0
0.0
0.0
0.0
0.0
0.0
0.08945922214333289
0.011439553752501516
0.0
0.0
0.0
0.0
0.0
0.0
0.0
0.0
0.0
0.0
0.0
0.0
0.0
0.0
0.0
0.0
0.0
0.0
0.0
0.0
0.0
0.0
0.0
0.0
0.0
0.17354516791434949
0.03786788667058026
0.0
0.0
0.0
0.0
0.003952399967393064
0.0
0.0
0.0
0.0
0.03279326671808817
0.0
0.0
0.0
0.03558441359922717
0.0
0.0
0.0
0.0
0.0
0.0
0.0
0.0
0.0
0.0
0.033954710769522715
0.0
0.0
0.0
0.0
0.03985439500827493
0.036982861106838086
0.0
0.0
0.0
0.0
0.0
0.016225401672859074
0.0
0.0
0.0
0.0
0.0
0.0
0.0
0.0
0.0
0.0
0.0
0.0
0.0
0.0
0.0
0.0
0.0
0.0
0.1047495225995597
0.0
0.0
0.0
0.0
0.0
0.0
0.0
0.06850450750295602
0.0
0.0
0.0
0.0
0.0
0.0
0.0
0.0
0.0
0.0
0.0
0.0
0.0
0.0
0.0
0.0
0.0
0.0
0.0
0.0
0.0
0.0
0.0
0.0
0.0
0.0
0.004566526721947251
0.0
0.0
0.0
0.0
0.0
0.0
0.0
0.11282532380360974
0.0
0.0
0.0
0.0
0.0
0.0
-0.007647558076870454
0.0
0.0
0.008231597853970894
0.0
0.0
0.0
-0.003665758959000437
0.0
0.0
0.0
0.0
0.0
0.0
0.0
0.0
0.0
0.0
0.0
0.0
0.0
0.0
0.0
0.0
0.0
0.0
0.0
0.0
0.0
0.0
0.0
0.0
0.0
0.0
0.0
0.0
0.0
0.0
0.0
0.0
0.0
0.0
0.0
0.0
0.0
0.0
0.03870876129999131
0.0002083320159887168
0.0
-0.012596000985900361
0.0
0.0
0.0
0.1746899047051897
0.04858883745129312
0.0
0.0
0.0
0.0
0.0
0.0
0.0
0.0
0.0
0.0
0.0
-0.0002680559526075148
0.0
0.0
0.0
0.0
0.0
0.0
0.0
0.0
0.0
0.0
0.0
0.0
0.0
0.0
0.0
0.0
0.0
0.0
0.0
0.0
0.0
0.0
0.0
0.0
0.0
0.0
0.0
0.0036792746380840033
0.0
0.0
0.0
0.0
0.0
0.0
0.0
0.004769660879341482
0.0
0.0
0.0
0.03465364360943179
0.0
0.011672057944996561
0.0
0.0
0.0
0.0
0.0
-0.0012226386517136761
0.0
0.0
0.0
0.0
0.0
0.0
0.0
0.0
0.0
0.0
0.0
0.0
0.0
0.013461872917521357
0.0
0.0
0.0
0.0
0.0
0.0
0.0
0.17018474771263903
0.05132355705081623
0.0
0.0
0.0
0.0
0.0
0.0
0.0
0.0
-0.02353140519100202
0.0
0.01884153224935806
0.0
0.0
0.0
0.0
0.0
0.03772992843475817
0.0
0.0
0.0
0.0
0.0
0.0
0.0
-0.0005428538105198261
0.0
0.0
0.0
0.0
0.0
0.023964580174522937
-0.0024370494170646317
0.0
0.0
0.0
0.008005846031543373
0.0
0.0
0.0
0.0
0.0
0.0
0.0
0.0
0.0
0.0
0.0
0.0
0.0
0.0
0.0
0.0
0.0
0.012633268373374166
0.0
0.0
0.0
0.0
0.0
0.0
0.0
0.0
0.0
0.0
0.09802878211271449
0.0
0.0
0.0
0.0
0.0
0.0
0.0
0.0
0.0
0.0
0.0
0.0
0.0
0.0
0.07068735275755339
0.0
0.043131840361080816
0.0
0.0
0.0
0.0
0.0
0.0
0.0
0.0
0.0
0.0
0.0
0.042405195122241786
0.04808913335842033
0.0
0.0
0.0
0.0
0.0
0.0
0.0
0.0
0.0
0.034391669528130414
0.0
0.0
0.0
0.0
0.0
0.0
0.0
0.0
0.0
0.0
0.0
0.0
0.0
0.0
0.0
0.0
0.0
0.0
0.0
0.005955607558101652
0.0
0.030224127996130234
0.0
0.0
0.007179888130699463
0.0
0.0
0.0
0.0
0.009260093760706105
0.0
0.0
0.048139479608983377
0.0
0.0
0.0
0.0
0.0
0.0
0.0
0.0
0.0
0.0
0.0
0.0
0.029851314490932947
0.0
0.0
0.0
0.0
0.0
0.0
0.0
0.0
0.0
0.0
0.0
0.004100945822726229
0.0
0.006147739336728195
0.0
0.0
0.011337688885339432
0.0
0.0
0.0
0.0
0.0
0.0
0.0
0.0
0.0
0.0
0.0
0.0
0.0
0.015814726652881667
0.0
0.0
0.0
0.0
0.030241486121211164
0.0
0.00809344140697208
0.0
0.0
0.041224750049479654
0.0
0.0
0.0
0.0
0.0
0.0
0.0
-0.09743079266615169
0.0
0.0
0.0
0.0
0.01629163368958515
0.0
0.0
0.0
0.0
0.0
0.0
0.0
0.0
0.0
0.0
0.0
0.0
0.0
0.0
0.05798145289831972
0.0
0.0
0.008245327540537197
0.0
0.0
0.0
0.0
-0.008157331933967575
0.0
0.0
0.0
0.035222988635821295
0.0
0.0
0.0
0.0
0.0
0.0
0.0
0.0
0.0
0.0
0.0
0.0
0.0
0.0
0.0
0.0
0.01559111283170184
0.0
0.04776066290966208
0.0
0.0
0.0
0.0
0.0
0.0
0.0
0.0
0.0
0.0
0.0
0.0
0.0
0.0
0.0
0.03500781787109168
0.05979037963910281
0.0
0.0
0.0
0.005992205500879008
0.0
0.0
0.0
0.0
0.0313770829464839
0.0
0.1406897853943634
0.0
0.0844328590266584
0.0
0.0
0.0
0.0
0.0
0.07675983203634523
0.0
0.0
0.0
0.0
0.0
0.0
0.0
0.0
0.0
0.0
0.0
0.0
0.0
0.0
0.0
0.0
0.10031427339867319
0.0
0.0
0.06453446920711503
0.0
0.0
-0.008983271852958316
0.0
0.0
0.0
0.0
0.0
0.0
0.0
0.0
0.0
0.0
0.0
0.0
0.0
0.0
0.0
0.0
0.0
0.0
0.0
0.0
0.0
0.0
0.0
0.0
0.0
0.0
0.0
0.06665469456435365
0.0
-0.033402832874062274
0.0
0.0
0.0
0.0
0.0
0.0
0.0
0.0
0.0
0.0
0.0
0.0
0.0
0.0
0.0
0.0
0.0
0.0
0.0
0.0
0.0
0.05589258436011905
0.0
0.0
0.0
0.0
0.0
0.0
0.0
0.0
0.0
0.0
0.0
0.0
0.08684448783341739
0.0
0.0
0.08317373199047505
0.0
0.0
0.0247365826770109
0.0
0.0
0.09842790899464895
0.03365402489039836
0.0
0.0
0.0
0.11310895956813335
0.0
0.0
0.0
0.0
0.0
0.0
0.0
0.0
0.0
0.0
0.0
0.0
0.0
0.0
0.0
0.0
0.0
0.0
0.0
0.0
0.0
0.0
0.0034180585838717564
0.0
0.0
0.0
0.0
0.0
-0.014677928405471479
0.0
0.0
0.0
0.0
0.0
0.028336467734006686
0.0
0.007236076053407835
0.0
0.0
0.0
0.0
0.0
0.0
0.0
0.0
0.0
0.10467862245817007
0.0
0.0
0.0
0.0
0.0
0.0
0.0
0.036306462749814424
0.0
0.0
0.021260529934073052
0.0
0.0
0.0
0.0
0.0
0.016101913880270304
0.0
0.0
0.0
0.0
0.0
0.0
0.0
0.0
0.0
0.0
0.0
0.0
-0.007323625166948781
0.0
0.0
0.0
0.0
0.0
0.0
0.0
0.0
0.0
0.0
0.0
0.0
0.0
0.0
0.0
0.0
0.0
0.0
0.0
0.0
0.0
0.0
0.0
0.0
0.0
0.0
0.11130308487024333
0.0
0.0
0.0
0.0
0.0
0.0
0.0
0.0
0.0
0.0
0.0
0.0
0.0
0.0
0.0
0.0
0.0
0.0
0.0
0.0
0.0
0.0
0.0
0.0
0.0
0.05453713098464572
0.0
0.0
0.0
0.055764759379856546
0.0
0.0
0.0
0.0
0.0
0.0
0.0
0.0
-0.010605492544605973
0.0
0.0
0.0
0.0
0.0
0.0
0.0
0.014485279894563953
0.0
0.0
0.0
0.0
0.0
0.0
0.0
0.0
0.0
0.0
0.0
0.0
0.0
0.0
0.0
0.0
0.0
0.0
0.0
0.0
0.0
0.0
0.015888859669695925
0.0
0.0
0.0
0.0
0.0
0.0
0.0
0.0
0.0
0.0
0.011991669692771552
0.0
0.0
0.0
0.0
0.0
0.08941155787087395
0.0
0.0
0.0
0.026693453115119885
0.0
0.0
0.0
0.0
0.04503996708816719
0.0
0.0
0.0
0.0
0.04084439161412047
0.0
0.03526341393274186
0.0190542220129233
0.0
0.0
0.047728019268196024
0.0
0.0
0.0
0.0
0.0
0.0
0.0
0.0
0.0
0.0
0.0
0.0
0.0
0.0
0.0
0.023833893845897475
0.0
0.0
0.0
0.023385242629985845
0.0
0.0
0.0
0.0
0.0
0.0
0.0
0.0
0.0
0.005235713093050247
0.0
0.0
0.03755466591921938
0.0
0.0
0.0
0.0
0.0
0.020173236748712704
0.0
0.0
0.0
0.021842722221348844
0.0
0.0
0.0
0.0
0.0
0.0
0.0
0.0
0.0
0.0
0.0
0.0
0.0
0.0
0.0
0.15850671491948023
-0.0009467979016621378
0.0
0.0
0.0
0.0
0.0
0.0
0.0
0.0
0.01778684228275856
0.0
0.0
0.0
0.0
0.0
0.0
0.0
0.0
-0.004110138241918448
0.0
0.0
0.0
0.0
0.0
0.0
0.0
0.0
0.0
0.0
0.0
0.0
0.0
0.013491243317480582
0.1265436165254224
0.0
0.0
-0.011770533973159508
0.0
0.0
0.0
0.0
0.0
0.008223632082371597
0.0
0.0
0.0
0.0
0.0
0.0
0.0
0.0
0.0
0.0
0.0
0.0
0.0
0.0
0.0
0.0
0.0
0.0
0.0
0.0
0.1857273823251324
0.0
0.0
0.0
0.0
0.06707925887835454
0.0
0.0
0.0
0.0
0.0
0.0
0.0
0.0
0.0
0.003874068741402312
-0.03590529707743171
0.0
0.0
0.0
0.0
0.0
0.0
0.0
0.0
0.0
0.011910081303718473
0.0
0.0
0.0
-0.09576877063365885
0.0
0.0
0.0
0.0
0.035943636963824466
0.01755374902928345
0.05803784151169266
0.05991138444472017
0.0
0.0
0.0
0.0
0.0
0.0
0.0
0.0
0.0
0.0
0.0
0.0
0.0
0.0
0.0
0.0
0.0
0.0
0.0
0.0
0.0
-0.022274455510428892
0.0
0.0
0.0
0.0
0.0
0.018209663304076383
0.0
0.0
0.02338475628176203
0.0
0.0
0.0
0.0
0.0
0.04635233363166423
0.0
0.0
0.0
0.0
0.0
0.0
0.033394432502988264
0.00042537365854899414
0.0
0.0
0.0
0.0
0.0
0.0
0.0
0.0
0.0
0.0
0.04131950666217434
0.0
0.0
0.0
0.0
0.0
0.0
0.0
0.09931921450256587
0.0
0.0
0.0
0.043727764629042765
0.0
-0.02087598155585134
0.021453558176943107
0.0
0.0
0.0
0.0
0.0
0.0
0.0
0.0
0.0
0.0
0.0
0.0
0.0
0.0
0.0
0.0
0.0
-0.006039054220238185
0.0
0.0
0.0
0.0
0.0
0.0
0.0
0.0
0.0
0.0
0.0
0.0
0.0
0.0
0.0
0.0
0.0
0.0
0.0
0.0
0.0
0.0
0.0
0.0
0.0
0.0
0.0
0.0
0.0
0.0
0.0
0.0
0.0
0.0
0.0
0.0
0.0
0.0
0.0
0.0
0.0
0.0
0.0
0.0
0.0
0.0
0.0
0.029660720893992975
0.0
0.0
0.0
0.04633238972956779
0.0
0.0
0.0
0.0
0.0
0.0
0.005023855053068214
0.0
0.0
0.0
0.0
0.0
0.008000610116223448
0.0
0.0
0.0
0.09371622613355136
0.0
0.0
-0.040924067823804235
0.0
0.0
0.0
0.0
0.0
0.0
0.0
0.0
0.0
0.0
0.0
0.0
0.0
0.0
0.0
0.0
0.0
0.0
0.0
0.0
0.11179497290635915
0.0
0.0
-0.00960259921685458
0.0
0.0
0.0
0.0
0.0
0.0
0.0
0.0
0.017462585470686288
0.05880469893513624
0.0
0.0
0.0
0.0
0.0
0.0
0.0
0.0
0.0
0.0
0.0
0.0
0.0
0.0
0.05148435846865213
0.05821758119954457
0.0
0.015698270253544106
0.0
0.0
0.012910029574892174
0.0
0.0
0.0
0.0
0.0
0.0
0.012442270468307011
0.05644778649645542
0.0
0.0
0.0
0.0
0.0
0.0
0.0
0.0
0.0
0.0
0.0
0.0
0.057300589936924294
0.0
0.0
0.0
0.0
0.0
0.0
0.0
0.0
0.0
0.01880211722027986
0.0
0.031803308499308645
0.0
0.0
0.0
0.007734908219491252
0.0
0.0
-0.0011538592042869777
0.06285661612560546
0.0
0.0
0.0
0.0
0.0
0.0
0.0
0.0
0.0
0.0
0.0
0.0
0.0296506020694078
0.0
0.0
0.0
0.10725509373073548
0.0
0.0
0.0
0.0
0.0
0.0
0.0
0.0
0.0
0.0
0.0
0.0
0.0
0.0
0.0
0.0
0.09311750693208479
0.0
0.0
0.0
0.0
0.02199318884356146
0.0
0.006728445653728176
0.0008972476889065745
0.0
0.0
0.0
0.0
0.18501420691857742
0.0
0.0
0.0
0.0
0.0
0.0
0.0
0.0
0.0
-0.0031315557322109146
0.0
0.0
0.0
0.0
0.0
0.0
0.0
0.0
0.0
0.0
0.0
0.0
0.1015091353663178
0.0
0.0
0.0
0.0
0.0
0.0
0.0
0.0
0.0
0.0
0.0
0.002471805449077413
0.0
0.0
0.0
0.0
0.004751424013353181
0.0
0.0
0.0
0.0
0.0
0.0
0.0
0.0
0.07212451797877127
0.0
0.0
0.0
0.0
0.0
0.0
0.0
0.0
0.0
0.03648071328704734
0.0
0.0038481223226081054
0.055304606747189525
0.009678989353513237
0.0
0.0
0.0
0.0
0.0023079694589396593
0.0
0.0
0.0
0.0
0.0
0.0
0.0
0.0
0.0
0.0
0.0
0.0
0.0
0.08718979963577232
0.0
0.0
0.0
0.0
0.0
0.0
0.0
0.0
0.0
0.0
-0.06034809840352977
0.0
0.020574157286894382
0.0
0.03105901990286399
0.0
0.0
0.0
0.0
0.0
0.0
0.0
0.0
0.0
0.0
0.0
0.0
0.0
0.0
0.0
0.0
0.0
0.0
0.013648651741964703
0.0
0.0
0.0
0.0
0.0
0.0
0.0
0.0
0.0
0.0
0.0
0.0
0.0
0.0
0.0
0.0
0.0
0.035491275383687494
0.0
0.0
0.0
0.0
0.0
0.0
0.0
0.0
0.0
0.0
0.0
0.028628292935876605
0.0
0.0
0.0
0.0
0.0
0.0
0.02412113262587773
0.0
0.0
0.0
0.0
0.0
0.0
0.0
0.0
0.0
0.0
0.0
0.0
0.0
0.0
0.0
0.0
0.016275676544764618
0.0
0.03706911127608304
0.0
0.0
0.0
0.0
0.0
0.0
0.0
0.0
0.0
0.006530494543571032
0.0
0.0
0.0
0.0
0.0
0.0
0.0
0.0
0.0
0.0
0.0
0.0
0.0
0.0
0.006507413804317986
0.0
0.0
0.0
0.0
0.0
0.0
0.0371555536261938
0.0
0.0
0.0
0.0
0.0
0.0
0.0
0.0
0.0
0.0
0.0
0.0
0.0
0.0
0.0
0.0
0.0
0.0
0.0
0.0
0.0
0.0
0.0
0.0
0.0
0.0
0.0
0.0
0.0
0.0
0.0
0.0
0.0
0.1040513456740261
0.0
0.0
0.0
0.0
0.0
0.0
0.0457191344768548
0.010797815580961195
0.0
0.0
0.0
0.0
0.0
0.0
0.06098248438791992
0.0
0.0
0.0
0.0
0.0
0.0
0.0
0.0
0.0
0.0
0.0
0.0
0.0
0.0
0.0
0.0
0.0
0.0215714391469101
0.0
0.0
0.0
0.0
0.0
0.0
0.0
0.0
0.0
0.0
0.0
0.0
0.0
0.0
0.0
0.0
0.0
0.044151517416975684
0.0
0.0
0.007487418405023984
0.0
0.0
0.0
0.0
0.03636459425374274
0.0
0.0
0.0051603803664223005
0.005356437589500497
0.07243218673265418
0.0
0.0
0.025118742732799494
0.005575313528377922
0.019041405512874563
0.0
0.0
0.0
0.0
0.0
0.0
0.0
0.0
0.0
0.0
0.0
0.0
0.013312200203125587
0.0
0.0
0.0
0.0
0.045564673266254456
0.0
0.0
0.016572151602351495
0.0
0.01619327611320737
0.0
0.0
0.0
0.009327885999076822
0.0
0.0
0.0
0.0
0.0
0.0
0.0
0.03769959734918991
0.0
0.0
0.0
0.0
0.0
0.0
0.053320022921908794
0.0
0.0
0.08538879602806164
0.0
0.0
0.0
0.04420937221754889
0.0
0.05729240306225848
0.0
0.0
0.0
0.0
0.0
0.0
0.0
0.0
0.0
0.0
0.0
0.0
0.0
0.0
0.0
0.0
0.0
0.0
0.0
0.0
0.0
0.0
0.0
0.0
0.0
0.0
0.0
0.0
0.009981943936133384
0.0
0.0
0.0
0.0
0.0
0.08472369882272762
0.0
0.0
0.0
0.0
0.0
0.006065494289152445
0.0
0.0
-4.6715058444641395e-5
0.0
0.0
0.0
0.0
0.0
0.043443938515271285
0.0
0.0
0.09382319684880824
0.0
0.0
0.013601793833087716
0.034209915621064846
0.0
0.0
0.0
0.0
0.0
0.011733005896733142
0.0
0.0
0.0
0.0
0.0
0.0
0.0
0.0
0.0
0.0
0.0
0.0
0.0
0.0
0.0
0.0
0.1133598920315091
0.0
0.0
0.0
0.10656140219515846
0.0
0.0
0.0
0.0
0.0
0.0
0.0
-0.01708195049362088
0.0
0.0
0.0
0.009235051108850994
0.0
0.0
0.0
0.0638180826521909
0.0
0.0
0.0
0.0
0.0
0.0
0.0
0.0
0.0
0.0
0.0
0.0
0.13757991622657628
0.0
0.0
0.0
0.0
0.0
0.0
0.1165932357288162
0.0
0.0
0.0
0.0
0.0
0.04971541997616594
0.0
0.006792094682015814
0.0
0.006541443419743283
0.0
0.0
0.0
0.0
0.0
0.0
0.034857558837220706
0.0
0.0
0.0
0.01743087693233256
0.0
0.0
0.0
0.0
0.0
0.0
0.0
0.0
0.0
0.0
0.0
0.0
0.0
0.0
0.0
-0.029504725309314663
0.0
0.0
0.0
0.0
0.0
0.0
0.0
0.0
0.022232504001165783
0.0
0.0
0.0
0.0
0.10307146745436319
0.0
0.0
0.03598684431274221
0.0
0.0
0.0
0.0
0.0
0.002915192146411147
0.0
0.0
0.0
0.05918952534436696
0.0
0.0
0.0
0.0
0.0
0.0
0.0
0.0
0.0
0.0
0.0
0.0
0.0
0.0
0.0
0.04319233950475671
0.0
0.0
0.0
0.0
0.0
0.0
0.0
0.004704323768384394
0.0
0.0
0.0
-0.007641002057505078
0.0
0.0
0.0
0.0
0.0
0.02911699287757114
0.0
0.0
0.0
0.0
0.0
0.0
0.0
-0.00044507320196779686
0.0
0.0
0.0
0.0
0.0
0.0
0.0
0.0
0.0
0.0
0.0
0.0
0.0
0.030952888543617944
0.0
0.011915068987344506
0.0
0.08688909891283468
0.0
0.0
0.0
0.0
0.0
0.0
0.0
0.0
0.0
0.0
0.0
0.0
0.0
0.0
0.0
0.0
0.0
0.0
0.0
0.0
0.0
0.0
0.03357381205382941
-0.0035318635674537607
0.0
-0.0035553037215730354
0.0
0.0
0.0
0.0
0.0
0.0
0.0
0.0
0.0
0.0
0.0
0.0
0.0
0.0
0.0141622535404437
0.0
0.0
0.04341159676362284
0.026533905712073567
0.0
0.0
0.0
0.010489412578062777
0.0
0.09424911198257761
0.0
0.0
0.10845119642070737
0.0
0.0
0.0
0.0
0.0
0.0
0.0
0.0
0.0
0.0
0.061407738206093396
0.0
0.0
0.0
0.0
0.0
0.0
0.0
0.02857707575807184
0.0
0.0790185574503234
0.0
0.0
0.0
-0.000578685604150218
0.0
0.0
0.024369790548967034
0.0
0.0
0.0
0.0
0.0
0.0
0.0
0.0
0.0
0.0
0.0
0.0
0.03577192800614845
0.0
0.0
0.0
0.0
0.011188718104252019
0.0
0.0
0.0
0.0
0.0
0.0
0.0
0.0
0.0
0.0
0.0
0.0
0.0
0.0
0.0
0.0
0.0
0.030113592935669946
0.0
0.0
0.0
0.0
0.0
0.0
0.0
0.0
0.0
0.006503506850836238
0.0
0.0
0.0
0.0
0.0
0.06154995232491259
0.0
0.0
0.0
0.0
0.0
0.0
0.0
0.0
0.0
0.0
0.0
0.1172814711895646
0.0
0.0
0.0
0.0
0.023901226561302537
0.0
0.0
0.0
-0.0003371456191885549
0.09560842182426782
0.0
0.0
0.0
0.06575090251599144
0.0
0.0
0.0
0.0
0.0
0.0
0.0
0.0
0.0
0.0
0.0
0.0
-0.013488866781393972
0.0
0.0
0.0
0.0
0.17000023641726125
0.0
0.08991436634575517
0.0
0.0
0.0
0.046677107103781784
0.0
0.0
0.0
0.0
0.0
0.0
0.0
0.0
0.0
0.0
0.0
0.0
0.0
0.0
0.0
0.0
0.0
0.0
0.0
0.0
0.0
0.0
0.0
0.0
0.0
0.0
0.0
0.0
0.0
0.0
0.0
0.0
0.07215348533812052
0.0
0.0
0.0
0.0
0.0
0.0
0.0
0.0
0.0
0.0
0.0
0.0
0.0
0.0
0.0
0.0
0.0
0.0
0.0
0.0
0.051313888293758055
0.0
0.0
0.0
0.0
0.0
0.0
0.0
0.0
0.05932188892046881
0.0
0.0
0.14816980576405372
0.0
0.0
0.0
0.0
0.0
0.0
0.0
0.0
0.0
0.01886697103072157
0.0
0.0
0.0
0.0
0.0
0.0
0.0
0.0
0.0
0.0
0.0
0.0
0.0
0.05881487084411137
0.0
0.0
0.04028080428330735
0.0
0.0
0.0
0.0
0.0
0.0
0.0
0.0
0.0
0.00423058881369194
0.0
0.0
0.0
0.07389262961253114
0.0
0.0
0.0
0.0
0.0
0.01553231305532144
0.12775367905989934
0.0
0.0
0.0
0.0
0.0
0.0
0.0
0.0
0.0
0.0
0.0
0.0
-0.0006040582928225339
0.0
0.0041102737466972164
0.046902684184978026
0.0
0.0
0.0
0.0
0.0
0.0
0.0
0.0
0.0
0.0
0.0
0.0
0.0
0.0
0.0
0.0
0.0
0.0
0.0
0.0
0.0
0.0
0.0
0.029798072939334116
0.0
0.015426062824384188
0.0
0.010909717968196793
0.0
0.0
0.0
0.0
0.0
0.02103283676430581
0.0
0.0
0.0
0.0
0.0
0.0
0.0
0.0
0.0
0.0
0.0
0.0
0.0
0.0
0.0
0.0
0.0
0.0
0.023687107583622097
0.0
0.0
0.0
0.0
0.0
0.0
0.0
0.0
0.03185026489311032
0.0
0.174601615429355
0.0
0.10304573599857035
0.03549772816082263
0.0
0.0
0.0
-0.0380280603195883
0.028396060595514708
0.0
0.0
0.0
0.0
0.0
0.0
0.07302473376962332
-0.047815712912472066
0.0
0.0
0.0
0.0
0.0
0.0
0.0
0.0
0.015813839187580784
0.0
0.0
0.0
0.0177746990584044
0.0
0.0
0.0
0.0
0.05776190184755658
0.0
0.0
0.0
0.0
0.0
0.0
0.0
0.0671014846977009
0.0
0.0
0.0274481147889009
0.0
0.0
0.0
0.0
0.05195405477735924
0.0
0.0
0.0
0.0
0.0
0.0
0.0
0.0
0.0219465716662886
0.0
0.008176506833090447
0.0
0.0
0.0
0.0
0.0
0.0
0.024328971959885728
0.0
0.0
0.0
0.0
0.0
0.028514781668436937
0.007123669220307895
0.035245744128896396
0.0
0.0
0.0
0.0
0.0
0.0
0.0
0.0
0.0
0.0
0.0
0.0
0.0
0.0
0.0
0.0
0.0
0.0
0.0
0.0
0.0
0.0
0.0
0.0
0.011281096899070427
0.0
0.0
0.0
0.0
0.0
0.03254290763641942
0.10764447083801162
0.0
0.0
0.0
0.08587828033820206
0.0
0.0
0.10852158066885585
0.0
0.013502893656033129
0.0
0.0
0.0
-0.0024394303319756638
0.0
0.01126907498704749
0.0
0.0
0.0
0.0
0.0
0.0
0.0
0.0
0.0
0.0
0.0
0.0
0.03613855824809925
0.0
0.0
0.0
0.0
0.0
0.0
0.0
0.07354273483046647
0.0
0.0
-0.009463743172614784
0.0
0.0
0.0
0.025447280352154947
0.0
0.0
0.0
0.046689497876533384
0.0
0.0
0.0
0.0
0.0
0.0
0.0
0.0
0.0
0.0
0.0
0.0
0.0
0.0
0.0
0.0
0.0
0.0
0.0
0.0
0.0
0.0
0.0
0.026089640515377755
0.0
0.0
0.0
0.0
0.0
0.0
0.0
0.0
0.0
0.0
0.0
0.0
0.0
0.0
-0.01051292796509195
0.0
0.0
0.0
0.0
0.0
0.0
0.0
0.0
0.0
0.0
0.0
0.0
0.0
0.0
0.014088800054622366
0.0
0.0
0.0
0.0
0.0
0.04705094664322775
0.0
0.0
0.0
0.0
0.07102137442519454
0.0
0.0
0.0
0.0
0.0
0.0
0.0
0.0
0.0
0.0
0.0
0.0
0.0
0.0
0.0
0.0
0.041226177607455165
0.0
0.0
0.0
0.0
0.0
0.0
0.0
0.0
0.0
0.0
0.0
0.0
0.0
0.0
0.0
0.0
0.0
0.006639780625309621
-0.015982822219663087
0.009653734374118667
0.0
0.0
0.11014897955517339
0.0
0.0
0.0
0.0
0.0
0.0
0.0
0.0
0.0
0.0
0.0
0.0
0.0
0.0
0.0
0.0
0.0
0.0
0.0
0.0
0.0
0.0
0.0
0.0
0.0
0.0
0.0
0.0
0.0071687597783177915
0.0
0.0
9.564772558424213e-5
0.0
0.0
0.0
0.0
0.0
0.0
0.0
0.0
0.0
0.0
0.0
0.0
0.0
0.0
0.02423049272036033
0.0
0.081404436558376
0.0
0.016891081769924196
0.0
0.0
0.0
0.0
0.0
0.020769179767349717
0.0
0.0
0.0
0.0
0.0
0.0
0.0
0.0
0.0
0.0
0.0
0.006079022363884643
0.0
0.007625624041115538
0.0
0.0
0.0
0.0
0.0
0.0
0.010697333523139969
0.0
0.0
0.0
0.0
0.03353103359309669
0.0
0.0
0.07408984188126017
0.03880888506933394
0.0
0.034773473341187286
0.0
0.0
0.0
0.0
0.0
0.004825793749283541
0.0
0.0
0.18789825485582773
0.0
0.0
0.0
0.0
0.0
0.0
0.0
0.0
0.0
0.0
0.0
0.02876697135247258
0.0
0.0
0.0
0.0
0.0
0.0
0.0
0.09697772065696993
0.0
0.0
0.0
0.17878731879322765
0.0460753707378694
0.0
0.0
0.0
0.0
0.0
0.0
0.0
0.0
0.04282216623136596
0.023828858209110827
0.01883202920046346
0.0
0.0
0.0
0.0
-0.003506803456882973
0.0
0.0
0.0
0.010499940690405996
0.0
0.02957145585168598
0.0
0.0
-0.018610802887196482
0.0
0.0
0.16701879353731425
0.0
0.0
0.0
0.0
0.0
0.0
0.0
0.0
0.0
0.0
0.0
0.0
0.0
0.0
0.0
0.0
0.0
0.051105356981747646
0.0
0.0
0.0
0.0
0.0
0.0
0.17892940458017667
0.0
0.0
0.0
0.0
0.008993442533598779
0.0
0.0
0.0
0.0
0.0
0.0
0.19268988023857683
0.0
0.0
0.0
0.0
0.0
