teste
2121112116
1113222212
1113122113
1121212222
2121111115
2117212136
3111221214
1113222112
2222111236
1123112233
2213111115
2112211135
2217111135
1227221123
1111222122
3217212227
3111211111
1112211123
1113212132
3113221124
1123111132
3122112217
2117121216
1212221212
3212211124
3117122134
3121212234
1222222222
2221211125
3211221237
1211222212
3211211124
2221211216
2112211215
1213212222
3213211127
1221122112
3211122227
2113121235
3117112111
3123112234
3223112231
1121212223
2127122235
3212112231
1217111212
3121221124
1111222212
3217122224
1113221112
1123212123
1117211112
1221122223
2223222126
3217222117
1122112223
3121222134
3127222127
3113221231
3222221217
3121212127
1227222233
3112222221
2127211225
2227211135
3112121227
2217211226
1222122232
2211211116
1211121113
3221212111
1223112232
3217112214
2112122135
2113212225
1221221233
1123122213
2127211126
2223122236
3122212134
1222122123
2123111235
3123111137
3221221234
2127212215
1222112223
2211212126
1112211112
3222222137
1211111123
3223111137
3217211237
3121221117
2112222136
2223112126
1113211213
3113221234
1123111223
1222122122
2211122226
1221121123
3121112117
3122122127
3213121134
3223212227
2112212115
2111121215
2123122136
3123221111
2222221236
3222122217
1211112232
1213211132
2127111216
1123211222
3117112121
2217221236
1227122123
3227212237
2212121116
1211112122
2123221136
2122211136
1121221213
1122121213
3217212127
1121222112
1111212122
2217211126
3223121131
1123122212
3213122227
1223222112
3123221217
3123121211
2127122216
3113221211
1123112222
1211212233
3127112211
2112211225
3117222117
3123211124
3127111137
1211111232
2217211125
3211212121
3212211127
3123211127
2223222225
3112211237
1217112113
2122221215
3122112211
1213221222
2111211115
3212211134
1221212223
2111221225
1223122112
3122211111
3122121114
2222122216
2213111125
1112211232
2221112125
3113221224
2111212126
2122211116
3127122211
2121111236
2127211116
2222212225
1112211132
3211121214
1122122132
3212122117
3213112134
2211111226
1222121113
3217121134
3222222124
2113212215
3211122234
2117111226
3217112111
3123111221
3121112137
2217212226
2227212115
3221111221
3122222237
1122222212
1121111233
2122222115
3112121137
2217121226
3122211231
1227212123
2211212225
1127212223
3227112124
3123111224
2222212115
2222122115
3117112227
2123221215
1212221213
2122211235
1123221113
1113212213
3112222227
3211212227
3213222221
3113221214
3222112224
2213222235
1213222122
2127222226
1227212113
2117211116
1223212223
2113122126
3212212231
1117112223
2123222235
2123221126
3222211131
3211121121
3212211121
3121211121
3221222221
3121221231
2121212216
3112112221
3212121127
1117211212
3221212231
3127122237
2111211135
3222111137
2221212215
1112212113
2221121135
2217121126
2227211215
1121222122
1227112213
3112222137
2211211126
3223112117
1213122113
3112122221
1121222133
2223222125
3111222131
2111211215
3221112234
1123211112
2212211115
3213121131
3127112231
3223112127
3121121221
3227221231
1223122213
1123112223
3122111224
2123212126
1121211133
3121122217
1123222212
3121122224
1221211113
1212222123
2122122216
2211221116
3122211114
1113121123
2112112226
3211221124
1213211212
3212222127
1112111133
1221221112
3111222231
2121211116
1122222133
2227111126
3112211131
2217222126
2111222136
2222222125
1217121233
3217122231
3227222117
1222122212
2211222116
3223121114
1111121212
2213112115
1122121112
2113211116
1223121133
2217211225
3121212121
1212112133
1112111113
3111222127
3217111111
2117222116
3117222124
1221222233
2127211125
2111221226
3113112134
3122211137
2127222235
1227122222
2227122135
2111112135
3127211237
3112122234
3212221224
3121112134
1211212213
2222112226
3212221124
2223222116
3227122224
3227222214
2213221116
3221222211
2122211236
1221112123
3227121131
3212211131
3223221134
3213211121
3211222217
3117121114
1213211223
2122222226
1112212112
1117111223
2227122115
3117121127
1227121113
3122111214
1122222123
3127112227
3212121214
3212121231
1113222133
3213212214
3221122214
1112112112
1212221222
2123112235
3121112131
3212112127
3217211134
3213112137
3223222224
2222211216
3212221117
2221212126
3111221231
3222112234
3221121121
3111122221
3223111214
2221221215
1211221233
2223121226
2123212235
2127121236
1212222133
2113111215
3121112114
2121111136
1222111133
3111212217
3213221237
2117211136
3127111211
2217211116
2217212235
1213112122
2213211126
3127212134
1121221112
3227112227
2123212125
2222212235
2221122136
2227111136
3127222221
1223211132
3117212224
3221111217
2123111226
3113112124
3122212131
2217221216
2211121236
2212122236
2123112136
2211212226
1113222232
2127222115
2117222125
3211111134
3113112214
2117221226
3227222231
2112222216
2212111125
1111211112
1217112112
1213111133
3211221231
1117121213
1221222212
3121111111
1122221123
3113121231
1212222223
3222222237
1122112232
2223111115
3113222234
3123211224
1212221132
1112221212
1117221122
2217212216
1227112222
3113122211
2111122216
3221111127
1213212212
1222212212
3211122124
3112211224
1221221133
3211221234
3121212211
3123222227
2123211216
3123222117
3122122131
1211211133
2213122116
3221111137
3123111214
1227122212
1217111133
1117222233
2222221126
2123111125
3211221117
3112111114
3127211137
2227211136
3212121117
2123222236
3213121234
3223221221
3121221214
3113121234
3213121121
1223121232
1211211112
1123211232
2227212215
1212122132
3121122121
3213122224
1122211232
3123122224
2221211236
2121222126
3217112124
2122222116
3123212221
3217111234
3222111217
2111222126
1222222122
2212211236
1227112133
3123212124
1127122113
3223221131
1122122122
2122121236
3112221124
1223111113
3127222234
3227211214
3221212131
3113211131
3221221237
1117222112
2221112225
1112211223
1123211233
2122222136
3211221127
1222121222
2221122236
2212111215
3211221114
3127222224
1223222123
1127222223
2127111236
2122111236
1112111232
3222222117
3213222237
2222221225
3117112217
1227222112
3122212224
3213221114
3213221221
3227122231
1127222132
2213121115
3213211221
2221212135
1223112233
2213112125
1122122113
2111111235
2121222136
3113212127
1222122113
3227112214
3111111211
3213221227
1123212132
2121222236
3211121127
1123121233
3111111131
3217122117
3223211224
2121121216
1111221233
3112112111
3213222227
3112122111
3121112111
1113222223
2212212116
1227112212
1122221232
1221112213
2227222115
3217122234
2211111126
3217221234
3227122227
2212122215
1222212112
2217221126
3123122114
2223121215
3111112227
1211122113
3127221237
2127121126
2222122226
3111111227
2127111136
3212212111
3222121224
2212222135
3121112231
3213121231
2123121115
1221222222
3112122227
3221212124
1112212132
3227121231
3113211124
3127111124
2221111115
1127122133
3127112127
1211221122
3127212234
3127111224
1221122113
3223221211
1117122112
2223212226
1112212233
3213212121
3223211227
3113112117
1121222223
2113221235
2113222135
3223121137
2121112126
2113122226
3212221237
1122211113
3213222231
1127221133
1123111222
3222121117
2212222125
2121121115
3223112237
3227212217
3113222121
3117221221
3123211221
1111121223
2111222135
3227221217
2227212116
2117221115
3122212217
3212111237
1117221123
3123211131
2113111115
3221222121
1127111122
2227121216
2121111226
1213112222
2113221125
1112221133
3111121221
3222211234
3227122111
1111211233
2127112215
1213111123
3113121111
2222121235
3211211137
1211121122
1127212123
1122221133
3222212137
3211211121
2213121135
1122221213
3223122117
3111222221
1127212132
3221111214
3122222227
1213221113
3112112211
2111222215
3217221214
1122212213
2222211126
3222222234
2211112235
3212222231
3213111124
1112112123
2112221125
2217112235
2227212235
3211111234
1223122122
1227122233
2213112215
1213222223
2221121126
2223221125
3113111234
3123212117
3222211211
1121112122
2227122236
2127221136
2221111226
3212122111
3222111127
3227121124
3223222124
1223111212
2223122226
3213221224
1113122132
2217111215
3111211231
1223222113
3222222134
2112212235
2217122126
2227111226
1127212112
3111112234
3112112134
3111222114
2113222226
2117212226
2213221215
3221121224
3211111214
3227211111
3127211221
3227111117
3212221211
1112221213
3112211234
3127122227
3127211117
3121211217
1111212123
1121112213
2117222126
3127122121
1223211123
3121121231
3227111111
2223222135
3123221131
3213111237
1117112132
3223222234
1222112213
3211121237
1211221213
2123112236
3122121134
1123122113
2122221226
2122122136
2222212135
1121221212
2211222215
2221122125
2212112116
1211121213
3117212227
3213212221
3222212237
3112112231
2222111126
2212211235
1221122233
3121222131
3223111111
1227211133
1113211113
1213222222
1211222113
2122121126
2221122225
3117212111
3127212224
1213222233
3221212127
1217122112
1122121232
2211221216
3222221214
2113112226
2127111226
1217211233
3227221134
3123211237
1113121112
1227211212
2123212216
2217221116
3123111231
2221112226
1227111122
3122221221
3121221211
3227212231
3227212227
2121211126
2117212126
2217221136
1227121133
3213111217
2113112125
1112122233
3212122231
3121222214
3122122117
3217122137
2221211116
3211212217
1111221133
3213222121
2111121115
3112211124
3223122111
1117122223
1221112223
2117111216
3212212237
3127212124
3122122114
3113122217
3227121234
2211112215
1113122123
2121111135
2122221125
2127112235
3111121127
2117122235
3113122114
1222121223
3112222111
1223211122
1212212222
3123212131
2112121135
2123212115
1127121133
3211112237
3223211237
3217221121
1221211123
2217112126
1223221232
2227211226
3222112134
3113221217
3211221134
1213112112
1111221132
1123111232
1117112213
1217121123
2112121126
2112221116
2127111116
3212221114
3223221234
1223222133
3121121114
1213112233
1121221223
1121211132
1213211122
3212121131
3123212217
3112112214
2213122136
1112122123
2113211236
1222212122
1111122122
1211111212
1211122222
2122222216
2111211125
1121121233
2121112135
2217221125
3113211221
3221111231
1111122113
2221112116
3212111124
3112112137
1122111112
3117111211
3211112227
1227121123
3127121211
3221221211
2111112235
2117111236
3117112117
2122212235
2223122116
1117122213
3213221217
1223112113
3222122121
3113122221
1211122112
1127112222
1217122123
2217122226
2122221236
2112122215
1227212133
1117122113
3212122234
3217211234
1113121233
1113112223
2222212116
3112112224
3223222134
1122122233
3117221124
2221222215
1223221112
3227112121
2227121115
2122222125
1213221233
1221221113
2121221115
3213211214
3127212227
2127111115
1211222233
3111212124
1212211123
3213222131
2212221125
2217112125
3111211214
3211112234
2122212125
3122221111
1111212133
1217121222
3123122111
2221222125
2123121216
3121121227
2111112125
2211211216
2227221136
3217222131
3113221134
3121111131
3227121227
1127211222
1112222122
3122212124
1127112233
1111211222
3227121127
1112121123
3127211231
1222111233
1127222232
3127222227
2222222115
3127112224
1112121212
2223111136
3227221214
3122121234
2117111135
1111221213
1217221212
3123112224
1213122233
2113122116
3221121111
3123111134
2127122226
1113121212
3122111227
3211212221
2223221235
3213121211
3122211127
1217222123
3211211117
3117122221
1121112112
1213121112
3122222231
3227111231
3227211234
3221112211
2223112135
3212222237
1222111123
2117221135
2223212136
2227212226
3217221127
1227221113
3221122234
3211221137
1211121123
3121211114
2122121226
3221121134
1223221132
3113121121
2223221115
2223111225
2122212236
3223111114
1123112122
1117211132
3112212234
3111112134
2222222235
2223212116
1227121232
3217121237
3123211121
1111112213
3113122224
3217221231
2212212136
2122111125
3123222121
1113112233
3113212114
3117211227
1117212133
3122211117
3221222137
1221211122
2121112215
3111211137
1117221222
1123121113
1112111212
1212221223
3113121137
1122212212
2221222235
3111211117
3227211227
2117211216
3227122121
3217222227
2211222125
2211222226
3113121224
2121211225
2217121235
3111112217
2117222136
2121221136
3211112127
3213112234
3217112231
3121212224
1212222113
3211112134
1111112233
3112212237
3123122231
3217111131
3213112221
2222111216
3127211214
3122111137
1223222223
3217121214
2227222126
3122211124
2111211235
3122112231
1221122212
2127221216
2222112235
3113121114
3221221137
1122122212
1211122132
3217212224
2111221116
1121212113
1211111233
1123212222
1222222112
1117211232
2211221125
1111221222
3123212114
3111212221
3123212227
2121222235
1111121123
3227212121
3211112214
1227221132
3227111221
2127211115
3111212114
3117211231
2213122126
1121122222
1222121132
2122111115
1122122213
2213111236
2213111135
1221111122
2223122126
3123122137
3123121127
3117112114
3121222237
2213212115
2127121216
1127121222
3223112227
1122121113
1212211132
3112221134
3117112137
3223112221
3223221217
2227222236
3122122234
2122221115
3212221234
1222211212
1121222212
3123211231
3123222221
3122222117
3123211114
1122111223
3217112224
2111112136
2227222116
3222211224
1227211122
3122222121
3221112111
2127111215
3213212211
2213121125
2221122116
1127212122
3121112217
3123111111
3213212127
1213111122
2121121225
3122122211
3221211137
1213211113
3212111227
2223221116
2117122135
2111112126
1121212213
3117222114
3213212231
2121221226
3211112117
2112112236
2117121136
2227222226
3121122131
3123122211
3217121131
2217222125
1122121233
2117112225
3213112227
1211211223
1113121113
3223122114
3111111231
1223111232
3111112131
3112112234
3127222231
1211121222
3221111131
2223222226
1223122223
3113122214
2212221115
2221221116
3122221211
3212222217
3213211124
3213122137
1113222132
1127112223
2117221136
1212222233
2111221216
3111221224
1111122133
3222221137
1227122132
2113211126
1221221222
2111122115
3117222127
2217221135
1127222123
2127222225
1222111122
1211212112
3227221137
2127122136
3111222234
3223111231
1122211132
2212221236
2127212125
2227222125
3113212214
2222222236
1213212232
2123112216
3227122124
1117122133
2127212136
3123122131
2121212236
2111222115
3213111221
3217112221
2221112216
3111121134
1223112132
3121112227
3212212214
1113111222
1223222213
3121222137
1112221113
1111122132
1117222132
3111122237
2113112235
3221222117
3123121237
2223221226
2127112115
3223212114
3227112234
1213212133
3227212114
3227111137
2112111125
2212112225
2212222235
2212211116
3223221117
3217122217
3212212121
1117222123
3122111217
1211122223
3221222131
3221212137
1121111232
2217122216
1227212112
3213111117
1213222133
2212111225
3221222127
3212122124
2112221126
3122122134
2222111226
3117121234
3127112134
3112122237
3117211114
3212211117
3213222111
3127111221
2213121116
3112111237
3121211127
1127111232
1227221233
3123112114
1217112132
1111222222
2212112235
1112121232
2211111215
2123212135
2113121126
3117221214
2223222235
1111121112
1223111233
3113211227
1127112113
1223212113
3222222221
3227222234
1227221213
1212221112
3227221117
1113221133
3113121211
1212212232
2123222216
2227112225
3222111111
3221212117
3217112134
1221111212
2113112216
1212212122
1112222213
1123222232
1217212223
2217222225
3127111114
1122112122
3121111224
3123212137
1217211133
3113122121
3113212227
3212112121
1212212223
3111211131
3213121214
3222112217
3112111211
3211221221
1123111113
1127211232
3122211221
1222122222
3227212234
3227211114
1113122212
3212112214
3221211124
3121111227
1112122223
3221111117
1221212133
1117121123
3112221217
2117111136
1227221222
3122221227
2223121115
3212111214
2211121135
3222122224
3127111234
1123122232
1212121232
1227122232
2221112215
1112121222
3127122134
1122122123
1123211123
2121112115
3123222214
1223121112
3123222237
2223221216
3211222211
3221112221
1112111112
1117112113
2212221226
1113122213
2227221216
1217111213
2227122225
3227212131
3213211231
2112112126
2217112116
3217111217
3127112121
2213111215
3221112134
3223211211
1117221233
1221212132
1222222123
1113112112
2227112216
3222212231
1121222123
1213121113
2117121226
3121222211
2127212135
3223211121
3117111137
3227121214
3127112111
2227111125
3111122117
1221122232
3217122131
2113122225
1123211132
2222212236
1211112133
2117122226
3123121131
1223222122
3122222114
2211122236
3123221121
1223112122
1113222123
2227121125
3213222217
2127221215
3217212131
3122212231
3117221127
3123111121
2221112136
3212212227
1121222222
2211211225
1117222232
1213222112
2221121225
1112122133
2223212216
1221112233
1122111133
3227112117
3121111234
3111111137
1123222113
2111111126
3121122137
2122221136
1227121122
1113212232
3222221121
1222112123
3121121111
2121122136
3121111121
1123111122
1217211232
3122212237
3211121111
3113122231
2212121135
1121122232
3227112131
1213122133
2121122235
1227112233
1121121132
3211211217
3212221121
1212121133
3212221131
1213122212
3121211234
2113222116
2211121115
2212212236
2122221225
3227222227
3221112131
2213222225
3223211127
2223112216
1212111212
1223212133
3212211227
3112221237
3111111134
3111111237
2211111216
1212211223
2217211215
3122111117
3112212124
3211211221
2221212225
2122121116
3113221121
2222111225
2127121226
1223211133
3123111131
2223122125
3221122217
1123112213
3123211137
3223212134
1122222213
3123221237
1113221132
1113222222
3217122227
1212222212
1113211222
3227112237
2217111225
3113111221
2223221136
3117222111
3227221237
3221112117
1221222232
1223121132
3112122117
3217121211
1211121233
3121122237
2123221115
2113121215
2123121116
3223112114
1221121223
2113211215
3221221117
1111121133
2111212115
1113221232
2221122216
2122112236
3121121117
3223122121
1122111222
1127112112
2227121236
1117212213
1213112212
3123122214
2113212226
3227222127
3111121211
3112222134
2212121235
2112211125
3117212121
2127112136
2127111225
1211222232
3221112237
2211212125
2127221115
1213111212
3123122237
2217122236
2113122235
2127122215
3212112221
1212111232
3123112211
3213111231
1222212232
1122112113
1111111112
2222122116
1223212213
1227212212
1121112123
3211212237
3217221117
3113112131
2111221125
1122122133
1227122223
2212112236
3211122117
3212212124
3212222224
3212122137
3223121231
3227121121
3212221217
1121211223
1117111212
3217112121
1122111123
3127222134
1123212233
3212211211
3127112124
1212122213
3117121224
3223112131
3127221234
3211221211
2213212136
2213211226
3123212214
3211212124
3211211211
3223121214
3223212217
3127112131
2211112236
2117121125
1227121213
2122111136
3122211237
2217111216
1213222132
2121211216
2217211216
1117211113
2221112236
3211112231
1123222223
2112122235
2227221115
1223222232
1113221213
2223211135
2123112126
2112221235
2212121226
1221212232
2117122216
2213111116
2113212216
3211212127
2111121235
3121211124
3221121217
2227212135
3112221127
3217211121
1212111122
2112222115
2212121215
2212121225
1213111213
3221111224
1213212213
2211211115
2211121235
1127222213
2213222126
1211122232
2213211225
2111111226
1212111112
3223222121
3211212211
3121221237
3217121234
1223211213
3211222114
3222111211
1227111132
2113122136
2213211136
1212111223
1127222233
2227212136
1212212233
3217121217
3123111127
2117121235
3111212137
2212122235
1213222123
2212121236
3212122114
3227111127
2117111215
1212121213
1213211232
2123221125
3112222121
1122221113
1117222133
2213221235
1221222213
2113212235
3112121124
3127211131
1213111233
3117212221
3121122124
3121122117
1123221233
3217121224
3212212224
1211111133
2223211235
3117221211
1112121112
3122121121
3123121227
3222111214
1123212113
1223122232
1122221212
2223122115
3117112221
3111222117
2117211215
2223222216
3117111114
3217212221
3212221111
1227211233
1222221133
3122221117
1112111213
1112221233
2222211235
3113122234
2122111215
3122112127
1212121112
3113222214
2111211136
1112211113
3112111217
2212122136
2117122225
2221222135
1213212132
3111111214
2212212125
3217211137
1127222133
3211222127
2222222225
3112211134
1123121112
3227211134
3122211134
2111212225
1212212113
2121221225
1113212122
3227212221
1222222133
2127122116
2211221235
3222222114
3222112124
3112111214
3113221237
3122221214
3213221127
2213212125
1113221122
3113112237
3122112227
3213212137
3113111111
3227121114
3121122111
2212111126
3212121121
2121111225
1213121213
2217122116
3122222111
3127112117
3117122217
2111122136
3117122211
1113222213
1212122113
3223112217
3222212124
3223111121
3122222214
3121221114
1123122133
3127111127
2223211215
2117211236
1121111113
2211121116
3217111221
1112112222
3217122124
1212121212
3221222124
1122222113
3123112217
2111112236
3112221114
2212121216
3113111227
3122212214
2217211115
3112212224
3117111234
2111221136
2217111125
1212121122
3217112217
1222212233
3123121117
2217112225
3213111131
3212222221
3222211117
2212111236
1123121132
2121222215
2117112136
3113111134
3223122227
1117112123
3211122121
2222112115
1123222133
2127211215
2212112215
3113122131
2223212126
1213212113
1123121122
2213121235
2121121135
2121212126
3121222114
3122121224
2213111235
3113111121
1221121222
1127121213
1221112132
3213211224
1117112112
3217212117
1127221123
3221111234
1213122232
2113212126
1227111213
1111122212
1111122232
1222222132
2212111115
3113121117
2122112216
3121121131
3212121134
3213122214
1127112212
2121222216
2227122136
1227222123
2212122116
3113111114
2111222125
1211212123
3122122237
3217111227
3221111237
2212112136
3217222111
1122211213
1213221132
2127211135
1112112232
1127112122
3222121237
2111111225
2123121125
3211112217
3227122114
3127121224
1222212223
3111121214
3112222237
2212221135
1211212113
2211222225
2212122126
1127122232
2222222215
1222121133
2113121236
3127222111
3111122137
1217222223
3212111137
1111211122
3221121124
3227111227
1221122122
3112221211
3212111111
3213212131
3122122111
3217121117
3122221234
1221212112
2213212126
2112221216
1222221223
2212212115
2222111135
3223222137
3223211231
1221221212
2112222226
3223122137
2123122235
3121111124
3111212127
2123122225
2112121116
3123112237
3217211117
2111122226
2112221215
3111122114
3227221234
2113111136
1222212123
2113211216
3123111227
3221211224
1112122113
3221121221
2213112216
1227112232
3121122227
3221122221
3221221134
1117221113
2117221215
3211212111
1123111112
1213122112
3117112214
2217121225
2122222235
3211112137
3217212111
3113212121
2212112135
2217211235
1113212123
1123112123
2211112125
1112122232
3123112214
1113221233
1222221222
3222122214
3213122127
1122111233
1122112233
3211221217
2113212116
3111111114
2227122125
3212222211
3113121131
3121211117
2113221135
1111121233
3117212234
3211121217
2113211136
3121221221
2221221126
2221121115
1122221132
3122122124
2122122215
2213122135
1127211112
1221112212
2122222215
3122121131
3121112121
1213112132
3223121217
2117111125
1112111223
1211212132
3122212121
3123212231
1222121233
1122212222
1217222112
2212122125
3213111214
2127221116
1227111112
3227212124
2223121136
2117112116
1111121232
1111112133
3123221227
2223121125
3222112211
2221212125
3213211134
3127122114
2123221236
3223122134
3122112221
2227221235
1111122233
3113122134
2221111225
3127221131
3117221114
3127211124
3122112124
1211222133
3213122234
3121121211
2212221235
2227121135
3222121134
3211121221
3217111121
1117221132
3121111127
3123122117
1227222223
1217212112
1223112123
2112112235
1123222213
2117112126
3217112211
2117112215
3227221224
1122221222
3212211231
3213222211
3221122134
1122121222
2112121235
3212111221
3223211117
1217211123
1227112112
3121212117
3217212237
1223222212
3123121124
1213211233
2121221135
3222111224
3227212117
1121111222
2217121136
1217112233
1112222212
2111221126
2217112115
3111221137
3221221121
3112121231
1112221132
1127121112
2227112236
1227121223
1227122133
1121111213
1211112212
2213121126
1217121133
3127222117
3227112134
1222112122
1121112132
2121122226
2127112216
3112121211
3121211137
2221211225
1212122122
3111211114
3213122231
2112122216
3112222124
2112121226
2227122215
2213112135
1222221232
3112222224
3123222211
3221222134
1222211123
2112121215
3223122237
3211222124
2212222236
3112212134
3217221114
3217212217
2213221236
3127112217
3227112231
3113112227
3227221227
1223112222
1112121133
3123212224
2117222135
1227221122
3117112124
3213221111
3121211134
2117111115
1211222222
2123222125
3221122127
1211122122
2213222226
3223112137
3113221137
3222221131
3123112221
1213111113
1113122112
3123211111
3222121124
2121112226
2117121236
2222221226
2227121225
2123112215
2217111116
3227211217
2127121135
2223112115
1123112232
2223112125
3212112114
2221121125
3112121214
1123212232
3117121221
1221112232
1222112133
3121121124
3127112237
1213122222
2112112225
3111221121
2221111215
3121221111
1217211222
2117122136
3123211227
3112112124
3127212127
3223121221
2217222135
3223212231
3222211134
1212121222
1111221122
3111211234
3117111231
3112221227
2121122126
3117211117
3127221134
3112111127
3112121117
3223111221
3123121214
3111111224
1213111132
2212221136
2121121125
3211221121
3121211224
3211122224
2223221225
2127222135
3117222237
3121222221
3213111127
3122112114
1222112113
2221211126
2122112136
2217212136
3217112234
3223222127
3112111221
2217111126
2213121215
1222222223
1123221123
3111121111
1212122133
2221121136
2112212136
2127122225
3121211231
1113211122
2212111216
3212222137
1223122222
3113211121
2212112126
1227121222
2117121215
3217112137
3227222211
3213211111
3223122131
1122211133
2127212126
3113222221
3113222134
3111221237
2117122125
1117221112
3213211131
3127212217
1227212222
3221121137
1227112123
2113211225
2223121236
3121212134
1212211122
3212121124
1222212133
1222211213
1213222212
3212121227
3113212117
3123122217
3212222117
3121211131
1211122212
2112222236
1117222212
1211221212
3121212214
3211122221
2223222215
3113222217
3127122214
1122211223
1221121122
1122122112
2211211135
2213222125
2211111236
2112221236
2222111115
3213212134
2227121215
3123111124
1122211222
2211222126
3122112111
3127111231
3111112231
2223222115
1113221222
3113112217
1121111133
2121211135
1211212133
1111222233
2113222136
2122111116
2223212236
3227111134
2212111235
1222112112
2223221215
3121212114
2211212216
2217212115
3221111111
1121221122
2223211115
3127212111
3227211237
2111222116
3112112121
1217112133
3227122234
1217212222
2211222236
1212112232
3112221117
2111222225
3217112114
3222112237
3113211114
3111212211
3121221234
3121112127
2127112126
1123211122
3112211117
1121121123
1117222122
2111111136
3127122217
3221122121
3212121111
2227211236
1122111122
3112111231
3117211234
3117112231
3222112214
3113211231
2112112135
2221111236
3121122231
1227111123
2123122135
3127122137
2127111125
3213112117
1121211212
1212212123
3227222121
3213112111
1117221232
1112212122
3112222217
2217111115
2121122125
2213112126
2211211125
1217212212
1117212232
3123221137
1213212223
3112212111
3217122121
3127111214
2212211136
1121222233
2127112116
3211212117
3112112131
1123111133
3122212137
3211111137
2222211116
3127222114
1112211222
2121122115
1113121122
2127122236
1222121112
2123221116
3213211137
3222221111
1221212213
3111212231
3223122224
3117211121
2221111216
3212212137
3213121217
3217111124
3121221137
3222211217
2111121226
1221222133
3222122127
2212221225
2123222135
3123122221
1127221213
3221222217
2221111125
1223111222
2112112115
3122221127
3127121117
3123111211
2112221136
3227112137
1211222123
1127222212
2113121116
2212222225
2123222126
2113222225
1123121123
3123121234
3221211127
3217221111
2122121235
3212111127
2122121215
3227211131
2223211136
3127111121
3212212234
2117112135
3217221217
1217222122
2121222125
3122211211
3212211221
3127122131
3213122114
2227222136
1111111122
1217121212
1121221222
3217222237
3211211227
3217221134
3213121127
1223221212
3211122131
1111122112
2217112226
1227212233
3112122217
3221221217
3227121134
1122112132
1227122122
2217221115
2213211215
1111121132
1112121113
1113212233
3117222234
3212212221
3212222227
3217222221
2122122125
1211112233
1227212213
2113112215
2127121225
3222211124
3211121234
2121121226
2127122115
2213222236
1211121212
1223122212
2227221236
1221121112
1121211113
2112112125
3111121237
2111112215
2111112115
3111121117
3122222124
3123222231
2213121236
2127222125
3211212234
2223112236
3211211114
3111212131
1221111123
3217212121
2223211225
2212211225
2227211125
1111212212
3117121227
2123111216
3122111134
3117212214
2213111225
3213212227
3217111224
2211221115
2113222235
2113111236
2223122136
3123121217
3111222211
1221122133
3112212131
2123111215
2111121116
2211221236
3113212224
1211222213
3212222121
2222112216
3112221234
1111211123
2113111216
3223221214
2222221216
3117122121
1127221132
3211111231
2112121115
2113112236
3117111111
3223111124
3121121217
2217112135
3123111217
3211122114
2113121216
1213221212
3122111231
3217111114
1213211213
3127121231
1113112213
2123122116
3222221117
1221122222
2212111135
3213221214
3223212211
3213111227
3111121131
3222212211
2122122225
3117121124
1223211232
3217211211
3122211214
2111111215
2123222225
3217212214
3113211134
1221112113
3221211131
1112111122
3122112121
2222221215
3213112127
3122222224
2227211235
2121111126
2122222135
3123121114
2222211115
3121111217
3117111134
3123211217
2117222215
3121122234
2221212136
3127122224
1221222132
1127211133
3117222224
1213221133
1121111132
3122222221
3222221234
3123211234
3123212211
1111222113
2223111235
3127121214
1122112123
3117112131
1212122232
2113222216
1212211133
2117122115
2217212215
3211122134
3221121214
3223122124
1117121233
2123121226
2122111226
3211211214
1223111123
1123121133
2123211226
1127112132
3222211231
3222221221
1223211113
1212211112
3112111224
3121212221
3127122231
3123212121
3123221117
3112122211
3223221124
3221121227
3221222227
3123212234
2117121135
2222122215
3117211237
3113211111
2122212135
3123221231
3113112221
3123121224
1121211122
2222122225
2113221136
2123122236
2221212115
1212112132
2113121115
1112222132
1221122132
1222221212
3122121111
3211112114
2221211115
1213121232
3222212217
1111222223
3113211211
2122112235
3117112237
2122122236
2117222115
3121121237
1223212233
2221221235
1123221222
3223121121
3122221134
3222111231
2222121225
3223112111
2217211135
3211122137
2111221215
3211221111
3221121114
1117211223
2112111235
3113122227
1211122123
3127212237
1117222213
3217211111
3127122221
2111212116
1111212113
1212221133
1217121122
3222222211
2213211116
1217122233
3213221124
3221122237
1217211112
3221221227
1223111223
3217211127
3222112111
3212111211
2227221126
3113212134
1123222112
1122222223
3112212114
2121112216
1221121232
1212122223
3223222211
1227212132
3212111114
3223112214
3123221234
1212221233
3213212124
3112222234
2213212216
2221111136
3222221211
2222221115
3117212114
1222221123
2117121225
2123211116
2211121225
1112221123
1213121222
3117211134
3117221117
3121221127
2223112116
3112212217
1113211212
1117212122
2122122115
1122211112
1213221123
3217211221
3221111124
2222212126
2217222226
2121122215
1122121223
3227122127
3122222137
1123122122
2121111125
3223221137
1127122123
2122211226
3111122234
3123122227
1122111232
3223111234
3112111131
2113112136
2117112226
3211112124
2221211235
1117121222
2113112116
3127212131
1227211223
3212121114
3112221121
1123121232
3117221121
1212211113
2117111225
2127112225
3211222227
3217221227
2212222115
1222111222
2212211125
2217211136
1117121112
1212122123
3213122111
3223212214
3113111217
2123122125
2127122125
1112112132
3217121227
3123121231
1111111123
1113121133
2123221135
2221221226
2222122136
1221211223
1227112113
2117112235
3113212111
1213211123
3113222124
3123222114
3213111114
3223211214
2217121236
3211111121
1111122223
2123111116
2121121215
3222121221
3222211127
3111122124
3217222211
2211211226
2223112136
1121211232
1127111233
2123111115
3111122224
3111122131
2127121125
2217122136
3222221134
2211112136
3121222111
3221121131
2227112215
2127221225
3117221234
1112222133
3217211224
1121212133
2222111215
1223212222
1127122213
1222121213
2113221236
2121212136
2123121236
1217111112
2121211226
2127221236
2221112126
3111221127
3217212231
3122212234
1221111213
3211211224
1222121232
1113112232
2223212135
2217222215
2121221125
2113121226
2123121235
3113212234
3227212111
3111211217
3211111124
2211221226
2111211216
1122122223
3227111217
2121221215
3213222224
2113111126
3127221217
1217121113
2123221235
2121121236
3127221121
3213122221
1113111213
3213111111
3113222227
3122121137
2113111235
3211111217
3127211217
3222112231
1221111223
3127221137
2211211215
3127111227
1113222233
3221222224
3112112237
1217221213
1122112133
3112211221
3223111217
1223121223
1111221232
1113211132
2212121126
1227121132
1113121132
3213222137
3117122227
3121211214
3211212224
3111222134
3227211127
1213112133
2111122125
3122121124
2221222116
3217121111
3213112114
2117112125
3221221131
3222212114
3122212227
2127211235
2121212226
1122212112
1223121222
3122122231
3123121137
2117111126
1113212113
2222221116
1212112113
1212222232
2212212215
2213121225
2122112115
2122112215
2221121116
3113221227
1211222132
3223212237
3127121217
2211112226
3213112224
1117121113
1213112232
1217222213
2211111225
3111211127
2212212226
1111121113
1211121112
1211221123
1112211133
3117211124
1127221113
2222122135
2113122125
2117221216
3223222214
3123221221
2212222215
1117111133
3227222217
3123122134
1211221112
3221212224
2211211235
2121211235
3223222111
2222211226
1227222232
1123111213
1121121212
1127111113
2113221226
2217111235
3117111214
2117222216
3223221231
1111222132
2211211136
3127111117
2121212135
2217212116
3217211227
2221122215
2111222226
1223111132
3213211117
3212121237
2217212135
2113211125
3127121124
1213112223
3217222214
3127212231
2213222135
1222122112
3211121134
3112121234
1111111113
2121122116
1111221223
3121112124
3222111221
3113121134
2111111115
1117111232
1121112232
1112221222
1212221232
3227111214
3211211131
2122221216
1221221132
1121211123
1221121233
3121221227
2213112136
2122111126
3223112211
2221211136
1122222232
3227222237
3217111117
3227122221
3227222114
3113211214
1121111123
1211121232
3111112117
2123122216
1223222233
2121112225
2222211236
2123111126
3213212224
1113121223
1113112132
2123112115
3123112127
1127222222
1222221122
3122121231
3213121137
2127221226
3112222231
3113122127
3212122131
1213221112
1227111212
3227112211
3112222211
1211112113
1112112212
2123222115
2112111115
1112221232
1113121213
3113111117
3113111231
3223122231
3122122224
2223121116
3117211214
3212122237
3127121221
2221111135
3127222131
1211111112
3127211224
3222211221
2222111116
2117222226
3211221227
2123222136
1113122223
2223112235
3213221211
3223121211
1127221232
1117211213
1121222232
1227122113
3111112237
3223211217
3112122137
3117212237
2223112226
3227121237
3212211214
1122111113
3122221224
1211221132
3217212234
3222121214
1112222223
1223211112
3111222214
3113122111
2212111116
3123222234
3217111214
3122112134
2123121215
3212121137
1111122222
3122221231
1113112113
1217122213
3217211131
3113111124
1213122123
3223121234
3121121224
2112212126
1222211122
3217211217
1211211212
1213111232
1223212112
2212112216
3222121111
3221211231
1117221212
3123112137
2127211236
1127122223
2213212236
3213222134
3213211114
3121222127
3127121227
1121112113
1111211132
3121222124
3222211214
2123222215
2212112115
2213121216
3222112227
3117122131
2122121136
2211111235
3213221131
1111211223
3217211231
2111222216
1113111232
2127111235
3112122134
1117112133
3117112127
3123211134
1112122212
1111112123
3112121221
2111212236
3113221127
2121211236
1122222122
3217212114
1212222213
2223221135
2223211116
1222221233
2212212216
3112221137
1212121132
3217222134
2121121136
2113112225
2212121136
3117212117
3112212137
3113112114
3117212127
2112122136
3211111114
1112212213
2212122216
3211221214
1222212132
2111111135
2122112125
3221212234
3121211237
3127221224
3227111234
2217222236
3117211131
1117212112
3123221134
1127212213
2113211115
1117211123
1113221212
2117211115
3117111124
3211212134
3223111211
2212212225
1121112233
1211122233
3223212224
3217122134
3227222124
3222111124
1112222222
3112121111
3217211124
1211211232
3121212237
1121121133
1113212222
3117111121
1127221233
3221122117
2223212215
3117212231
3121222117
2223211216
3212112134
1221111232
1112111222
3122221237
2223211226
1217221112
3212221231
3222121121
3223122221
3111221217
3217111127
1122112213
1122212132
1112212212
2223111116
1212211233
1112211212
2211212115
3222112131
3212222214
2212222226
2222222126
3113221131
3223121111
2127222236
2211122135
2211122216
3121111134
2227121126
3121122211
2211212136
3213212114
2222111136
1227121233
1217211122
3113212211
1117112122
3111121114
1212222122
1121221132
1217111113
3111211227
3211122214
2113122216
2127112135
3212122211
3212122227
3211111224
3227211211
1111121222
2113222236
2211122116
3222122227
2222112116
1113211123
3227112127
1111212132
1123221133
1227211113
3213112211
3112211211
1217221232
1213121133
2121212115
2211121136
1222221113
2223112215
1113111212
1221112112
3127111134
2213221136
3111211134
3117111227
2211221215
1127221122
3222122117
2111111125
3111112137
3222211121
3212112227
3217111134
2117122126
3217222217
2213111136
3112222117
2227122216
2223212235
2213112116
1223221222
2221122115
2223212225
3111221227
2121111215
3117222217
3213122217
3221221127
2227112116
3217112237
2213211216
1121122233
2213221125
3111222111
3222221224
3122222211
3217111231
2222121126
3117112224
3111111111
3211121131
3117122127
3227221114
3117121237
3221221124
2222222135
1127211212
3227211224
1117112212
1223122133
1127111133
2223121126
1227211213
1122112222
3212222131
1123221122
1217212133
3221211227
3217121121
3111221124
2213221115
3123212127
3112212227
3121122134
2217121116
1113122133
3113211237
2222122126
1212211212
2123111236
2127212235
3121112211
3121111237
3223121124
2121221116
2112122116
3122112117
1221212122
1212122212
3117211211
1227111223
2222222216
2122222225
3223212111
1112121213
3121121214
3123221124
2112122236
1121112222
1111112212
2222221125
2112212226
2221222226
3223221121
3211211231
1222221132
2213122225
1127212113
1222212213
3222212117
2123211115
2221121226
3217122127
1213212112
2127212236
1113122232
1212112123
2227112126
2122212116
3123222131
3222212224
3222121131
2123221226
1212111213
2113111225
3113111137
2122221126
3127111217
1117122132
1227111233
1123222132
2227221116
1221211132
1111222133
1223121212
3111222237
3113112211
3213211237
1223112212
3122122217
2227221135
1112211122
1112112122
2122221235
3222121211
2211111116
3121212137
3212112217
1212221122
3113212217
1223221213
1221112122
3122212117
3222121227
3121211227
2212211126
2211121226
1227211112
2222211125
2122121125
1212122222
1127221223
2111212235
2222121215
3227112217
3213212111
3121122127
2117212135
1112121122
2123111135
2112111116
1113112222
3113112234
2112211136
3122111114
2211111135
2223121225
3112112114
3117121131
2111211236
2112222135
2217222136
3122221121
1221112133
1222121123
1122221112
2117222236
1212111132
3217121127
2221221225
1223112213
1112222113
1117122233
1211122213
3117122224
3212122221
1217212233
3111221211
1113111233
3223112121
2123112116
3117222134
3122111111
1111211133
2121111216
1113111122
2117211135
1121111112
3123221211
1113111113
1222112222
3212111121
2227112226
2223111135
2122121135
3223112134
1117111222
1211221133
2227212216
1123122223
2112222225
1123112112
3211211134
2111211126
2121211136
3121211221
1211122133
2112222116
2117212215
3223111127
2112111136
2121212116
1127111223
3222212111
3222212234
3227211231
1221211133
2227112136
2212222116
1223111133
3127212137
3111122227
3121211111
2113212236
1122211122
3113112121
3111212224
1123121212
3221222214
2223112225
2121222226
1122121122
3117111117
3217222114
3222122237
3123212134
3123112121
3227211121
1127221112
1122211123
2112111236
3227121111
1111111222
1117121133
3212111224
3222111234
2213121136
3111122127
3127221231
2117112216
1213122213
3111222137
2117212125
3112221221
3112121237
2113221216
3217221124
3121111231
2221121215
2112212225
1212111113
3211212137
3213112131
2111121126
3213222234
3221112127
3213112121
1217212213
1223112133
3111211124
3212112224
3211122237
1122222132
3223111227
1221111112
3227221221
3113121127
2217221215
3222212131
3223122127
1213122132
2122111235
3113222237
3117212137
2223221236
3217211114
1121122132
3122121237
1123122233
2117212115
1211111222
2213212235
1217122212
3121111214
3111121234
1111212222
1127221212
3211111127
1123221212
2222222136
2227211126
3122121227
1113212212
2112111225
3112122214
3213221117
2122211125
1111111132
2117212116
2113122135
1117211122
2222112215
3122121221
1223221113
2227222225
3113221221
1113111133
2211221225
2221222216
1213121122
3221211134
3213121117
3222221227
1121212112
3123222137
2113221215
3212222111
3221211111
2111111216
2113221116
3121112224
2111122215
3223222231
1213221232
3227111237
1111111232
3213112124
2112121236
2111221115
3123122121
2117221236
2117121115
2212212135
3111122214
3127221124
2113121135
3122111234
3121122221
2211121216
2112122226
3121222224
3222112114
3221222114
1227111222
3112212127
3111212121
1121111212
1211211213
3113122237
1123122112
3127221211
3127112114
2217122135
2112111216
2221212226
1121222132
3212122217
3127121234
3222222111
2221211226
2222111235
1217211212
3123222124
1211112132
2222121136
1222211112
1111211213
3122111237
3122211234
3121112234
1121121232
1222111132
3112121224
1222222212
1112112233
1213222232
2213112235
1227211123
3212112124
1113221223
1227222113
1113112123
3117221237
3213221231
2112112216
2227222235
1127112133
2112221135
2112212216
3227222134
3117121117
1111222112
3111212237
1123212223
2121221236
2117222225
3227211221
3121112237
1121121222
1217222232
3111121137
2222112225
1222111212
2213211236
2113112126
1111121213
2122211216
1111111233
3221212114
3127121111
2113121125
1111121122
2123112225
3121221134
1217221222
1223212123
3117121121
3127212114
3111222227
3121212124
3221211211
1222111232
1217221133
2122212225
3113221111
3227211137
1227222122
3112212214
3122221217
1217112222
1212222132
3112112117
1112121132
2127121116
3121111211
3112211114
3227111124
3121221131
1227121112
1111112113
1111211113
2217112236
3217222224
1211121133
1221111233
2112211235
3127121114
3112111117
3122122137
2113121136
3117112234
2127221135
2113111135
2113121225
1211211123
3213212234
2113222126
1123212212
1217211223
1122221122
3112121114
3222122221
1121121223
1122111132
1111122123
2221212216
3121212231
3211211111
3127222211
3127222237
3212212211
3117122114
2117221225
1122121133
3211222237
2212222216
3212211217
1127212233
2212212235
2221122226
2223211126
3222122211
1223112223
3223111134
3227111121
3223121227
1222111112
3111112124
1217221123
1213112213
1227222132
3121112214
1123212112
3221122211
2111221135
3122121211
1113111123
3127221114
3217111237
3121222227
1221222123
2112212125
1217222222
2121212225
2211221135
2211222136
3217222137
1121221232
3212211114
2211222235
1127211223
3123111234
1112122112
1123121223
3111212134
3221211221
1121122223
1217222113
3217221137
1212122233
1123212213
1123222233
1223111122
1227112223
2123212225
3122111127
1222112232
1227222222
1213211112
2111211116
1111112112
2112121225
1223212132
2217222235
3211121231
2113111226
2123211215
2222222116
3113122117
3223212121
1121112133
2217212225
1117212113
3221221111
3117211111
2221221136
3123222217
3123221224
3211111117
1122121123
2213212225
2217121125
1122121132
2121211115
3121121134
3111112111
3122111131
2112211226
3122122221
3113111211
1117112232
3213121227
2122111225
3221122131
3221211237
3223121237
2211221136
1217111233
3111211211
3211122211
3112212221
1112111132
3227221121
3221221224
1112221223
2112121216
3122111221
1113112133
1217212232
3227221131
2112211116
1127122122
3111211237
1121122213
3113212231
3112121134
2213221225
2213122215
2211121126
1221112222
2213122236
3117121211
3221222231
2122121216
1123221223
1222222233
1223221133
3127212121
2217121215
3213111234
2227121116
3113222111
2123121136
1211112213
2221211215
3217222234
3221212237
1112112213
2223122216
3113221117
3127111111
3112122121
3212111234
3111112211
3223111131
1221212222
3222122131
3117211224
2112211216
3211121227
1111222232
1212212133
3222211237
1217221122
1213212233
3112211231
2112112116
2122122116
2123112226
2113222115
1213111223
1112222112
1213222113
1123121222
3221111211
1223212212
3227122117
3213222127
1211112222
3221122137
2122112116
1223111112
1217221233
3227122134
2227111115
1112211233
3213211217
1117212123
2222221235
2227112115
3121111137
1227111133
3222112121
1217122222
1127122222
2223111226
3212221227
2221212235
2113122236
3221211217
3212212134
2221211135
2211212235
3212211111
3117222121
1127211213
3122112137
3217121137
1217212113
2123211126
3222121217
3121122114
1127222113
2227211115
2123121135
3221111114
1222212113
3112211214
1212112233
3212121221
1117112222
2227121235
2113212115
1217121112
2121112236
2222221136
3112212117
1111112132
3212122224
2217212236
1122212113
1127121132
2123222116
2123112135
1113121232
1117221223
2117221116
1212112212
3211112221
2213112226
3227122211
1112112223
3112111124
2122121225
3221212217
2123122126
3127211114
2112221225
2227212126
3213221121
3112112227
2212221126
2222211136
3212112131
1221111222
3121121127
3117112211
1213121123
3222111121
2213222115
3127222214
1211212212
3227122237
1222211132
3127222124
2122212216
3217222127
1213122223
3217122111
2127111126
1217122132
3221211117
3222212134
3222212127
3212211137
1111211212
3121121137
3213212117
1117212222
3111111124
3213221137
1111221112
1223221223
3122211224
3223211221
3121222121
3211222111
3222222131
2222221135
1221121133
1123111212
3213222114
3222222121
2127121136
1112212232
2217212125
2223222136
2122112225
3123221114
3212212114
3217112227
3122121117
1221221223
3221221221
1212212132
2121211125
1127112213
3217221224
1121221113
1121222213
3117112134
1217222133
1211221113
3112122231
3223221111
2212211135
2111122225
2211112116
2117122236
2112211236
3112221111
2213212215
1222122223
3127112137
3212222234
3111112121
3213121124
1217111132
3121221121
3117121137
1212121233
3223222114
1221121212
3127211211
1221222113
1127122212
2127222216
3117122231
1123211212
3112221214
3227221211
2113211226
3113112224
1127111123
3121122214
3122121217
2123211235
2127112226
3213122121
1221212123
3113222224
3122112131
1122221223
3223111224
1212111133
3222121127
3111211221
2117212216
1117222223
1227221112
1113112122
2127222116
1121122133
3211111211
3211112211
3121111117
3221221231
1111212232
1227211132
2127121235
2212122225
1127121232
2127122135
1122211212
3117122111
2217112136
1217121232
1221221232
3127212211
2223212125
3222111117
2123212226
1217111232
3117221131
3121211211
3122112234
3122221114
3123112111
1123111123
3113222127
3122222234
2221122126
3211122217
2211111115
1113212133
1121121113
1217222233
3227212127
2123212236
2122211126
3122212221
1211212222
2112222235
2113212135
1217122232
2222112126
3222111237
1213211222
3211212231
3213112231
2222212216
3227112111
2223221126
1212112223
3111122121
1227222133
2212122135
3111221131
2127221235
3222212221
3211112111
3113212137
3222111134
3222112127
2112121125
2227121226
2222122236
3117221217
1112212133
2227111235
1111112222
3113222117
3211111227
3221212211
3122112214
3222122111
2221111126
2213211235
2211112225
1112222123
1222222232
2213221226
2122122135
3113121217
3217112117
2121111116
3213122117
1112222233
3222222127
3223222227
2111122236
2217222116
3227121217
3111121231
1111212112
2211212236
3212121234
2222121216
1227211222
3217112131
1117221213
1122112112
3211111221
2117211235
2213211115
2217122225
1217122122
1123221232
3222222227
1127121233
3213111134
1223211233
3221112114
3117222211
1112221122
2227111225
2111221236
2121212125
3222212121
1223122113
3113111237
1212112112
2223211236
1127122112
2117211225
1213112113
3112211111
1217121223
3213211211
3117111237
3227212211
1211211233
2127111135
3212121224
1221121213
3213111224
1213121212
3221122111
1111112122
2112121136
2211112115
3111121124
1227122213
2213122235
3111112114
3211112131
3227111224
2221221125
3123221127
3117211127
3127121237
3227112224
1127211132
3117222137
2217221225
1217212122
1222112212
3122211217
2122211215
3112222131
2212221216
2221112235
2212112125
3212212217
3223212137
1123211133
2211212116
3111111217
2213222216
3117211221
2112212236
3223221237
3211111237
3112211137
2213221216
2127112125
3127122117
3111111221
3211211234
2222111125
3223212124
3211121137
1223121113
3117221134
3113222114
1112121223
3223222217
3117122137
3223122211
1212112122
2111121216
3122222127
3227221111
2213211135
1112222232
1127211122
3127211121
2213211125
3122212211
3223221127
2227121136
1221121132
2117211126
1123122123
3212122127
1117111122
3127212214
3223222131
3117111224
3221112231
3227222224
3127211234
2227111236
1117212233
2217211236
2222122235
1223221233
3221112224
1112121233
2117212235
3222111227
1227221133
3111111127
1217121213
3217222121
3211121211
2122212215
1113222122
1211121132
2113111125
3113211117
2227212236
3227121224
3113112137
1117122222
3212211224
1121112223
1221121113
3111221117
3223221114
1211222112
3221111121
1222122233
3117221224
2122212136
2217111226
2212211216
3123212111
3222122124
3221221214
3112121121
1223221122
3227212137
3111121217
1111111212
2227221125
1213112123
3127122127
3222211111
3127112221
1217222212
2217122125
2117221235
3122112224
2127211216
1113112212
3213211227
2227122226
1211112112
2113122215
3213122237
3111111117
2121122236
2127222215
3127112234
3223211124
1127211233
1223122132
2221222115
3123222224
3111221221
2111221235
2122212126
3122122227
1123211223
3217222124
1111112232
1217111223
1122112212
3213221134
3121222234
2227211116
3121212227
2221222136
3112212231
2117211125
2217121216
2122122126
3117222227
3121221217
1121211222
2111112225
3223112124
3227122131
1111222123
2123221216
2121212215
3222122231
2211111136
3111222224
3122111124
3211222134
1113111112
1127112232
1222112233
2117212236
2212121125
1222111113
2212111226
3127122111
3227221124
2121221235
1223211222
3113121124
2217122115
1222111213
1121212212
3223112234
3112122114
3211121124
1113211223
2122211115
3111122231
3113111224
1223222222
1121211233
3221121127
1217111123
3123122127
3222222231
1121111223
3211111131
1117122232
3113212221
2227122235
3123221214
2223111216
3221112227
3122221131
3113212131
1113211133
3127111131
3211222131
2222121226
1123221132
2111121136
1127122233
2113222215
2227111116
2217111136
3122221124
3113211137
3221221114
3211112224
1121122123
1223212232
2212222126
1223211223
2222211215
3123211117
3221112214
3227121137
1112122122
3113222211
3117221231
3223121224
1117122212
1121121213
1121111122
2222121236
2221212236
3112212121
3217212134
3212221134
2113112115
3212211234
1113122222
3217121114
3111222121
3111111121
2223122225
2227212225
3217112127
2113212136
3221112137
1211211113
3117222231
1223211212
1227121212
1223111213
3213222124
1121212232
1111111133
3217211214
3212121217
3112222114
3211222117
1221111132
3223121134
3223122217
3223211137
3212222134
2217122215
3111221114
3122211227
3223121117
3113221114
3211222231
2221112135
3117111131
2211222216
3117221227
3123211214
3127121134
3211122111
1213221122
3213121114
2111122116
1121122113
3227212134
1212121223
2223111126
3123222127
2122211135
2212111136
2222121135
3113122137
3212111131
1112111123
1223121122
1127212232
1127212212
3113122124
3211112121
3221122114
1111221212
1211121223
2212211226
2113111116
3227222131
1211111132
1117122123
3211212214
3112122131
2217121135
3112111134
1222122213
3223122234
3222221124
1127222122
1222211232
1213221213
3211222214
1127112123
2113211135
2211122215
3117121217
2122211225
3113112231
3121222231
1222112132
1127222112
3112111121
1122212123
3227222221
2221111116
2213111126
2227111135
1227212122
2227221226
1111212233
1127111222
3213221234
2221221236
2112112215
3122111121
3127221214
1221222122
1112122132
3221211214
3213112237
2122221135
2222112135
3112211227
1213111112
2122212115
3117211137
3122212114
3111122211
3127121131
3227122137
2123122215
3217222231
2211212135
3222221237
2121221126
1217122113
3127212117
1113122233
1127121122
3223221227
3123121134
2127222136
1111112223
1223121123
2211212215
2123211135
3227111131
2121121126
3221121234
1117211222
2221121216
1113222113
3111212227
3117212124
3121222217
3127121121
2111111236
3221222234
2221222126
2117122116
2111121125
2111222235
2112111215
1121211112
3111212214
3212111217
2117211226
3127122234
2221121235
3227112221
3123121221
3122121214
2113211235
3111112221
1111111223
2211122126
2217112216
1121212123
1113221113
2117221126
3123222111
3117122214
3117212134
3127221221
3222122234
1123112132
2211112216
2122112135
1121212122
1222121122
3227212224
3222112221
2213122216
3227222137
3113121227
2111212135
2111121225
1223122123
2222212226
1122111212
3212221127
2113122115
2117221125
3112222127
3127221117
1113211112
1123112212
3121112221
3123111237
3121111114
1223222132
1212111233
3112111137
1212211222
3122111211
2113221225
1223122233
3212112111
1221211213
3117212217
3223112224
3211122127
3222121231
2121111235
3122222134
3111221111
2211122115
2121222225
1121122122
3221121231
2227211216
3223212131
2121122135
1113121222
1123112133
3222122134
3227122214
2122122226
3113112127
3122211131
2227122116
1221211222
2121121235
2213111216
1127211123
3222221114
3221112121
3113111127
2121211215
3112121217
2223121235
3117122237
1111122213
3223212221
2117111235
3221111134
3227211124
1121112212
3113121221
3123121111
1113212223
2123211125
2212211215
2222122125
2117121116
3123112227
3221122224
3123112124
3222122137
3217122211
1111222213
2213122115
1227112122
1123212122
1217122133
3221211121
2223111215
3222212214
3123111114
1217112223
1211111122
3212221214
3113211234
2227222135
3213212237
1127111132
3111212117
3227212214
1121222113
3221122227
1122222112
2111111116
2213222136
2113221115
2127112236
1112212222
2127212116
2211121125
1212121123
3227211117
2111212226
1127221222
2223212115
1121122212
2117212225
2111211225
3227111211
1222211113
1112221112
2222112125
3223221224
1117111213
3121212131
3127221111
3223211131
2112111226
2111212216
3213122124
2127212225
3223111117
2211222135
2211111125
1221212113
2227112135
3117212211
2217111236
3217111211
1117111113
3223211111
3212222114
2122111135
1127121212
3112111234
1122212232
2127121215
2121122225
3111212111
3217121124
3222121234
3117211217
3227221127
2213221135
1117222222
2217222216
3221211234
3222121137
2123111136
1217122223
3127211111
1213212123
3123111117
3221212121
2211122235
3111122217
1123121213
2221221135
3213222117
3222222224
2212121115
1223121213
1117221133
3221212134
2111121135
2123122226
2211122225
3127212221
1213212122
1211221232
1221222223
3127112214
3221212214
3117222131
1223112112
1117121212
3111122111
1117121122
2112112136
3211221224
2117112236
1111221123
2121212235
3212212131
2112211115
2113222125
3111121224
1117211233
2223222236
1211112123
3117122234
3211211127
1222211223
3112221231
3113211224
1121221233
2123122115
2227211225
3121212217
1127121113
1227212223
2117222235
3217221131
2127122126
3222121114
2112222125
2111212215
2211122125
3221121237
3127222217
1122212223
1112111233
1123211113
2217221235
3217122237
3211121114
1222221112
2222112136
1227212232
3223121127
1117111233
1222222213
1217121132
1112122213
3217212137
3221121211
3122112237
1221111133
1217221223
3213121224
1122111213
1217221113
1217212132
2213222215
3121121234
3223122214
3221121117
3112122224
1223221123
3222211114
2123112125
3127221227
1212111123
2111122126
2223121135
2221222236
1122121212
2111211226
2112222126
1117112233
2211211236
2212212126
3221112217
3211222137
1211222122
2111212125
2123212116
1222121212
2122112126
3211222221
3113121237
1117211133
2127211226
3212221137
2217222115
1227211232
2212221215
2217212126
3222222214
3217121231
1122212233
1227122112
3112221131
3113222131
3212221221
2213122226
3222112137
2223122135
3112211121
1217111122
1217211213
3122122121
3213111211
2221122135
1111111213
3122121127
3212111117
3227121221
1212212212
1227222213
3223222237
3212222124
1212222222
1221212212
2222121125
2222121116
2213212116
2221121236
1227221212
3112112127
1123221112
1112112133
3113212237
2121222116
3217121221
3223111237
3212122134
1212112213
3213212217
1121211213
1211221222
3213112217
3113211127
1211111223
1227221223
1123122222
3122222131
1211222223
2111112226
1222212222
2112211126
3123122234
1112211213
2122221116
3213122131
3222211137
3113112111
1221111113
2121121116
2221122235
3112112217
2213221126
3212111134
3122212111
3113211217
3113111131
1227112132
1211212122
3222221231
1211111113
3111122134
1222211233
3127122124
2213222116
3213122134
1217222132
3112211127
3222111131
1212221113
1213121223
1223212122
1217111222
1113111132
1123222222
3213121221
2213121226
3211121224
2121112136
1211211222
2211112135
2222121115
1217112232
3211212114
3212112117
3221212221
3217111137
3127211127
1212111222
2111112116
1112212123
2113112135
3117221137
1221211112
3112222214
2111222236
3217221211
2112221115
1221221122
2123212136
2112122115
1122212122
3221122231
3117212131
2212221116
3122222217
1117222113
1217211132
3212112137
1222111223
3217221221
2112222215
1121221123
1127212222
3213222214
1121221133
1213122122
3117122117
3127211227
1122221233
3227121117
1217212123
3213112214
1227221232
3221111227
1123222122
1121122112
3217212211
3211121117
1217112122
1213111222
2221221216
1127111213
3223222117
3211222121
2123211136
1127121123
3212121211
3212112237
1211212232
2122111216
3212112234
1123211213
1211211122
2121122216
3212111231
3112212211
1117121232
2123212215
2112212135
2213112225
1211112223
2113221126
3227122217
1113211233
3212212117
3223211134
1221211233
1212122112
3112122124
3223212117
3113222137
2127212115
1217221132
1111221113
1121212233
3123112134
2112221226
2222211135
3212122214
1113111223
1117212132
1122222222
1122122232
2123211236
1211221223
3111221234
3121212111
1122212133
1227222212
3222111114
2227111216
2112111135
3112111227
3117221111
3127222137
3123121121
3212212127
2227111215
3227112114
3221122124
2212122226
2213212226
2127211136
3112121131
2121112125
3213121111
3223212127
2217122235
2123121126
1221122213
3217122114
3122211121
1123221213
3113212124
1117111123
2123222226
1117111132
2112122126
1213211133
1221221123
3112121127
3213111121
2213122125
2217112215
1121212132
2211221126
3222222217
3217122214
2211122136
3211221131
1211211132
1217112123
2221111235
1123122132
2211121215
3112122127
2111122235
2121221216
2213112236
2222112236
2222211225
1122211233
2223121216
3123211211
2127212216
1212222112
1127212133
3123112231
1111211232
2127221125
1127111212
3211211237
3117111221
3112111111
2122121115
2112212116
3217122221
3212122121
3111112214
2121222115
2111121236
1117212223
2112122125
2221212116
1123212133
3117111127
2222222226
1113221123
1117111112
1127122132
1213221223
1112112113
3111121227
2123211225
2211222115
3113111214
2211112126
2223122215
1221212233
1221222112
2221222225
3117121214
1113211232
2127221126
2122222236
2112111126
2217221226
3113222231
2223111125
3213111137
2127212226
1123111233
1212221123
2212112226
3213121237
3111111234
3223212234
2223211125
3123212237
1117212212
3227121211
2212122115
1222221213
1127121223
3127221127
2117121126
1111212223
1112212223
2213111226
2223111236
3111112127
2227212125
2221221115
2117111116
2227112125
3111211121
3223222221
3117121111
3123122124
3222211227
1213222213
3111112224
1222222113
3217221237
2111122135
1217211113
2123121225
1212211213
2112212215
3111222217
2113212125
3217212124
3211212131
2122122235
3227111114
1227111113
2111112216
3127211134
2121222135
3117111217
1221211212
1221221213
1112122222
2222212215
1223121233
3127222121
3123112117
1212121113
1123112113
3127121137
3222112117
3123112131
2117112115
1222211133
3213122211
2213212135
1212212112
2212222136
1217112212
1221122123
1212112222
1213121233
3222122114
2122222126
3111221134
3123222134
2221112115
1222211222
1122122222
3221212227
3211111111
3222221127
2227222216
2222212125
2227112235
1117121132
2227222215
3117121134
3211222234
2122112226
1227111232
2222212136
3111212234
2223122235
3117121231
1217112213
3221222237
1127211113
3127111237
1117121223
2111212136
3127121127
3121221224
2227221225
3117122124
3117222214
1212212213
3212211237
3211122231
1121121112
2112122225
3221112124
2227122126
2123221225
1221211232
2217121115
1111212213
1113212112
1211212223
3121111221
1127111112
1222122132
2117122215
1213121132
2127222126
3111121121
1212211232
3221222111
3227222111
1211111213
3122212127
3213211234
3112211217
1117122122
3121121121
2122212226
3113121214
1113122122
3112221224
2123111225
2127121115
1123222123
2121112235
3212112211
3222212227
3122221137
3111211224
3211222224
1121121122
1222122133
1122222233
3223211114
2227221215
3117222221
3111222124
3122122214
3221211114
3223211234
