0.0
0.0
0.0
0.0
0.0
0.0
0.0
0.0
0.0
0.0
0.0
0.0
0.0
0.0022863542869525663
0.0025176868831493747
0.0
0.0
0.0
0.0
0.0
0.0
0.0
0.001962903192403106
0.0
0.0
0.000843787852347031
0.0008416681744505467
0.0
0.0
0.0006298377175012815
0.001415732322648961
0.0
0.0
0.0020546981275355895
0.0
0.0
0.0013615696189346225
0.0
0.0
0.0
0.0
0.0
0.0
0.0
0.0009373821152073174
0.00033323934502222784
0.0
0.0005754491071618725
0.0
0.0
0.0
0.00027741741581038706
0.0
0.0
0.0
0.0
0.0009557365757200849
0.0
0.0
0.0
0.0
0.0
0.0
-0.000599915524323169
0.0
0.0
-0.0006111675238444235
0.0
0.0
0.0005620650740010128
0.0
0.0
0.0
0.0
0.0
0.0
0.0
0.0002644653922821282
0.0
0.0008943544519846478
0.0
0.0
0.0
0.0008136152100439761
0.005462192737604026
0.0
0.0
0.0
0.0006300048537647303
0.0012201877153900525
0.0
0.0006396051453844494
0.0
0.0
0.0
0.0
0.0
0.0
0.0
0.0
0.0009594916696314917
0.0
0.0
0.0
0.0
0.0016082162027410616
0.0
0.0
0.0
0.0
0.0
0.0
0.0
0.0021313452721415074
0.0
0.0
0.0
0.0035054969623251704
0.0006334529636840421
0.0004955668885640048
0.0031234936987821573
0.0
0.0
0.00046227719179208165
0.0
0.0
0.0020783366090892544
0.0025226617667994046
-0.0006464888347378402
0.0
0.0
0.0
0.0
0.0
0.0
0.002191967160755809
0.0
0.0
0.0
0.0
0.0
0.0
0.0
0.000635871838323103
0.0
-0.0007596240147634888
0.0
0.0
0.0
0.0
0.0006395687223045744
-0.00021532515947554794
0.002431824226881716
0.0
0.0
0.0
0.0009263527830193011
0.0
0.0
0.0
0.0
0.0
0.0010334713921675916
0.0
0.0
0.0
0.0
0.0
0.0006907456965032765
0.0
0.0
0.001819530198938883
0.0
0.0
0.0
0.0
0.0
0.0
0.0
0.0
0.0008470622528826868
0.0
0.0
0.0008857212384920692
-0.00022479502929773838
0.0
0.0
0.0006262210663964719
0.0003500451145296761
0.004983371652907174
0.0
0.000631023755123255
0.0
0.0
0.0017375338809796689
0.0006374870566472796
4.986753264066727e-6
0.0009898336209013077
0.0031264406496330746
0.0
0.0022564969950874918
0.0
0.0
0.0024271785413932105
0.0019307149908765874
0.0
0.0
0.0
0.0
0.0
0.0
0.0
0.0
0.0
0.0
0.0
0.0
0.0
-2.6582489498102866e-5
-0.00022099638649456508
0.0017898120528201658
0.0
0.0
0.0010578998551924238
0.001923312821197802
0.0
0.0
0.0008502746901321875
0.0
0.0
0.0
0.0
0.0009470213490522907
0.0
0.0
0.0
0.0009331224659383475
0.0009807734609379773
0.0006357802161777663
0.0
0.0006347835579424921
0.0
0.0
0.0
-0.0002828879783084183
0.005172182678875169
0.00012445014188137887
-0.0015292330692832181
0.0006246688655990363
0.0
0.0
0.0
0.0
0.0
0.0
0.0007896581343294716
0.0
0.0008146791337614586
0.0
0.002020882737081454
0.0
0.0009848347506095062
0.0
0.0
0.0009366030950383736
0.0
0.0
0.0
0.0
0.0
0.0
0.0
0.0
0.00026790876654815527
0.0
0.001155432141673054
0.0
0.0
0.0
0.0
0.0
0.0
0.0
0.0
0.0006991243814220212
0.0007929645669131802
0.0
0.0
0.0002770232676865425
0.0009271400628542897
-0.0002990185386848413
0.0
0.002015003204442965
0.0
0.0007492622479179113
0.0
0.0
0.0
0.0
0.0007788056283749626
0.0
0.0
0.0
0.0
-0.00046413310182342207
0.0
0.0
0.0
0.0
0.0
0.002128328055353746
0.0
0.0
0.00010193497671593602
0.0
0.0
0.0006398442054996134
0.0
0.005480551775402637
0.0
0.0
0.0006320312501751245
0.0008571438026963924
0.0
0.0007640966687071027
0.0003761333807884945
0.0
0.0
0.0
0.0
0.0
0.0
0.0
0.0
0.00126891673592024
0.0010137230096522475
0.0008493491230928395
0.0
0.0
0.0
0.0
0.0
0.0
0.0
0.003022491402282651
0.005691139662819178
0.0
-6.87890713523895e-5
0.0
0.0
0.0
0.0
0.0008433781168575448
0.0
0.0
0.0
0.0
0.0
0.0
0.0011035682670587688
0.0
0.0008938310927473434
0.0
0.0
0.0010408316941013143
0.0
0.0
0.0008107604083869173
0.0008223807735416608
0.0
0.0
0.0
0.0
0.0
0.0
0.0
0.0
0.0
0.0
0.0
0.0
0.0
0.0
0.0
0.0
0.0
0.0031748315504561355
0.0
0.0
0.0
0.0008615610509382311
0.001151148502480791
0.0
0.0
0.0
0.0
0.0
0.0
0.0
0.0
0.0
0.0
0.0
0.0008452732277256284
0.0026289412132008794
0.0
0.0
0.0
0.0
0.0
0.007556109932079974
-0.00010585296952244551
0.0008288690788735455
0.0
-0.0003912133741675052
0.0008621586275515564
0.0011178821311545039
-0.0001208390160216353
0.0011680614976818779
-8.277046090016509e-5
0.0
0.0008514798161652521
0.00028215138643048545
1.5888784061041296e-5
0.0
0.0
0.0
0.0
0.0006223776590834115
0.0
0.0
0.0
0.0
0.0
0.0
0.005386458972425249
0.002618690099207276
0.00455566935352969
0.0
0.0
0.0
0.0
0.0
0.0
0.0
0.0
0.001034166858888622
0.0
0.0
0.0
0.0
0.0008481435316460018
0.0
0.0
0.0006392824436053567
0.0
-0.0013309741112468945
0.0
0.0
0.00019890873993517512
0.0
0.0
0.0
0.000632158319051796
0.0
0.0
0.0
0.0
0.0
0.0
0.0
0.0
0.0
0.0013587867562616816
0.0
0.005469991619216011
0.0
0.0
0.0
0.0
0.0
0.0
0.0
0.0
0.00039865981635876227
0.0
0.0011375558318995002
0.0
0.0
0.0
0.0
0.0
0.0
-0.00023301219541266107
0.0
0.0
0.0
0.0
0.0
0.0008541768700932952
0.0
0.0010292707093502958
0.0
0.0006353497329931501
0.000783797684679865
0.0
0.0
0.0
0.0
0.0
0.0
0.0
0.001600699435318234
0.0
0.0
0.0
0.002131933560849914
0.0
0.0
0.0
0.0
0.0
0.0
0.0
-0.0010279113576948638
0.0
0.0
0.0
0.0008884985644351471
0.0
0.0
0.0
0.0
0.0
0.0
0.0
0.0
0.0
0.0
0.0
0.0
0.0
0.0
0.0
0.0
0.0
0.0
0.0007932920416395405
0.0
0.0
0.0
0.0
0.0
0.0
0.0
0.0
0.0
0.0007837048585630685
-0.0016247791155790557
0.0
-0.000827922555705822
0.005254413578689792
0.0010096601695036
0.0
0.0009658393105435782
0.0
0.0015802437500209105
0.0
-0.0007316443895775751
0.0
0.0
0.0
0.0005208485032016901
0.000641540324998748
-0.0006693642908233363
0.0
0.0
0.0
0.0
0.0
0.0
0.0009466404429481613
0.0
0.0
0.0
0.0
0.0
0.0
0.0008532481026971879
0.0
0.0
0.0
0.0
0.0
0.0030931664114316536
0.0007665685291036703
0.0
0.0007890902848950793
0.0
0.0004843175659722847
0.0
0.0
0.0
0.0
0.0
0.0
0.0
0.0
0.0
0.0
0.0
0.000631936432276305
0.0
0.0
0.0
0.0
0.0
3.0317467281753203e-5
0.0
0.0
0.0
0.0
0.0
0.0
0.0
0.0
0.0
0.002995052148878441
0.004093543114243638
0.0
0.0006119508355515448
0.003510715531789152
0.0
0.0
0.0
0.003984696817545942
0.002815882931510423
0.0
0.0
0.0
0.0
0.0
0.0008546457817671214
0.0
0.0
0.0044511357674451735
0.0
0.0
0.0
0.0006459156511586082
0.0029368429285225885
0.0025107784957245647
0.0
0.0006496999144370686
0.0
0.0
0.0
0.0
0.0
0.0
0.0
0.0
0.0
0.0
0.0
0.0
0.0
0.00028551994073813195
0.0009033045137006718
0.0
0.0008096920006455164
0.0
0.0
0.0007208010936725873
0.0
0.0
0.0012590952491555944
0.0
0.0
0.0
0.0
0.0
0.0
0.0
0.0
0.0
0.002321509987768861
0.0
0.0
0.0
0.0
0.0
0.0
0.0
0.0
0.0
0.0
0.0
0.003346542753104769
0.0008838522048754437
0.0
0.0011234282529931753
0.0
-1.8781488706590755e-5
0.0007454332239594741
5.92208558670057e-5
0.0008418314263659295
0.0008518878299086205
0.0
0.0
-7.690414170989253e-5
0.0
0.0
0.0
0.0
0.0
0.0
0.0
0.0
0.000976826911882882
0.0
0.0
0.0
0.0012962148481473234
0.00017091554407478384
3.904982787495416e-5
0.0
0.0
0.0009046855808260822
0.0
0.0
0.0
0.0
0.0
0.0
0.0
0.0006374537350071314
0.0005216773892064852
0.0
0.0008747461134676878
0.0
0.0
0.0
0.0
0.00048616230633026963
0.0
0.0
0.0005196295201952984
0.00043626014800691857
0.0
0.0
0.0006238704060362746
0.000904380235824222
0.0005546645115548742
0.0
0.0
0.0011217981297058262
0.0
0.0
0.0
0.0
0.0005230968865759378
0.00048191536464738376
0.0
0.0
0.0
0.0
0.0
0.00020228104819588485
0.0
0.0
0.0
0.0
-0.0002959306245222988
0.0
0.0009555794254690767
0.0
0.0
-0.0007989635292928789
0.0
0.0027382229151471354
0.0
0.0
0.0037903903987491845
0.0
0.0
0.000990834950795104
0.0
0.0
-0.000608771432205447
0.0
0.0
0.0
0.0
0.0
0.0007294374495572053
0.0
0.0
0.0006342663944826337
0.0
0.0
0.0
0.0
0.0
0.0
0.0
0.0022849000503670286
0.0
0.0019033704988176995
0.0006443780958313526
0.0
0.0
0.0
0.0009538709594039296
0.0
0.0
0.0
0.0006607150990382109
0.0
0.0
0.0
0.0
0.0
0.0
0.0
0.0
0.0
0.0
0.0
0.0
0.0006233821644000991
0.0
0.0
0.001089199184915306
-0.0010277007301744403
0.0
0.000363386518311118
0.000886493641229761
0.0
0.0008548940467852018
0.0
0.0
0.0
0.0005830573826855792
0.001971070741384342
0.0002156362967214733
0.0005914614158723685
0.0026453627176057292
0.0
0.0
0.0
0.0
0.0
0.0
0.0
0.0
0.0009475170408893844
0.0
0.0
0.0
0.0
0.0
0.0
0.002370180579199931
0.00020924959887532683
0.0
0.0009153149148007698
0.0
0.0
0.0
-0.0009829766835366843
0.0
0.0010070226161208952
0.000683553336423504
0.0
0.0
0.0006270853938307121
0.0
0.0
0.0
0.002635772624756479
0.0
0.0
0.0
0.0
0.0
0.0
0.0
0.0006101629221899267
0.0
0.0
0.0
0.0
0.001323583363179519
0.00485741280857211
0.003129571685599081
-0.0012689664416053734
0.0
0.001741315669067276
0.0
-0.0002506545436061344
0.0007813246818817168
0.0010996563918491751
0.0
0.0
0.0007686294100223674
0.0
0.0
0.0
0.0
0.0
0.0
0.0
0.005819347130707675
0.00319267616145917
0.0
-0.0001729267794282451
0.0
0.0
0.0
0.004874979735949829
0.0
0.0
0.0
0.0
0.00011973658735380227
-0.0013771397116750812
0.0
0.0010797299717897292
0.000915368707175164
0.0
0.0
0.004003985603492067
0.0
0.0
0.0
0.0
0.0
0.0
0.0
0.0008427436716199083
0.0
0.0009145583049242721
0.0
0.005345014189661196
0.0
0.0
0.0
0.0
0.0
0.0
0.0009437275143541543
0.0
0.0
0.0
0.0014645866053245712
0.0
0.0
0.0
0.0
0.0007973480457549256
0.0
0.00034804881423751617
0.0008946436795079776
0.0
0.0
0.0
0.0
0.0
0.00019814865219654697
0.0
0.0
0.0
0.0
0.0
0.0
0.0031657769987822677
0.0
0.0
0.002347495923703834
0.0
0.0008512408896254092
0.001063777281399667
0.000882567774183089
0.0
0.0
0.0006347537367767696
0.0
0.0
0.0
-0.0007174557538986009
0.0
-3.986107750356034e-5
0.0008100672629999632
0.0006368458486147935
0.0009943730232174716
0.0
0.0
0.00096947139697965
0.0
0.0
0.0
0.0
0.0
0.0
0.0
0.0
0.0008217394996846664
0.0008608463991388934
0.0
0.0
0.0
0.0006360389744411817
0.0
0.000597274157094568
0.0
0.000830506535063954
0.0
0.0012664983000898965
0.0
0.0
0.0
0.0
0.0
0.0
0.000644848195029964
0.0021441108154828838
0.0
0.0006150527993458198
0.0038944415075703397
0.0
0.0
0.0
0.0
0.0
0.0
0.0
0.0
0.0019243287889457508
0.0
0.0
0.0
0.0
0.0
0.0
0.0
0.0
0.0
0.0
0.0
0.0
0.0008929470796126828
0.0
0.0
0.0008423320575410921
0.0
0.0006323503075702015
0.0
0.0009468514636290096
0.0
0.0014949400690744362
0.0
0.0006474907859557335
0.0
0.0
0.0004366543394012911
0.0
0.0
0.0010014404610828342
0.0008042315807374275
0.0026706323836004427
0.0
0.0
0.0006271219786681404
0.0
0.0
0.0
0.0
0.0008248453515115249
0.0
0.0
0.0
0.0
0.0
0.0
0.0
0.0
0.0
0.0
0.0008298015706365846
0.0
0.0
0.0
0.0
0.0034953284033590834
0.0
0.0008858232734248239
0.0
0.0
0.0
0.0018848559319518316
0.0
0.0
0.0
0.002116579562833633
0.0
0.0
0.0
0.0
0.0006282843526090294
0.0
0.0023791027743552753
0.005538479931010518
0.0
0.0
0.0
0.0007848440085071615
0.0006300756846038905
0.0
0.0
0.0
0.0009565114555107573
0.0017568677663184786
0.0008675499557149126
0.0
0.0004743561977476349
0.0
0.0
0.0
0.0
0.0
0.0
0.0
0.003254075374288817
0.0
0.0048500386580399586
0.0
0.0
0.0041598505532292615
0.0
0.0
0.0
0.004216542497712425
0.0
0.0
0.0
0.0
0.0
0.0
0.0006399813719234813
0.0
0.0
0.0
0.0
0.0
7.850014319888172e-5
0.0
0.0
0.0
0.0
0.0
0.0
-0.0005121240337289379
0.0008326899409173797
0.0
0.0009217368387741544
0.000277333904117763
0.0
2.9708351150981567e-5
0.0
0.0
0.0
0.0
0.0008974506473913359
0.0
0.0009502206575975195
0.0008196237024057449
0.0008927705678671583
0.0
0.0009094512609976057
0.0
0.0
0.0
0.0013942980568084713
0.0
0.0
0.0
0.0
0.0
0.0
0.002474212929248803
0.0
0.0
0.0
0.0
0.0
0.0006341331081666527
0.0
0.0
0.0
0.0
0.0
0.0
0.0035397056806080957
0.0004948633463682993
0.0
0.0010965884389419938
0.0006271891166984278
0.0
0.0009682120930211649
0.0
0.0
0.0
0.0005257510011352651
0.0019239947994574155
0.0
0.0
0.0
0.0
0.0
0.0
0.0
0.0
0.0
0.0
0.0
0.0
0.0
0.0008123777456614152
0.0
0.0
0.0
0.0
0.0
0.0006236865904402155
0.0
0.0
0.0
0.0006386276262616584
0.0
0.0
0.0
0.0
0.003551010928552027
0.0
0.0007792631883563061
0.0
0.0
0.000633945573099199
8.818537056907012e-5
0.0
0.0
0.0008349541280104182
0.0
0.0
0.0
0.0022479712385223235
0.0
0.0
0.0009265406334783969
0.0006421232492475896
0.0
0.001815735104963669
-6.123449089657386e-5
0.0
0.0
0.0
0.0
0.0
0.0003000549839100083
0.001020607672334684
0.0
0.0008210475257717857
0.0007538341210540741
0.0006382817804145341
0.0
0.0
0.0
0.0
0.0
0.0006257407949162199
0.0
0.0
0.0
0.0
0.0
0.0
0.0
0.0
0.0
0.0
0.0
0.0
0.0
0.0010557461536648488
0.0
0.0
1.1072246382139573e-5
0.0
0.0
0.0009270208594269834
2.7700095652022905e-5
0.0
0.0
0.0
0.0
0.0
0.0
0.0003024354239112453
0.0
0.0
0.0008250066102433943
-0.0007067964009612551
0.0
0.0
0.0
0.0
0.00233137964276593
-0.00037758011433584903
0.0
0.0
0.0
0.0
0.0
0.0
0.0
0.0
0.0
0.0008881453290698851
0.0
0.0
0.0
0.0
0.0
0.0
0.0
0.0
0.0009155592941065225
0.0
0.0
0.0
0.0
0.0
0.0
0.0
0.0
0.003223599000646882
0.0
0.0
0.005244325495966687
0.0
0.0
0.0
0.0
0.0
0.0007268282865893602
0.0
0.0
0.0
0.0
0.0
0.0010532830612549335
0.0
0.0
0.0
0.0
0.0
0.0
0.0
0.0
0.0
0.0
0.0001860962901552046
0.0
0.0
0.0024105442355385775
-0.0001897391432327736
-0.0006521205109196275
0.0010011342738030346
0.0
-0.00013281238146127113
0.0023286050195026
0.0
0.0
0.0
0.0008659476271535722
0.0
0.0
0.0
0.0
0.0
0.003673753609798021
0.0009186637771608223
-0.00034747829160995403
0.0
-0.0003199521647418575
0.0
0.0
0.0
0.0006324122725789895
0.0
0.0
0.0008571706599469294
0.0
0.0
0.00099119937437472
0.0
0.0
0.0
0.0
-0.0003166558820513983
0.0
0.0
0.0
0.0
0.0
0.0
0.0
-0.00023421519874254398
0.0
0.004359478275813051
0.0008069580172002601
0.0008985588811786172
0.0
0.0
0.0
0.0
0.0
0.0
0.0
0.0
0.0
0.0
0.0
0.0
0.0
0.0
0.0008126700848737564
0.0006254427641530385
0.0
0.0
0.0006327516352792374
0.0
0.004054083819274483
0.0
0.0
0.0
0.0
0.0
0.0
0.0
0.0
0.0006400788763376207
0.0
0.0
0.0
0.0
0.0009748270978417386
0.0
0.0
0.0
0.0
0.0
0.0
0.0
0.0009067125380394456
0.0
0.0007950566665614598
0.0
0.0
0.0
0.0
0.0
0.0010089128505013398
0.0
0.0
0.0
0.0
0.0
0.0
0.0006371738787996321
0.000822638019674369
0.0006312638569671397
0.0
0.0
0.003927464166887887
0.0
0.0
0.0
0.0
0.000600950642173975
0.0
0.0
-0.00043079563879611885
0.0
0.0
0.0
0.0
0.0
0.0
0.0
0.0
0.0
0.0
0.0
0.0
0.0
0.0
0.0006381735849612579
0.0005365796774551405
0.0
0.0
0.0
0.000636163631865148
0.0
0.0
0.0
0.0
0.0
0.0
0.0006406995613658705
0.0
0.0
0.0
0.0
0.0
0.0
0.0
0.0
0.0
0.0
0.0
0.0
0.0
0.0
0.0
0.00035761945786839293
0.0
0.000547850378209494
0.0
0.0
0.0
0.0
0.0
0.0009301540010175424
0.0
0.0002639952472373599
0.0
0.0
-0.00042215633834423043
0.0
0.0006345981497053717
0.0
0.004755584039534835
0.0
0.0
0.0
0.0
0.004070031468404906
0.0
0.0
0.0
0.0
0.0
0.0
0.0009583617246653854
0.000480286934263301
0.0
-0.0013037948354805103
0.0012893403199842324
0.0006368679770780756
0.0
0.0
0.0
0.0
0.0025222694386971456
0.0
0.0
0.0
0.0
0.0006343100361004716
0.0
0.0
0.0
0.0
0.0006882855124892135
0.0
0.0
0.0010001783604630411
0.0
0.0
0.0
0.0
0.0
0.0
0.0009033022145686743
0.0
0.0
0.0
0.0
0.0
0.0
0.0
0.0
0.0012017376844913358
0.0
-0.0009132188042701498
-7.297323661874515e-5
0.0
0.0006360150668603519
0.0021378320113364982
0.0
0.0
0.003567630458908901
0.00019694420986694495
0.0
0.000873827218396956
0.0
0.0
0.005885175661185582
0.0
0.0
0.0
0.0
0.0
0.0
0.0
0.0012604651398123786
0.0
0.0
0.0
0.0
0.0
0.0
0.0
0.0
0.0
0.0
0.0016847939446489255
0.0020109103588160145
0.0
0.0
0.0
0.0
0.0
0.0
-0.00042830416310715486
0.0
0.0
0.0
0.0
0.0
0.0
0.0
0.0006305943666036891
0.0009389763619271954
0.0
0.0
0.0
0.0
0.0
0.0
0.0
0.0
0.0
0.0
0.0
0.0
0.0
0.0006369508496280376
0.0
0.0
0.0
0.0
0.0
0.003219126206802984
0.0
0.0
0.0
0.0
0.0
0.0
0.0
0.00033308041104058425
0.0
0.0
0.00112695429089771
0.0
0.0
0.0
0.0
0.0
0.0
0.0
0.0
0.0
0.0
0.0
0.0
0.0
0.0
0.0
0.0
0.0
0.0
0.0
0.0
0.004020973196670529
0.0
0.0
0.0
0.0
0.0
0.0
0.0
0.0
0.0
0.0
0.0
0.0024184545166232446
0.0
0.0
0.0
0.0
0.0
0.0
0.0
0.00017854402999288233
0.0
0.0
0.0
-0.00017052629715338713
0.0006411582110881418
0.0
0.0
0.0
0.0007970858819742488
0.0
0.000944258526468444
0.0009202908500236635
0.0
0.0
0.0
0.0
0.0
0.0
0.002965735524419734
0.0
0.0
0.0
0.0
0.0
0.0
0.0
0.0
0.0
0.0
0.0
0.0
0.0
0.0
0.0
0.00013332887966345218
0.0
0.0
0.0
0.003060926873335381
0.0
0.0
0.0
0.0
0.0
0.0
0.0
0.0
0.0
0.0
0.0
0.0
0.0
0.0
0.0
0.0
0.0002882207505336015
0.0
0.0
0.0
0.0
0.0
0.0
0.0
0.0
0.0
0.0
0.0008594350246465048
0.0
0.0
0.00539025566600413
0.0
0.0008855721962416873
0.0
-0.0011604779144752555
0.0
0.0
0.0
0.0
-8.487827282686894e-5
0.0
0.0
0.0
0.0
0.0
0.0
0.0
0.0
0.0
0.0030927763482705667
0.0
0.0005639508287759281
0.0
0.006024958737380853
0.0006745464928149296
0.0
0.0
0.0
0.0
0.0
0.0
0.0
0.0
0.0
0.0
0.0
0.0
-4.208583955568793e-5
0.0
0.0
0.0007481410173788193
0.0
0.0032652044898628255
0.0008265718713727958
0.0
0.0
-0.0010987442988474217
0.0008946601165705442
0.0
0.0
0.0014390614209345805
0.0
0.0012043389549666746
0.0010296107189653218
0.0008131323509619005
0.0
-0.001094925063635364
0.0
0.0
0.003399244049946446
0.0008126980549717396
0.0
0.0
0.00137314305108658
0.0006374280687544374
0.0
0.000629354190293019
0.0
0.0
0.0
0.0
0.0
0.0
0.003916873436057189
0.0006358184816238465
0.0
0.0
0.0
0.0
0.0
0.0
0.0
0.0006445350802254529
0.0
0.00060990298659017
0.0
7.819326882491421e-5
0.0
0.0029371617203620562
0.0
0.0
0.0
0.0006359264692735565
0.0030021997492673813
0.0006225717658893072
0.0026557387031199333
0.0
0.0
0.0025683785846498113
0.0
0.0
0.0
0.0
0.0
0.0008139040690200568
0.0017321906430976558
0.0
0.0011075245275362327
0.0
0.0014641355439771442
0.0
0.0
0.0
0.0007724729328086716
0.0
0.0
0.0
0.0
0.0
0.0
0.0006897227304385488
0.0
0.0
0.0
0.0018167970798229909
0.0
0.0008316560420968387
0.0
0.0
0.0
0.0
0.0
0.0
0.0
0.0
0.0
0.0
0.0
0.0008157120784416676
0.0001435814556947909
0.004101661418997508
0.0
0.0
0.0
0.0
-1.1550272278595435e-5
0.0
0.0006267332628277573
0.0
0.0
0.0
0.0
0.0
0.0
0.0
0.0
0.0
0.0
0.0
0.0
0.0
0.0
0.0
0.0
0.0
0.0
-0.0003409846127774894
0.0
0.0
0.0
0.0
0.0
0.0007593369621340155
0.0
0.0
0.0
0.0
0.0
0.0
0.0
0.0025758350693129697
0.0
0.0005856412029891683
-0.0002944327706384563
0.002163773459186943
0.001296032217606027
0.0
0.0
0.0
-0.0011757808255858095
0.0
0.0
0.0
0.0
0.0
0.0
0.0005425396998777232
0.00027580552413345306
0.0
0.0028240166384765823
-0.0007388427582032748
0.0
0.0
0.0017070784786534317
0.0
0.0
0.0
0.0
0.0
0.0
0.0
0.0
0.0
0.0
0.0
0.0
0.0
0.0
0.0
0.0010900202423476024
0.0
0.0
0.0
0.0
0.0
0.0
0.0
0.0
0.0008771827347055774
0.0
0.0
0.0
0.0
0.0
0.0034185689817824126
0.0008745198279724776
0.0
0.0
0.0
-0.0009082441409488054
0.0
0.0024441593458432334
0.0
0.0
0.0009413330372295943
0.0
0.0009190734780380913
0.0
0.0
0.0
0.0
0.002328555978607117
-0.000963919798111809
0.0
0.0006263122992010596
0.0
0.0
0.0
0.0
0.0
0.0
0.0
0.0
0.0
0.0
0.0
0.0037882896707578696
0.0006286824241032691
0.0
0.0008927907216825194
0.0
0.0010124074294734135
0.0
0.0022607297172819655
0.0
0.00011891404164633156
0.001733557704828231
0.0
0.0
0.0
0.0008562281390457014
0.0
0.0
0.0
0.0024966671086560713
0.0
0.0006435029420981745
0.0
0.0
0.0
0.0
0.000727136120595881
0.0
0.0
0.005903399146192775
0.0
0.0
0.0
0.0
0.0010406811957164733
0.0
0.0018594885105611917
0.0
0.0
0.0
0.0008835338840058708
0.0
0.0
0.0
0.0
0.0010431560635082748
0.0
0.0
0.0
0.0
0.0
0.0
0.004146155637643832
0.0
0.0
0.0007939329300875542
0.002607305963917154
0.0
0.0
0.0
0.002644442138547933
0.0
0.0
0.0
0.0010323447445637652
0.0
0.0
0.0
0.0
0.0
0.0
0.0
0.0
-0.00016511725244944926
0.0
0.002683070885910582
0.0
0.0
0.0
0.0
0.0
0.0
0.0
0.0
0.0
0.0
0.0
0.0
0.0
0.0006346065195194191
0.0
0.0
0.0
0.0
0.0
0.006756383525582498
0.0
0.0
0.0
0.0
0.0
0.0
0.0
0.000933821275764635
0.0
0.0028620032115045423
0.000910899724730261
0.0009011288045814521
0.0
0.0
0.0
0.000884626367701367
0.0
0.0
0.0
0.0
0.0
0.0
0.0
0.0
0.0
0.0
0.0
0.0
0.0
0.0006431318531690803
0.0
0.0
0.0
0.0
0.0
0.0
0.0
0.0009920521626610357
0.0
0.0
-0.00045626084748632846
0.0
0.0
0.0
0.0
0.0
0.0
0.0
0.0009048622008595546
0.0009657004179144366
0.0
0.000803984199917631
0.0006255135999148347
0.0
0.0
-0.0003297888617870934
0.00474088199768446
0.004247518187542708
0.0006360497897677013
0.0
0.0
0.0
0.0
8.614738012822767e-5
0.0
0.0
0.000640276206533204
-0.000319086027104471
0.0001929636209560402
0.0
0.0
0.0056446868926160595
0.0006341639246884514
0.0028228651527944376
0.0
0.0
0.000915175185291534
0.0
0.0
0.0
0.0
0.0
0.0
0.0
0.0
0.0
0.0009991329380019825
0.0007109633317075341
0.0
0.00043789491422525743
0.0008478984443743297
0.0
0.0
0.0
0.0
0.0
0.0
0.001845170445985043
0.0
0.0
0.0
0.0
0.0
0.0025633697026325583
0.0
0.0045094009487452145
0.0
0.0
0.0
0.0
0.0009059988569558785
0.000882915654292776
0.0
0.0
0.0
0.0
0.0
0.0
0.0
0.0
0.00056932408783039
0.0
0.0008718583812522624
0.0
0.0
0.0
0.0
0.0
0.0036190842391054627
0.0
0.0024446842822592697
0.0
0.0
0.000635737478407443
0.0
0.0
0.0
0.0008771586561530582
0.00456349248509697
0.0
0.0
0.0
0.0
0.0
0.0006367287109657398
0.0
0.0
0.0007918564404998962
0.0
-5.223098047233556e-5
0.0
0.0
0.0011076948637828913
0.004796523308088719
0.0
0.0
0.0
0.0
0.0
0.0
0.0007754078300872104
0.0009627170388534389
0.0009605130852263738
0.0
0.0
0.0
0.0
0.0008129638955943246
0.002269364194198197
0.0
0.0006377298742079299
0.0003475824438167628
0.0
3.685323314789646e-5
0.0
0.0
0.0
0.0
0.0
0.0
0.004035168825967164
0.0
0.0
0.0
0.0007070020753733824
0.0
0.0
0.0
0.0
0.0
0.0
0.0
0.0
0.00182355621615566
0.0
0.0009359874958830277
0.0
0.0006347895403174716
0.0006293060789669694
0.0014087433917822764
0.0
0.0
0.0
0.0
0.0
0.0
0.0
0.0
0.0
-1.586576966721318e-5
0.001069570240298225
0.0
0.0
0.0
0.0006280416520943338
0.0
0.0
0.0006392367709661345
0.0
0.0
0.0
0.0
0.0
0.0
0.0
6.129989232179611e-5
0.0
0.0
0.0
0.001401147912994888
0.0
0.0
0.0
0.0
0.0006352852256188025
0.0010472783526618787
-0.0006304715624961092
0.0
0.0
0.0
0.0
0.0
0.0
0.0
0.0
0.0
0.0
0.0023615450087926503
0.000865921500837348
0.0
0.0
0.0008829491983615977
0.0
0.0
0.005474792338084584
0.0
0.0
0.0
0.0008990766069677168
0.0
0.0
0.002781476809940128
5.823726304556303e-5
0.0
0.0006347167850666161
0.0
0.0008594880455450986
0.0
0.0
0.0008770105409949485
0.0011903418410494887
-0.00019018026724382548
0.0
0.0
0.0
0.0009010396305196086
0.0
0.00607739935428651
0.004058282846238433
0.0
0.0
0.0
0.0
0.0009823400609746244
0.0
0.0
0.0
0.0008726180768982622
0.0
-0.0021164151330101393
0.0
-0.0006170265956845762
0.0
0.0009056882528531321
0.0
0.00484882649437487
0.0
0.0008810391756966574
0.0
0.0
0.001057086775193532
0.00035230763447543524
-0.0006895882286950036
0.0006290793828045737
0.0
0.0
0.0
0.0
0.0
0.0
-0.0005269897019237486
0.0010025006822014352
0.0
0.0
0.0008115947638883966
0.0010337915213351927
0.0
0.0
0.0
0.00048746286718410174
0.0014287680773243446
0.0
0.0
0.0009213682519091322
0.0
0.0
0.0
0.0
0.0
0.0
0.0
0.0
0.0
0.0
0.0
0.0008534306494230293
0.0
0.0
0.0
0.0
0.0006639038657348631
0.0
0.0012640949987400938
0.0008483680169235916
0.0010368643419676003
0.0
0.0
0.0007755731551855226
0.0
0.0
0.0006341610953275195
0.0019522701746350322
0.0
0.0
0.0
0.0
0.0
0.0
0.0
0.0
0.0
0.0009839453439609163
0.0
0.0
0.000980828589138338
0.0
0.0
0.0
0.0
0.0
0.0
0.0
0.0
0.0009552721915387874
0.0
0.0
0.0
0.0
0.0
0.0
0.0
0.0
0.0
0.0
0.0008319869563215677
0.000925555124942053
0.0
0.0
0.00232902711478584
0.0
0.0
0.0
0.0
0.0
0.0
0.002999889457146553
0.0
0.0008775659515709555
0.0
0.0034320151461468677
0.0009092041626584378
0.0
0.0
0.0
0.0
0.0
0.0
0.0
0.0
0.0007928639713806133
0.0
0.0
0.000494994056158342
0.0
0.0
0.0
0.0009206608383865183
0.0
0.0
0.0
0.002726147208068454
0.004087292507417868
0.000832190785268433
0.0
0.0
0.0
0.0
0.0
0.0
0.0
0.0
0.0
0.0
0.0008570150984523012
0.0
0.0
0.0
0.0
0.0
0.0009176497321543872
0.0
0.0
0.0
0.0
0.0
0.0
0.0
0.0
0.0023915986006115214
0.0006313958669329836
0.0
0.0
0.0
0.0
0.0
0.0020477516603954055
0.0
0.0
0.0
0.0
0.0
0.0
0.0
0.0
0.0
0.0
0.0
0.0
0.0
0.0
0.0
0.0
0.0
0.000625516814836789
0.0
0.0034818736998871672
0.000629763759052709
0.0
0.0
0.0
0.0
0.0008584326729279429
0.0010882352399928853
0.0
0.0
0.0
0.0006339583259886877
0.0
0.0
0.0
0.0025206425775749887
0.0
0.0
0.0011250170955450526
0.0006345842512079442
0.0001089015796879124
0.0
0.0
0.0
0.0004591813398845313
0.0
0.004783381180737982
0.0
0.0
0.0
0.0
0.0006320877331950289
0.00035845624794958653
0.0
0.0
0.0
0.0
0.0
0.000936316965240437
0.0
0.0
0.0
0.0
0.0
0.0
0.0
0.0
0.0
0.0
0.0
0.0
0.0
0.0
0.0009073686835645838
0.0
0.0
0.0
0.001642663737389972
0.0
0.0
-0.00036852543196230325
0.0
0.0
0.0
0.0
0.0009011853669295552
0.0
0.0
0.0
0.0
0.0
0.005765522147823791
0.0026894122281693102
0.0
0.0
0.0
0.0
0.0005965699727039917
-0.0006549337817950287
0.0
0.0
0.0
0.0006302740486474631
0.0
0.0
0.0
0.0036889301314548583
0.0
0.0008631842998118382
0.0
0.0
0.0
0.000816395026121128
0.0
-8.588233020859208e-5
0.0
0.0
0.0046048609356420704
0.0
0.0009215289735215442
0.0031652502916465516
0.0
0.0
0.0
0.0
0.0
-0.0006315802265176636
-0.0006460062296168585
0.0
0.0
0.0011544691043714028
0.0
0.00036688286990761785
0.0
0.0004970739421929996
0.0
0.0
0.0
0.0
0.0
0.0012917004230016509
0.0
0.0
0.0
0.0013522785869042899
0.0
0.0
0.0
0.0
0.0
-0.0005662051120018535
0.0
0.0
0.0
0.0
0.0
0.0
0.0
0.0
0.0
0.0
0.0
0.0
0.0
0.0
0.0
0.0
0.0
0.0
0.0
0.0
0.0
0.0
0.0008901200929612267
-0.0016448796410292639
0.0
0.0009378078408133913
0.0
0.0
0.0010045083903771205
0.006411406579290749
0.00011430508082015405
0.0009205406690528297
0.0
0.0
0.0
0.003124885644031411
0.0
-1.7764013612066716e-5
0.0
0.0
0.0
0.0
0.0009523413635812571
0.0
0.0
0.0
0.0
0.0009743429058082522
0.0008551899469423467
-0.0005355673356624734
0.0
0.0
0.0
0.0
0.004902427234838468
0.0
0.0
0.0
0.0
0.0
0.0
0.0
0.0
0.0
0.0
0.0
0.0
0.0
0.0
0.0
-0.00030932587486315143
0.0
0.0
0.0
0.0
0.0
0.0
0.0
0.0006387693645504448
0.0
0.0
0.0
0.0010621128547321922
0.0
0.0006313024294309452
0.0
0.0
0.0
0.0
0.0006203384482748955
0.00011166558803821416
0.0
0.0
0.0
0.0
0.0
0.0
0.0008100330311140162
0.0
0.0
0.0
0.0
0.0
0.0
0.0009087364755287811
0.0
0.0
0.0
0.0
0.0
0.0
0.0
-0.001354063499989155
0.001159325920578787
0.0
0.0
0.0
0.0
0.0
0.0
0.0007987699796474844
0.0
-0.0007093862961376397
0.0
0.0009792582812276798
0.0
0.0
0.0018679558567160056
0.0
0.00011327322151124602
0.0030153030343303814
0.0
0.0
0.0
0.0
0.0
0.0
0.0
0.0003052054978461259
0.0
2.0955354598685462e-5
0.0
0.0
0.0
0.0006495931993149276
0.00113000389284985
0.0008917148141716454
0.0
0.0
0.0002574361185557702
0.0
0.0
0.002674672952065839
0.0
0.0
0.0015642567290664
0.0
0.0
0.0
0.001189440044520474
0.0
0.0
0.0
0.0
0.0
0.0
0.0
0.0006670713834170347
-0.0005228207957134676
0.0
0.0
0.0
0.001806284786850794
0.0
0.0
0.0
0.0
0.0
0.0022641005372774454
0.0
0.0
0.0
0.0
0.0
0.0006368305615937986
0.0
0.0
0.0
0.0
0.0
0.0009452604128823809
0.0
0.0
0.0007995065481502589
0.0008212587287628808
0.0007017873672426713
0.0
0.0
0.0
0.0
0.0
0.0
0.0
0.0
0.0
0.0
0.0
0.000830819301072931
0.0007639905671636882
0.0
0.0010713325727281563
0.0
0.0
0.0
0.0003906093270972487
0.0
0.0
0.0
0.0006409255396759359
0.0
0.0
0.0
0.0
0.0008684984625996134
0.0
0.0
0.0
0.0
0.0
0.0
0.0
0.0
0.0
0.0
0.0
0.0
0.00461652528266021
0.0
0.0009037378602316413
0.0
-0.0009132905003822904
0.0007595513097830217
0.0
0.0009592797451844115
0.0
-0.0015901768009574315
0.0
0.0
0.0007077974452182003
0.0
0.0
0.0014020420322205984
0.0
0.0
0.0
0.0
0.0
0.0
0.0
0.0
0.0006137004778844234
0.0
0.0
0.0009045665465581449
0.0015736137346431182
0.0
0.0
0.0010929899187696363
2.8964539272342025e-6
0.0
0.0
0.0
0.0
0.0
0.0
0.0
0.00024125025502823912
0.0
-0.0003306300453838815
0.00061553705556641
0.0
0.00063961394252035
0.000621250515361004
0.0
0.0006403345039612722
0.0
0.0
0.0
0.0
0.000831443293734641
0.0
0.0
0.0
0.0
0.0
0.0008220889087042974
0.0
0.0
0.0007473980345558789
0.0
0.0006370216764429439
0.0
0.0009816373632748903
0.0
-0.00041512776029577935
0.0008662739857819565
0.0
0.0
0.0
0.0
-1.692842733955089e-6
0.0
0.0
0.0011238107172084448
0.0
0.0
0.0002486266557952729
0.0
0.0008494491344051705
0.00039210738935683783
0.0
0.0
0.003172886111849084
0.0
0.0
0.0
0.0
0.0
0.0008784742706610592
0.0
0.0
0.0
0.0
0.0012165134629644801
0.0
0.0
0.00091575469030408
0.0
0.0
0.0
0.0
0.0009066099248430849
0.0
0.0
0.0
0.000843378658183761
0.0
0.0
0.0
0.0
0.0014241522567597913
0.0
0.0
0.0
0.0
0.0
0.0
0.0
0.0
0.0
0.0
0.0013365034041523218
0.0006229809893249141
0.0
0.0009008478977664015
0.0
0.0
0.0
0.0
0.0006289926283304639
0.0
0.0
0.0
0.0
0.0
0.00023990541549709712
0.0
0.0
0.0
0.0009533627254374704
0.0008754277080140712
0.0006315353146699743
0.0
0.0008262967692622645
0.0
0.0007932163057511068
0.0007260101492686708
0.0
-0.0004498622694747167
0.0
0.0027916761782538256
0.0
0.0029060957788459847
0.0
0.0009428005441451846
0.0
0.0
0.0
0.0
0.0
0.0008269750955349802
0.0
0.0
0.0
0.0
0.0
0.0
0.0006345077049450785
0.0
0.0
0.0
0.0
0.0
0.0
0.0010053599777881325
0.0
0.0
0.0008453821244014993
0.0
0.0
0.0006352734196173436
0.0
0.0006175732460947502
0.0008563795053004742
0.0
0.0
0.0
0.0
0.0
0.0
0.0
0.0
0.0
0.0
0.0
0.0011046333058939998
0.0
0.0
0.0009892549720246534
0.0
0.0
0.0
0.0
0.0
0.0010071644199693254
3.520154316809701e-5
0.0
0.0
0.0
0.0
0.0
0.0046821454794890955
0.0
0.005114724199817052
0.0
0.0
0.0
-5.6981919348938105e-5
0.0
0.0
0.0
0.0
0.0
0.0
0.0
0.0
0.0
0.0
0.0
0.0
0.00011765169557579204
0.0
0.0
0.0
0.0
-0.0004010421495395774
0.0
0.0
0.0
0.0
0.0
0.0
0.0
0.0
0.0
0.001330762201362728
0.0009648815507192788
0.0
0.0007371041737510266
0.0
0.0
0.005018621839603503
0.0
0.0
0.0006411864727258209
0.0
0.0
0.0008620771144305053
-0.00019267831860718827
0.0
0.0
0.0
0.0032753105504218136
0.0
0.0
0.0
0.0
0.0
0.0
0.0
0.0
0.0
0.0
0.0036969462121972368
0.0006252760226545019
0.0
0.0
0.0
0.0
0.0
0.0
0.0006805818696835841
0.00010892852993939133
0.0
0.0
0.0009775823743090905
0.0
0.0
0.000636473087770241
0.0
0.0
-0.0007202232932655553
0.0
0.0013125170589443624
0.0
0.0
0.0
-0.0004192642513334843
0.0
0.0009031311112508772
0.0
0.0
0.0
0.0
0.0
0.0
0.0
0.0
0.000933037660641391
0.0020714038929023114
0.0
0.0
0.00023772790916674636
0.0
0.0
0.0
0.0
0.0006277296938227148
0.0
0.0
0.0006833481813749645
0.0
0.0018981912746794637
0.0
0.0
0.002650352724698492
0.0007314395893242531
0.0
0.0
0.0
0.0
0.0
0.0
0.0
0.0014080543052034666
0.00078778332731041
0.0
0.0
0.0
0.0008751465956219126
0.0
0.0
6.707506746576266e-5
0.0
0.0
0.0
0.0
0.0
0.0
0.0
0.0
0.0
-0.0006777389583539733
0.00026583711932788275
0.0
0.0
0.0011301588758721548
0.0
0.0
0.0
0.0
0.0003055261189799467
0.0
0.0
0.0
0.0
0.004322996916950717
0.0
0.0
0.0
0.0006465220827020059
0.0
0.0
0.0
0.0
0.0
0.0
0.0
0.0
0.0
0.0
0.0006363013317390664
0.0
0.0
0.0
0.0
0.0020318182887639332
0.0
0.0
0.0
0.00035530647196204557
0.0
-0.0005702327058123484
0.0008508341801548982
0.0003644342702233049
0.0
0.0028842687706448003
0.0
0.002668187613403664
0.0
0.0
0.0
0.0
0.0
0.0
0.0005567023361178267
0.0
0.0
0.0
0.0
0.0
0.0
0.0
0.000925759036342126
0.0
0.0
0.0
0.0
0.0
0.0
0.0
0.0
0.0
0.0
0.0
0.0
0.0
0.0
0.0003135469305013981
0.0
0.0
0.0
0.0
0.0
0.0
0.0
0.0008518223978772736
0.0
0.0
0.0
0.0
0.0
0.000228412798315925
0.0
0.0
0.0
0.0
-0.00042592984116824164
0.0
0.0
0.0
0.004916033091963336
0.0
0.0034063565090683124
0.0
0.0
0.0
0.0009620370523900835
0.0
0.0
0.0
0.0
0.0009036672759567482
0.0016988119284327917
0.0
0.0
0.0
0.002681180999547956
0.0
0.0008326314321106134
0.0010404532516290112
0.0
0.0
0.0006234350805049744
0.0
0.0006388890880055868
0.0
0.0
0.0
0.0
0.0
0.0
0.0
0.0
0.0
0.0
0.0
0.0
0.0
0.0006181979171075309
0.0
0.0
0.0
0.00039715510144275296
0.0
0.0
0.0
0.0
0.0
0.0
0.000800736064185401
0.0
0.0
0.0010022506524601936
0.0011704523083706985
0.0
0.0006428125808091993
-0.0009681108552671752
0.0
0.0006267491310978624
0.0
0.0
0.0010373377159233295
0.0
0.0
0.0
0.0006297288860137796
0.0
0.0
0.0
0.0
0.0
0.00023374274645305274
0.0
0.0
0.0
0.0006410071805879602
0.0
0.0
0.0023536716432648527
0.0
0.0
0.003972069601472666
0.0011549441985002633
0.0
0.0
0.0
0.0
0.0006353529880759991
0.0
0.0
0.0
0.0006262624224805408
0.0
0.003065500742579658
0.0
0.0
0.00030268938063222634
0.0
0.000827389326777918
0.0
0.00025826411407839253
0.0
0.0
0.0
-0.00010557910472269854
0.0
0.0
0.0
0.0
0.0
0.0011615768285176136
0.0
0.0021957018984756337
0.0
0.005333857998674451
0.002682532296654628
0.0
0.0
-0.0008294234915641147
0.0
0.0
0.0
0.0
0.0
0.0010250764952335998
0.0
0.0
0.0017561859352489488
0.0
0.0
0.0
0.0
0.0
0.0
0.0
0.0
0.0
0.0
0.0006293857320367759
0.0
0.0
0.0
0.0
0.0
0.0
0.0037370280266848612
0.0
0.0
0.0
0.0
0.0007338615465058778
0.0
0.0
0.0
0.0
0.0
0.0
0.004246430845388283
0.0
0.0
-6.697077099882547e-5
0.0006917416467428695
0.0
0.0
0.0
0.0
0.0
0.001080263234214661
0.0
0.0
0.0
0.0008324840916683917
0.0
0.0
0.0
4.383010582107394e-5
0.0
0.0
0.0
0.0
0.00018840003358494225
0.0006366723947810853
0.0008652365987783521
0.0008271022171651487
0.0
0.0
0.0
0.0
0.0
0.0
0.0
0.002508336184840077
0.0
0.0
-0.0006026857867992158
0.0
0.0006347791760688253
0.0
0.0009301588158176885
0.0
0.0
0.0
0.0006109523598264096
0.0009514259149120167
0.0
0.0005071722361639253
0.0006254418864690723
0.0
0.0
-0.000175683482262403
0.0
0.0006337064590474498
0.0
0.0
0.0006317369224379779
0.0
0.0
0.0
0.0
0.00019192120807722508
0.0011884613109168338
0.0
0.0
0.0
0.0
0.002833416767713539
0.0
0.0008431769029495899
0.005073952602759689
0.0
0.0
0.0
0.0
0.0
0.0
0.0
0.0
0.0
0.0
0.0006299567309200406
0.005169603611431343
0.0
0.0
0.0050125901103571305
0.0
0.0
0.0
0.002776011066295905
0.0
0.0
0.0
0.0011180725761668518
-0.0005827879708326989
0.0008012783167549677
0.00048077052784930213
0.0
0.0
0.0
0.0
0.0
0.0
0.0
0.0006369260807050567
0.0
0.0008064889739179365
0.0
0.0
0.0
0.0010129459687747817
0.0
0.0
0.0
0.0042202382652459045
0.0
0.0
0.0
0.0
0.0
0.0010741114122614322
0.0
0.0009858227124272241
0.0
0.0
0.0006426055226265745
0.0
0.0
2.778699711240069e-5
0.0
0.0006364933963110839
0.0004840265862454224
0.0
0.0
0.0
0.0
0.0
0.0
0.0
0.0
0.0
0.0
0.0
0.0
0.002560099170595456
0.0
0.0
0.0
0.0
0.0
0.0
0.0
0.0
0.0
0.0006253314703056984
0.0
0.0004502773222372296
-0.000556468717819235
0.005441750707180609
0.0
0.0
0.0
0.0006385935508099704
0.0
0.0
0.0
0.0028384300384067945
0.0
0.0
0.0
0.0008070390781172757
0.0
0.0
-0.0003996586910215863
0.0006356746321788697
0.0
0.0
0.0
0.0
0.0026971956049077063
0.0
0.0
0.0
0.006085113896040759
0.0
0.0
0.0019410384831809427
0.0
0.0
0.0
0.000863563586349188
0.0
0.0
0.0007738687561504448
0.0
0.0
0.0
0.000717192475846905
0.00013895976236235564
0.0
0.0
0.0
0.0
0.0
0.0
0.0
0.0
-0.0003421747220507135
0.0
0.0
0.0008581113206723555
0.0
0.0008041369782129121
0.0
0.0
0.0
0.0
0.0
0.0
0.0010600271831312613
0.0006393073362222438
0.0
0.0
0.0
0.0
0.0
0.0
0.0
0.0
0.0
0.0
0.0009808617460856242
0.0
0.0
0.0
0.0009731863849334171
0.0005470387901340943
0.0059115681803977894
0.0006397473342293632
0.00012635351032931917
0.0
0.0008378988534406694
0.0
0.0
0.0
0.0
0.0
0.0
0.0008865973129820372
0.0009461265315415134
0.0
0.0
0.0
0.0
0.0037178501993414517
0.0
0.0029789895397558225
0.0
0.0
0.0009028199035599382
0.0
0.0009809077649993738
0.0006376299502121154
0.0
0.0
0.0
0.0
0.0
0.0011151447075924453
0.0
0.0
0.0
0.001096540799520434
0.0
0.0010399796525743102
0.0
0.0
0.0
0.000644036424637225
0.004650694507701221
0.0
0.0008847301446971462
0.0005970720181038888
0.0008924644302908193
0.0
0.0
0.0
0.0
0.0
0.0
0.0
0.0
0.0
0.0
0.0
0.0006412882089479711
0.0002800074325001272
0.0
0.0
0.0009162437040573903
0.004211960184273101
0.0
0.0
0.00315379784881768
0.0
0.005039967701398901
0.0006399562108217637
0.0
0.0
0.006023145094101777
0.00509873307674162
0.0
0.0
0.0
0.0
0.0
0.0008463058823094296
0.0
0.0
0.0
0.0
-0.0003900633899269914
0.0006312417367469488
0.0006376802075651085
0.0001871025721620826
0.0
0.0
0.0
-0.0005791775089699939
0.00698310402615678
0.0
0.0
0.0
0.0
0.0
0.0
0.0036693577468934657
0.0
0.0
-0.0008647726240070697
0.0
0.0
0.0
0.0
0.0
0.0
0.0
0.0
0.0
0.0
0.0
0.002500099828043002
0.0018597984906108987
0.0
0.0
0.0
0.0
0.0
0.0
0.0
0.0
0.0
0.0
0.0
0.000164657937268154
0.0
0.0
9.433648021107475e-5
0.0
0.0007722898781911073
0.0
0.0
0.0
0.0
0.0
0.0
0.0
0.0007776798281878387
0.0006338551372976575
0.0
0.0
0.0012222615434338612
0.0
0.0
0.0
4.563748035506655e-5
0.0
0.0
0.0008153364028536381
0.0
0.0006358617061326893
0.0010981876890442284
0.0006413400524191157
0.0
0.004342275557262626
0.0
0.0
0.0010145108518737024
0.0
0.0
0.0
0.0
0.0
0.0009393541284461453
0.0
0.0
0.0
0.0
0.0
0.0
0.0
0.000341673533707216
0.0
0.0
0.0
0.0
0.0
0.0
0.0
0.0
0.0
0.0
-0.0005447001039542573
0.0
0.0004705147692133633
3.531274368957682e-5
0.0008437579290274187
0.0
0.000727447056719379
0.000844043712154
0.0
0.0
0.0
0.0
0.0
0.0
0.0
0.0
0.0
0.0006264378272855892
0.0008774371216164462
0.0
0.0
0.0
0.0
0.0006260218185940318
0.0
0.0
0.0004761841418591652
0.0
0.000868864936690874
-0.0004644007846261422
0.0027259110249889945
0.0009122421703230743
0.0
0.0
0.0
0.0
0.0
0.002444809161760077
0.0
0.0
0.0
-0.00016756559454606535
0.0
0.0006792607747340279
0.0
0.001164908367443063
0.0
0.0
0.0
0.0
0.0
0.0013041119277427432
0.0018280047025436583
0.0009715771768288609
0.0
0.0036367613609726377
0.0
0.0
0.0
0.0
0.0010839647898877923
0.0
0.0
0.0
0.0
0.0
0.0
0.0
0.0
0.0
0.0
0.0
0.0
0.0
0.0
0.0
0.0
0.0009640152928211091
0.0
0.0008135356635574894
0.0
0.0
0.0
0.0
0.000915321679276958
0.0
0.0
0.0
0.0
0.0005098908509974467
0.0
0.0
0.0
0.00031319309171051643
0.0
0.0
0.0
0.0
0.0
-3.92568481845277e-5
0.0006347337670078962
0.0
0.0009216377313286085
0.0
0.0011685642704484368
0.0
0.0
0.0
0.0
0.0
0.0
0.0009915505476323296
0.0
0.0
0.0
0.0
0.0008165683318733577
0.0
0.00012404921544806904
0.0001754071204264239
0.0
0.0
0.0
0.0
0.0
0.0
0.0
0.0
0.0
0.0
0.0
0.0
0.0
0.0
0.0
0.0
0.0
0.0
0.0
0.0
0.0
0.0
0.0
0.0
0.0
0.0026966430123499265
0.0
0.0008748749846026761
0.0009185071284775979
0.0
0.0008318308645542151
0.0008789492091751456
0.005574061086567229
0.0008361062966662699
0.00017045352819438836
0.0
0.0
0.0
0.0
-0.0007234524753280177
0.00522834448415121
0.0
0.0
0.0
0.0
0.0
0.0
0.0
0.0
0.0013324620894477912
0.0
0.0
0.0
0.0
0.0
0.0
0.0
-0.0003343772785817657
-0.0001896113862214644
0.0
0.0
0.00223935576672698
0.0
0.0006297545045576363
0.0
0.0
0.0
0.0
0.00019270465047246054
0.0
0.0
0.0
0.0035794239453617194
0.0
0.0
0.0
-0.0007996687990939668
0.0
0.0
0.0008863714906464145
0.0
0.0
0.0
0.0
0.0006355266344034858
0.0
0.0
0.0006470597684223945
-0.0004020757576531128
0.005068044007025158
0.0
0.0
0.002861668226345621
0.0008909895684772391
0.0005959103768815593
0.0
-0.0003782458765747413
0.0
0.0
0.0
0.0
0.0
0.0
0.0
0.0
0.0
0.0006283169093518612
0.0006214336393393497
0.0
0.0006784965908505977
0.0
0.0
0.0009912685387703745
0.0007753304834570759
0.0
0.0006320764402015171
0.0
0.0007954776913252925
0.0
0.0
0.0
0.0006361215719000416
0.0
0.0
0.0
0.0
0.0
0.0
0.0
0.004121196561981181
0.0
0.0
0.0
0.0
0.0
0.0
-0.0003878662488401175
0.0
0.0
0.006008799051844656
0.0
0.0
0.0
0.00105217398154911
0.0
0.0007758005719841398
0.0
0.0
0.0
0.0
0.0
0.0
0.0
0.0
0.0
0.0
0.0
-6.672367093135911e-6
0.0
0.0
0.0028502742326237908
0.0
0.0
0.0
0.0
0.0
0.0
0.0
0.004504459316989114
0.0
0.0
0.0002328266650596048
0.0
0.0
0.0009908435631664494
0.0
0.0
0.0
0.0
8.732492562033414e-6
0.001147477012075147
0.0
0.0
0.0
0.0
0.0
0.0006289573759406164
0.0
0.00021932242281928613
0.0018599139714937077
0.0
0.0
0.0
0.0
0.00017136418893880316
-0.0002728796655831506
0.0
0.0
0.002508635016224142
0.0
0.0
-0.0009128669308095311
0.001830128363937994
0.0
0.0
0.0
0.0
0.0047329461825469255
0.0008304061521118506
0.0
0.0
0.0
0.0
0.0
0.0
0.0
0.0003286705624973882
0.0
0.0
0.0
0.0
0.00275315124838492
0.0
0.0
0.0009269660379100327
0.00404869492410504
0.0
0.0
0.0009501909568355609
-0.000794724736526436
0.002487108445962358
0.0005677827668617883
0.0
0.0
0.0
0.0
0.0
0.0010073323853311228
0.0009686773748556443
0.0
0.0
0.0009434213869228364
0.0
0.0
0.0
0.0008877322830326391
0.0
0.0
0.0
0.0
0.00021130386649528452
0.0
0.0
0.0
0.0
0.0
0.0
0.0
0.00438913247824515
0.0
-0.00030211352485811656
0.0
0.0
0.0
0.0
0.0018768854266858804
0.000828578816418381
0.0
0.0
0.0
0.0
0.0023784016403675954
0.0
0.0009260849510049933
0.0
0.0009603906870949018
0.0
0.0
0.0
0.0
0.0
0.0
0.001148968919914039
0.0
0.0
0.0008919671114679282
0.0008433366908272734
0.0
0.0
0.0
0.0
0.0
0.002658379628990749
0.0
0.0
0.0
0.0
0.0
0.0007461524664069157
0.0
3.279203924651922e-5
0.0
0.0032575155904149234
0.0
0.0
0.0006350291105452052
0.0
0.0
0.000854122998167329
0.0
0.0008660875539990964
-5.9165582211839375e-5
0.0015379852393815686
0.0
0.0
0.0
0.0008564367186942531
0.0008570438193090662
0.0
0.0009962095735637007
0.0
0.0
0.0
0.0
0.0
-0.0003531691718180933
0.0
0.0
0.0006352017818972519
0.00036929753679781734
0.0008385141167913563
0.0
-0.0007023440591405585
0.0
0.0
0.0
0.0
0.0
0.0
0.0
0.0
0.0
0.0
0.0
0.0
0.0009602214517712294
0.003922534029755468
0.0
0.0
0.0
0.0
0.0008054262634905158
0.0
0.0008323704399072249
0.0
0.0
0.0
0.0008652440234157276
0.0
0.0
0.0
0.0
0.00034429138680401085
0.0008454947725752093
0.0
0.0
0.0
0.0
0.0
0.0
0.0
0.0008722069156547066
0.0
0.0
0.0
-0.001311244206554462
0.0
0.0
0.0
0.0010340579730674737
0.0
0.0
0.0
0.0009214198578260694
0.0
0.0025780324481937014
0.0
0.0009983106967567012
0.0
0.0008961710442381929
0.0
0.0
0.0
0.006587740053066865
0.0
0.0
0.0
0.0023408511036567756
0.0
0.0
0.0
0.0
0.0
0.0008673449033786656
0.0
-0.00015167968491629425
0.0
0.0
0.0
0.0
0.0
0.0
0.004844833171183939
-0.0005583369608163576
0.0
0.005022014041588686
0.0
0.0
0.0016712067823915354
0.0
0.0
0.0015080093257028788
0.0
0.0
0.0
0.0
0.0
0.0
0.0
0.0010220037567376364
0.0006239758472249972
0.0
0.0
0.0012115659747375526
0.0006422591717033012
0.0
0.0008576465668409095
0.0
0.0006310817862196657
0.0
-0.00027011834299404166
0.0
0.0
0.005249108748068439
0.0
0.0
0.0
0.0
0.0
0.0
0.0
0.0009413830386599443
0.0
0.0008838529530869216
0.0048410493170756245
0.0
0.0
0.0
0.0
0.0
0.0
0.0
0.0008748364581795299
0.0
0.003318554194758455
0.0
0.0
0.001981479908361824
0.0009127146458070516
0.0
0.0
-0.00038990898692333175
0.0009108134882441872
0.0
0.0
0.0
0.0
0.0
0.0
0.0
0.0
0.0029355999238320856
0.0010859368086484054
0.0
-0.00029605952203349656
0.0
0.0
0.0008687887246459304
0.0
0.000780705794979287
0.0
0.0
0.0
0.001748420577703206
0.0
0.0
0.0
0.0
0.0006409958753362543
0.0
0.0
0.0
0.0
0.0
0.0
0.0
0.0
-0.0005587033302415572
0.0
0.0
0.0
0.0
0.0
0.0
0.0
0.0
0.0
0.0006205529751903171
0.0
0.0
0.0
0.0
0.0
0.00018245634937858414
0.0
0.0
0.0
0.000858005332340466
0.0
0.0010272205133375315
0.0
0.0
0.0
0.00205155055691119
0.0008557902156583081
0.0029981340663181575
0.0
0.0
0.0
0.0
0.0009340035200376964
0.0
0.0
0.0
0.001140848063430879
0.002639459000920034
0.0
0.0
0.0
0.002198607977828305
0.0
0.0
0.0
0.0
0.0
0.0
0.000637122220288016
0.0004815772802256244
0.0
0.0
0.0008685847596055444
0.0
-0.00019637689922288206
0.0
0.0
0.0
0.0
0.002219609664897053
0.00015930892435502477
0.001819878307627816
0.0
0.0
0.0
0.0006443458628313215
0.0
0.0001705182300793693
0.0
0.004338609174682309
0.0
0.0
0.0
0.0
0.0
0.0
0.002490268653213095
0.002950916812277241
0.0
0.0
0.0
0.0
0.0
0.0
0.0
0.0010132757328889276
0.0
0.0
0.0
0.0
0.0
0.0
0.0
0.001717215447749372
0.0
0.0
0.0
0.0
0.006799901299132028
0.0
0.0004237577845997974
-0.00040872118480827764
0.0
0.0
0.0
0.0
0.0005844240282564773
0.0
0.0005114322413085997
0.0008319223465456192
0.0
0.0
0.0
0.0
0.0
0.00011774764396209518
0.0
0.0
0.0
0.000814904908523983
0.0
0.0
0.0
0.0
0.0004502347681903469
0.0
0.0
0.0
-0.00023190863094953515
0.0010229357727889654
0.0
0.00487677382961453
0.0
0.0
0.0
0.0008736295358708379
0.0
0.0
0.0
0.0041048961156583755
0.0027726192130164244
0.0008681203716407323
0.0006424912665807714
0.0
0.0042344090484304035
0.0
0.0
0.0
0.0
0.0
0.0
0.0
0.0
0.0
0.0
0.0015100736216625736
0.0
0.0
0.0008682290191005623
0.0
0.0
0.0
0.0
0.0
0.0
0.0
0.0
0.0
0.0008286017638962314
0.0
0.000779038076237674
0.0
0.005474333603177323
0.0
0.0
0.0
0.0009777546779822178
0.0
0.0008814476414868838
0.0015454843811883755
0.0
0.0
0.0
0.0
0.0015141112788897538
0.0008130543324401352
0.0
0.0
0.0008439757370278627
0.0
0.0
0.0
0.0014427837849418632
0.0
0.0002892540208055363
0.0033917483807044384
0.0
0.000936614086850772
0.0008158709305362092
0.0
0.0003394104101589006
0.0
0.0
0.0006315343137184103
0.0
0.0
0.0
0.0
0.0
0.0006441096142145459
0.0
0.0
0.0
0.0
0.0
0.0
0.0
0.0
0.0
0.0006349453786759843
0.0
0.0006378958351312739
0.0
0.0025871197921976856
0.0
0.0
-0.00021654729716506283
0.0
0.0
0.0008412305076090674
0.0
0.0
0.0
0.0
0.0
0.0
0.0
0.0
0.0
0.0
0.0
0.0
0.0
0.0002165776373330676
0.0
0.0
0.00010309201661029094
0.0
0.0006412294814842392
0.0025519345110281344
0.0
0.0
0.0
0.0005137483968913202
0.0
0.0
0.0
-0.00021899077623185984
0.000636299929139169
0.003789887385873712
0.0
0.001643630426851217
-0.0004806229286715333
0.0
0.0007889396515042608
0.0
-0.0005624843761923836
0.0009553333711772127
0.0
0.0
0.0
0.0006464491529236991
0.0
0.0
0.0046504769088997104
-0.0002296787274080992
0.0
0.0
0.0
0.0004202339128977294
0.0
0.0
0.0
0.0
-0.00046565101429788626
0.0
0.0
0.0
0.00018548854656861603
0.00047403858276053626
0.001036958265144412
0.0
0.0
0.000430934916343012
0.0
0.0
0.0
0.0
0.0
0.0
0.0
0.0008085210626250684
0.0
0.0
0.00024238872064308173
0.0
0.0
0.0
0.0
0.003468171945093834
0.0
0.0009364357543159795
0.0
0.0
0.0
-2.3766864009218513e-5
0.0
0.0
0.0007449021823198546
0.0
0.0006207010741792389
0.0
0.0012336266722747168
0.0
0.0
0.0
0.0
0.0007442918293195631
0.0
0.0
0.0
0.0
0.0027618180298949924
0.0010985595576030933
0.0004600266606966552
0.0008677762902844446
0.0
0.0
0.0
0.0
0.0
0.0
0.0009243154513992781
0.0
0.0
0.0
0.004304680063912633
0.0
0.0
0.0
0.0
0.0
0.0
0.0
0.0
0.0024507935806189957
0.0
0.0
0.0
0.0
0.0006302960453869935
0.0
0.0
0.0
0.0
0.0
0.0006329098744632672
7.612540235160796e-5
0.0
0.0
0.0
0.0017310997405613638
0.0017640379864009524
0.0
0.001423649369253918
0.0
0.0009813404810353813
0.0008286409259691621
0.0003444240120786328
0.0
0.00023385536630133694
0.0
0.0006325646332140641
0.0
0.0
0.0017115144583696132
0.0010147607308984025
0.004603835329049779
0.0
0.0
0.0
0.0
0.0
0.0
0.0
0.0035931882517004172
0.0
0.0
0.0
0.0
0.0005511107693883453
0.0
0.0
0.005237643317277166
0.0
0.0
-0.00030114644203397027
0.0
0.0
0.0
0.0032179475134993963
0.0
0.0006297997721521077
0.0
0.0010149461683991315
0.0008899147637119688
0.0
0.002755393999024628
0.0
0.0007375434030999657
0.0
0.0
0.0
0.0
0.0
0.0
0.0
0.0
0.0
0.0
0.0
0.0
0.0
0.0
0.0
0.0
0.0032947885712702072
0.0
0.0007715199932345157
0.0
0.0
0.0
0.0
0.0
0.0
0.0
0.0
0.0
0.0
0.0
0.0009220132762669592
0.0
0.0
-0.0008338609110803338
0.0
0.004516790055286019
0.0
0.0
0.0
0.0006260468942136366
0.0
0.0
0.0063664603899027195
0.0
0.0
0.0
0.0
0.0
0.000941674503889772
0.0
0.0
0.0
0.0
0.0
4.2222023231849173e-5
0.0
0.0
0.0
0.0
0.003052516476555719
0.0
0.0
6.5026604324276e-5
0.0
0.00047953727865481964
0.0
0.0
0.0
0.005844341174874149
0.0
0.0
0.0
0.0
0.0
0.0009570035266606828
0.0
0.0033923495756284384
0.0
0.0
0.0
0.0
0.0
0.0
0.0
0.0
0.0
0.0
0.0
0.0
0.002349514980681762
0.0
0.0
0.0
0.0
-0.000412968421060299
-0.00022387398683234146
0.0006375280191558034
0.0
0.0
0.0012739770616961338
0.0009625567520559129
0.0
0.0
0.0
0.0
0.0
0.002031500297665876
0.0005670108805827401
0.0
0.0
0.0
0.0
0.0
0.0006440302558780362
0.0
0.0
0.0
0.0
0.0
0.0
0.0
0.0
0.0
0.0
0.0016212860805912474
0.0
0.0
0.0
-0.0005087834651678579
0.0
-0.00012657408245404688
-4.379164571987471e-5
0.0
0.0
0.0
-0.000209722186562175
0.0
0.0
0.0
0.0
0.0008847950019107543
0.0
0.0
0.0
0.0010691900888183449
0.0
0.0020798766199095946
0.0
0.00233151599749148
0.0
-0.0006355883756401262
0.0
0.0
0.0
0.0
0.0
-0.0011702270393407022
0.0
0.001445372634027014
-0.0007892365053257673
0.0
0.0
0.0
0.0
0.0
0.0
0.0
0.0
0.0006341386298343698
0.0
-0.00013785989934492706
0.0
0.0
0.0013236045444282292
0.0
0.0
0.0
0.0007805225798862193
0.0
0.0
-0.0003355374850027923
0.0
0.0008765164629615683
0.0
0.0
-0.00012671377275302287
0.000507427512174553
0.0
0.002590111506498718
0.0
0.0
0.0
0.0
0.0
0.0006279126879770396
0.0
0.0
0.003774056538428721
0.0
0.0
0.0
0.0
0.0
0.000651869779482959
0.000953396638522867
0.0
0.0
0.0
0.0017206430680463758
0.0008218088553544882
0.0
0.0
0.0
0.0
0.0
0.0
0.0
0.0032301506670657323
0.001111121388435723
0.0
0.0
0.004968705805489739
0.0008597232185947088
0.0008310400346048214
0.0
0.0
0.0
0.0006999239394811248
0.0
0.0008764178614061013
-0.0001669215858925278
0.0006378479575625969
0.00040052430275137364
0.0006370097818739505
0.002385674411924895
0.0
0.0
0.0
-6.876375370065005e-5
0.0
0.0
0.0
0.000635386203569089
0.0008230890045301299
0.0010973891735289465
0.0
0.0
-0.00010135901004648277
0.0
0.0
0.004700125916432357
0.0004603072272420801
0.0
0.0
0.0
-0.001541026017193768
0.0
0.0026515492341583685
0.0
-0.0004324036253032395
0.0
0.0
0.0
0.0
4.6597025120297127e-5
0.0
0.0
0.0
0.005356009367875983
0.0
0.0
0.0
0.0
0.0
0.0
0.004563383635292189
0.0
0.0
0.0
0.0
0.00062945484153959
0.0
0.0
0.0022412869325280677
0.0
0.0
0.0
0.004288029906003339
0.0
0.0
0.0
0.0
0.0
