0.0
0.0
0.0
0.0
0.0
0.0
0.0
0.0
0.0
0.0
0.0
0.0
0.0
0.001710015507710802
0.0023464786934916547
0.0
0.0
0.0
0.0
0.0
0.0
0.0
0.0017458817706720534
0.0
0.0
0.0008764855673629885
0.0008168778313745977
0.0
0.0
0.0006169218113569496
0.0015197904412375032
0.0
0.0
0.0019427000321670372
0.0
0.0
0.001553077151220116
0.0
0.0
0.0
0.0
0.0
0.0
0.0
0.0009218041014676382
0.0007547557882339009
0.0
0.0006022992079034397
0.0
0.0
0.0
0.0006288998693590822
0.0
0.0
0.0
0.0
0.0009569937987403811
0.0
0.0
0.0
0.0
0.0
0.0
-0.00012715486636024267
0.0
0.0
3.02106802427557e-5
0.0
0.0
0.0006837795140149321
0.0
0.0
0.0
0.0
0.0
0.0
0.0
-4.57261791747511e-5
0.0
0.000905752820324007
0.0
0.0
0.0
0.0008900266158653423
0.004968575042362328
0.0
0.0
0.0
0.0006242114002148925
0.001081966999340448
0.0
0.000633380669023549
0.0
0.0
0.0
0.0
0.0
0.0
0.0
0.0
0.0008125452249708992
0.0
0.0
0.0
0.0
0.0018274204500510383
0.0
0.0
0.0
0.0
0.0
0.0
0.0
0.002387336995307066
0.0
0.0
0.0
0.0034097120653033336
0.0006421296231859157
0.0005503695164600599
0.0027615025979240027
0.0
0.0
0.00018507353996743094
0.0
0.0
0.0018449080888092008
0.0026602211450764694
-0.00031743670839049285
0.0
0.0
0.0
0.0
0.0
0.0
0.0019327245048936434
0.0
0.0
0.0
0.0
0.0
0.0
0.0
0.0006249752272539538
0.0
-0.00023693009107568722
0.0
0.0
0.0
0.0
0.000658371393782399
-0.0002264764971810648
0.0021816545706427122
0.0
0.0
0.0
0.0008151251970307421
0.0
0.0
0.0
0.0
0.0
0.0009055807295164288
0.0
0.0
0.0
0.0
0.0
0.0007846166621064466
0.0
0.0
0.0017527024620760923
0.0
0.0
0.0
0.0
0.0
0.0
0.0
0.0
0.0008338478389939557
0.0
0.0
0.0008759238106122306
-0.00031774541733148
0.0
0.0
0.0006361317422029723
0.00040547466553684586
0.004892712894815235
0.0
0.0006237967867108743
0.0
0.0
0.0014996007982721307
0.0006250334212497451
-3.0282858227512734e-5
0.0009703375365453479
0.003311140824500702
0.0
0.002827124033989474
0.0
0.0
0.001873550220850052
0.0015327467199760026
0.0
0.0
0.0
0.0
0.0
0.0
0.0
0.0
0.0
0.0
0.0
0.0
0.0
-0.00011695499520799515
-0.0006829886845711635
0.0017466769749996404
0.0
0.0
0.0008902199455215784
0.0017448457065324945
0.0
0.0
0.0008927111628036911
0.0
0.0
0.0
0.0
0.000997655920454581
0.0
0.0
0.0
0.0008569395195041474
0.001045099802362547
0.0006295481079653451
0.0
0.000635064440364092
0.0
0.0
0.0
-0.0003667156836070887
0.005046069272868625
7.310322444213607e-5
-0.0014014781029984317
0.0006286566124860854
0.0
0.0
0.0
0.0
0.0
0.0
0.0007921583166374249
0.0
0.0007988091709725479
0.0
0.001991304659285159
0.0
0.0010055183041970932
0.0
0.0
0.0010310583024641805
0.0
0.0
0.0
0.0
0.0
0.0
0.0
0.0
0.00019228681766378968
0.0
0.0012547690974703822
0.0
0.0
0.0
0.0
0.0
0.0
0.0
0.0
0.0008755021325866486
0.0007239914677039348
0.0
0.0
0.0005139085784250762
0.0008206150749609537
-0.0004280577162172553
0.0
0.0021047469393749704
0.0
0.0007858065760387873
0.0
0.0
0.0
0.0
0.0007545758847482495
0.0
0.0
0.0
0.0
-0.00018039709629372297
0.0
0.0
0.0
0.0
0.0
0.0018997544174462191
0.0
0.0
4.298742687962272e-6
0.0
0.0
0.0006260973477800746
0.0
0.00499801670469022
0.0
0.0
0.0006411376363784058
0.0008537310487347031
0.0
0.0007936754781564077
0.00045968225429759215
0.0
0.0
0.0
0.0
0.0
0.0
0.0
0.0
0.00125466109959244
0.000986853000741649
0.0009103076814882874
0.0
0.0
0.0
0.0
0.0
0.0
0.0
0.002697511137166088
0.0046769123639108946
0.0
-0.0002611875915035985
0.0
0.0
0.0
0.0
0.0008345927851922089
0.0
0.0
0.0
0.0
0.0
0.0
0.0011372188408269553
0.0
0.0008889040455872782
0.0
0.0
0.0010662146624514372
0.0
0.0
0.0007657667402748875
0.0007573014384823562
0.0
0.0
0.0
0.0
0.0
0.0
0.0
0.0
0.0
0.0
0.0
0.0
0.0
0.0
0.0
0.0
0.0
0.0030750988440852727
0.0
0.0
0.0
0.0009309313839821732
0.0011895929952913402
0.0
0.0
0.0
0.0
0.0
0.0
0.0
0.0
0.0
0.0
0.0
0.001028552696262029
0.002596231939946125
0.0
0.0
0.0
0.0
0.0
0.005580512247888221
-0.0002953639036655169
0.0008244469860858419
0.0
-0.00040620962825884955
0.0008868057201187804
0.0011275055623041486
-0.00030904758938207354
0.0009098128957868098
5.062443555063025e-5
0.0
0.0007828020062512058
0.00021314777688902643
0.0003845947553077549
0.0
0.0
0.0
0.0
0.0006350720810023551
0.0
0.0
0.0
0.0
0.0
0.0
0.004747662845828453
0.002505982303460068
0.004081792564059052
0.0
0.0
0.0
0.0
0.0
0.0
0.0
0.0
0.0009563712722541402
0.0
0.0
0.0
0.0
0.0008520296774664711
0.0
0.0
0.0006437462969242666
0.0
-0.0011192408384092837
0.0
0.0
0.00042300774238304283
0.0
0.0
0.0
0.0006312275892364569
0.0
0.0
0.0
0.0
0.0
0.0
0.0
0.0
0.0
0.0009322890071469232
0.0
0.006316913652834843
0.0
0.0
0.0
0.0
0.0
0.0
0.0
0.0
0.00039685374138117625
0.0
0.0011834408949842328
0.0
0.0
0.0
0.0
0.0
0.0
-0.000624811272191652
0.0
0.0
0.0
0.0
0.0
0.0009317239715308725
0.0
0.0009432488383569228
0.0
0.0006318640531356182
0.00027582440732668674
0.0
0.0
0.0
0.0
0.0
0.0
0.0
0.0017821519153865938
0.0
0.0
0.0
0.002526189557376088
0.0
0.0
0.0
0.0
0.0
0.0
0.0
-0.0006120427901096215
0.0
0.0
0.0
0.00090004190599159
0.0
0.0
0.0
0.0
0.0
0.0
0.0
0.0
0.0
0.0
0.0
0.0
0.0
0.0
0.0
0.0
0.0
0.0
0.0008531351896676071
0.0
0.0
0.0
0.0
0.0
0.0
0.0
0.0
0.0
0.0006997230958184016
-0.0016221405044595074
0.0
-0.000723363244264662
0.005683185767752545
0.0009212705424330736
0.0
0.0009439898502678252
0.0
0.00024714331420351663
0.0
-0.0004193189429223481
0.0
0.0
0.0
0.000532722933306064
0.000623739749597574
-0.0007942963428848764
0.0
0.0
0.0
0.0
0.0
0.0
0.0009394784257277673
0.0
0.0
0.0
0.0
0.0
0.0
0.000946884936026096
0.0
0.0
0.0
0.0
0.0
0.0030094956998179467
0.0007822144926144148
0.0
0.0007512923598469729
0.0
0.0006766857247584102
0.0
0.0
0.0
0.0
0.0
0.0
0.0
0.0
0.0
0.0
0.0
0.0006190589287228415
0.0
0.0
0.0
0.0
0.0
0.0005026780319014456
0.0
0.0
0.0
0.0
0.0
0.0
0.0
0.0
0.0
0.003047000896294802
0.003058879771232309
0.0
0.0006192831169531022
0.00285825823695213
0.0
0.0
0.0
0.003655558280160868
0.0027322595992223904
0.0
0.0
0.0
0.0
0.0
0.0009099350318618483
0.0
0.0
0.004198146509605959
0.0
0.0
0.0
0.0006532463047599983
0.0026039703894230977
0.002913140359878546
0.0
0.0006383313572241396
0.0
0.0
0.0
0.0
0.0
0.0
0.0
0.0
0.0
0.0
0.0
0.0
0.0
0.00013451245753477652
0.0009005531017539634
0.0
0.0008421073754163475
0.0
0.0
0.0001892728489945134
0.0
0.0
0.0013156954856568424
0.0
0.0
0.0
0.0
0.0
0.0
0.0
0.0
0.0
0.0018623638855937493
0.0
0.0
0.0
0.0
0.0
0.0
0.0
0.0
0.0
0.0
0.0
0.0035589731911553936
0.0008610230376736728
0.0
0.0009128312645855378
0.0
-3.342470782782688e-5
0.0005054498285550784
-1.3626149186370863e-5
0.0007996504980894767
0.0008160224159430239
0.0
0.0
4.432643742967813e-5
0.0
0.0
0.0
0.0
0.0
0.0
0.0
0.0
0.0009611760545747617
0.0
0.0
0.0
0.0012047268612278433
-8.786839198343822e-6
-0.00020664562012530878
0.0
0.0
0.0009134037773155086
0.0
0.0
0.0
0.0
0.0
0.0
0.0
0.0006374484616097029
0.0006558351450462047
0.0
0.000799881043083572
0.0
0.0
0.0
0.0
0.0006795842248117513
0.0
0.0
0.0005671494652789048
0.0005616542581194074
0.0
0.0
0.0006430706426988982
0.0008447141877539245
0.0002365520442117236
0.0
0.0
0.0010756387853373588
0.0
0.0
0.0
0.0
0.00041509138363960216
0.00018547183537992885
0.0
0.0
0.0
0.0
0.0
-4.1458789860084234e-5
0.0
0.0
0.0
0.0
-0.00020959716364144803
0.0
0.0007580283700360014
0.0
0.0
-0.0011083456421506863
0.0
0.0031640668363524405
0.0
0.0
0.0035166851245073613
0.0
0.0
0.0010455925740156915
0.0
0.0
-0.000692929190082599
0.0
0.0
0.0
0.0
0.0
0.0009272710648410724
0.0
0.0
0.0006329933770310003
0.0
0.0
0.0
0.0
0.0
0.0
0.0
0.0023969428155974277
0.0
0.001840453891916751
0.0006491317839249211
0.0
0.0
0.0
0.0008611064689951057
0.0
0.0
0.0
0.0009634625951202307
0.0
0.0
0.0
0.0
0.0
0.0
0.0
0.0
0.0
0.0
0.0
0.0
0.0006259250226353096
0.0
0.0
0.0008030388084504837
-0.0009053907726886656
0.0
0.00031680350612298727
0.000871197431811011
0.0
0.0009088950674486071
0.0
0.0
0.0
0.0005127951158044192
0.0021987333825205886
-9.243831394066476e-5
0.0003957829292591236
0.0036195292274202994
0.0
0.0
0.0
0.0
0.0
0.0
0.0
0.0
0.0009123921645772994
0.0
0.0
0.0
0.0
0.0
0.0
0.0026257523851818698
0.0002799443177505608
0.0
0.0010552191844978667
0.0
0.0
0.0
-0.0006711022452788939
0.0
0.0009335380503393972
0.0005571927065699645
0.0
0.0
0.0006367309399961886
0.0
0.0
0.0
0.002536442370516798
0.0
0.0
0.0
0.0
0.0
0.0
0.0
0.000631985000231015
0.0
0.0
0.0
0.0
0.001098760789375057
0.0043977300232844055
0.0028485149009329185
-0.0009690307008026949
0.0
0.0016881823505032112
0.0
0.00013203286844528007
0.0008194887813541222
0.0009258843812812934
0.0
0.0
0.0006438855349452659
0.0
0.0
0.0
0.0
0.0
0.0
0.0
0.005359734385508419
0.0026492479272166216
0.0
-8.085269226253636e-5
0.0
0.0
0.0
0.004712286827496001
0.0
0.0
0.0
0.0
0.00010674563648466593
-0.0015630901765966215
0.0
0.0009449983950391805
0.0009646641373928288
0.0
0.0
0.003891280782862409
0.0
0.0
0.0
0.0
0.0
0.0
0.0
0.0008646315607879763
0.0
0.0008470368080215312
0.0
0.004698586284621695
0.0
0.0
0.0
0.0
0.0
0.0
0.000939223354553068
0.0
0.0
0.0
0.0017777733512269252
0.0
0.0
0.0
0.0
0.000874406440886443
0.0
0.0003902538187002243
0.00034791494717226743
0.0
0.0
0.0
0.0
0.0
0.00029493362971668585
0.0
0.0
0.0
0.0
0.0
0.0
0.0026915468330349643
0.0
0.0
0.0020226051750739903
0.0
0.0008979164533492418
0.0009716599474181386
0.0008716657667712755
0.0
0.0
0.0006352437527408248
0.0
0.0
0.0
-0.0005186609120232284
0.0
0.00021107950653184924
0.0008817058852571454
0.0006340281183140404
0.0013467880477987498
0.0
0.0
0.0009018445406036206
0.0
0.0
0.0
0.0
0.0
0.0
0.0
0.0
0.0008087771274351548
0.0008507180878596076
0.0
0.0
0.0
0.0006307454839635812
0.0
0.0007321080509070187
0.0
0.0007949962387809947
0.0
0.0006701008900007085
0.0
0.0
0.0
0.0
0.0
0.0
0.0006349135660513897
0.0018459265943190385
0.0
0.0006366139824799392
0.0037600297489413415
0.0
0.0
0.0
0.0
0.0
0.0
0.0
0.0
0.0017043407224943627
0.0
0.0
0.0
0.0
0.0
0.0
0.0
0.0
0.0
0.0
0.0
0.0
0.000883220321651508
0.0
0.0
0.0009107351293572344
0.0
0.0006378262511063732
0.0
0.0009301434375279213
0.0
0.0013644841143257474
0.0
0.0006252504938107879
0.0
0.0
0.0004896972616851196
0.0
0.0
0.0009562823122415936
0.00044094681865768966
0.0029163353736392605
0.0
0.0
0.0006316083815210859
0.0
0.0
0.0
0.0
0.0008076339528595183
0.0
0.0
0.0
0.0
0.0
0.0
0.0
0.0
0.0
0.0
0.0009403473064368529
0.0
0.0
0.0
0.0
0.003477287855174572
0.0
0.0008819895865836827
0.0
0.0
0.0
0.0017713630759785175
0.0
0.0
0.0
0.0015506582529458911
0.0
0.0
0.0
0.0
0.0006320722526273596
0.0
0.002802560557967973
0.005200480468468038
0.0
0.0
0.0
0.0007549465913265665
0.0006484784138938908
0.0
0.0
0.0
0.0009284014490703157
0.0019314444610382478
0.0008250133217449718
0.0
0.0005387645960836537
0.0
0.0
0.0
0.0
0.0
0.0
0.0
0.0037263968667360565
0.0
0.004322528282983616
0.0
0.0
0.005227658264321843
0.0
0.0
0.0
0.004179030488339612
0.0
0.0
0.0
0.0
0.0
0.0
0.0006269332909462192
0.0
0.0
0.0
0.0
0.0
6.685116069005066e-5
0.0
0.0
0.0
0.0
0.0
0.0
-0.0010029962223645768
0.0008799462973771249
0.0
0.0009917118023941504
-0.0002637373046562291
0.0
-7.566241967407649e-5
0.0
0.0
0.0
0.0
0.0010444235990141834
0.0
0.0009394097037994279
0.0009389264382514182
0.0007680185905969872
0.0
0.0008394723736268158
0.0
0.0
0.0
0.0012027635253023152
0.0
0.0
0.0
0.0
0.0
0.0
0.002478681770687468
0.0
0.0
0.0
0.0
0.0
0.0006266794561864139
0.0
0.0
0.0
0.0
0.0
0.0
0.0035376782580098746
0.00038140008960090184
0.0
0.001305583392814076
0.000538275867286616
0.0
0.0009947815177513098
0.0
0.0
0.0
7.558304294412289e-5
0.001374438997966625
0.0
0.0
0.0
0.0
0.0
0.0
0.0
0.0
0.0
0.0
0.0
0.0
0.0
0.0009011284325466987
0.0
0.0
0.0
0.0
0.0
0.0006324397745963102
0.0
0.0
0.0
0.0006255248810289434
0.0
0.0
0.0
0.0
0.003204170564653534
0.0
0.0008060605667083302
0.0
0.0
0.0006394425103550034
-0.00014697745604224654
0.0
0.0
0.0008466959744518497
0.0
0.0
0.0
0.002422428042617057
0.0
0.0
0.0009356551957843947
0.0006260705649719759
0.0
0.0023712907886245644
-0.00033672866212477125
0.0
0.0
0.0
0.0
0.0
0.0003570461643490419
0.0010938119382005315
0.0
0.0008404305160261271
0.0008074108793132713
0.0006234482871094199
0.0
0.0
0.0
0.0
0.0
0.0006397094119842602
0.0
0.0
0.0
0.0
0.0
0.0
0.0
0.0
0.0
0.0
0.0
0.0
0.0
0.0008668241586681268
0.0
0.0
3.1887753294894644e-5
0.0
0.0
0.0010080700243217738
-0.0001135234930806088
0.0
0.0
0.0
0.0
0.0
0.0
0.00015137968582984904
0.0
0.0
0.0008022709591847694
-0.0005990152618832884
0.0
0.0
0.0
0.0
0.0023255951142495393
-0.0003264079266348678
0.0
0.0
0.0
0.0
0.0
0.0
0.0
0.0
0.0
0.0009008611895502842
0.0
0.0
0.0
0.0
0.0
0.0
0.0
0.0
0.0007199460184420958
0.0
0.0
0.0
0.0
0.0
0.0
0.0
0.0
0.002767313951788441
0.0
0.0
0.005434888444426366
0.0
0.0
0.0
0.0
0.0
0.00076977657950933
0.0
0.0
0.0
0.0
0.0
0.001046610168165843
0.0
0.0
0.0
0.0
0.0
0.0
0.0
0.0
0.0
0.0
0.00022712710462229047
0.0
0.0
0.002738652597883769
-0.00015892729054278385
-8.892199966691675e-5
0.0009368160519911613
0.0
-0.0001674688099374849
0.0028169380905648297
0.0
0.0
0.0
0.0008429998492939595
0.0
0.0
0.0
0.0
0.0
0.0034562016758501743
0.0009875451400954071
-0.0006836686279357148
0.0
-0.0004097160636859896
0.0
0.0
0.0
0.0006314609215006796
0.0
0.0
0.0011071204217191215
0.0
0.0
0.0009759411527320464
0.0
0.0
0.0
0.0
-0.00014843746724551104
0.0
0.0
0.0
0.0
0.0
0.0
0.0
0.00010514501164964769
0.0
0.0038163879642079293
0.0009373431859622909
0.000982906150354356
0.0
0.0
0.0
0.0
0.0
0.0
0.0
0.0
0.0
0.0
0.0
0.0
0.0
0.0
0.0007528528820771223
0.0006402043280256721
0.0
0.0
0.0006218682392167159
0.0
0.004086435505006507
0.0
0.0
0.0
0.0
0.0
0.0
0.0
0.0
0.000632105555945056
0.0
0.0
0.0
0.0
0.001022636577092475
0.0
0.0
0.0
0.0
0.0
0.0
0.0
0.000928997052006042
0.0
0.0007923692540612917
0.0
0.0
0.0
0.0
0.0
0.001103309475133744
0.0
0.0
0.0
0.0
0.0
0.0
0.0006284180102976724
0.0008980535769819648
0.0006470145665802124
0.0
0.0
0.00459732737190067
0.0
0.0
0.0
0.0
0.0006000454906690946
0.0
0.0
-0.001567706563355261
0.0
0.0
0.0
0.0
0.0
0.0
0.0
0.0
0.0
0.0
0.0
0.0
0.0
0.0
0.000627303548135645
0.0005278109206889584
0.0
0.0
0.0
0.0006362739766115653
0.0
0.0
0.0
0.0
0.0
0.0
0.0006271176059258487
0.0
0.0
0.0
0.0
0.0
0.0
0.0
0.0
0.0
0.0
0.0
0.0
0.0
0.0
0.0
0.00041896999005725584
0.0
0.0005401822416605812
0.0
0.0
0.0
0.0
0.0
0.0008532996896894468
0.0
0.00027587701678675797
0.0
0.0
-0.00021080303626182882
0.0
0.0006396877566919893
0.0
0.0047783394677400216
0.0
0.0
0.0
0.0
0.003808412306712281
0.0
0.0
0.0
0.0
0.0
0.0
0.0009973199286575922
0.0005258307725633375
0.0
-0.001276617841899059
0.0011898885740586954
0.0006411797110242451
0.0
0.0
0.0
0.0
0.0026637268600919056
0.0
0.0
0.0
0.0
0.0006267634649306057
0.0
0.0
0.0
0.0
0.0007345587906333709
0.0
0.0
0.0010892432005810988
0.0
0.0
0.0
0.0
0.0
0.0
0.0009330901503627606
0.0
0.0
0.0
0.0
0.0
0.0
0.0
0.0
0.001074924838431936
0.0
-0.0009658184330127656
-0.0004374849509884325
0.0
0.0006381997957906065
0.0023779440297503934
0.0
0.0
0.002750476007871671
0.0001914827423015022
0.0
0.0009255551709112503
0.0
0.0
0.005999674405315059
0.0
0.0
0.0
0.0
0.0
0.0
0.0
0.0016081345646486796
0.0
0.0
0.0
0.0
0.0
0.0
0.0
0.0
0.0
0.0
0.0017673210972293308
0.0018499913771759515
0.0
0.0
0.0
0.0
0.0
0.0
-0.0003665563513035981
0.0
0.0
0.0
0.0
0.0
0.0
0.0
0.0006255145599452591
0.0007934607181873843
0.0
0.0
0.0
0.0
0.0
0.0
0.0
0.0
0.0
0.0
0.0
0.0
0.0
0.0006483470829985202
0.0
0.0
0.0
0.0
0.0
0.003197979632431854
0.0
0.0
0.0
0.0
0.0
0.0
0.0
0.0002829554372606758
0.0
0.0
0.0009073013380561199
0.0
0.0
0.0
0.0
0.0
0.0
0.0
0.0
0.0
0.0
0.0
0.0
0.0
0.0
0.0
0.0
0.0
0.0
0.0
0.0
0.0030685011765592737
0.0
0.0
0.0
0.0
0.0
0.0
0.0
0.0
0.0
0.0
0.0
0.002702008740935854
0.0
0.0
0.0
0.0
0.0
0.0
0.0
-5.6013381505232543e-5
0.0
0.0
0.0
-0.00013494549301579597
0.0006450407342173228
0.0
0.0
0.0
0.000839719483093058
0.0
0.0009955421015724018
0.0009214226820268722
0.0
0.0
0.0
0.0
0.0
0.0
0.0026251458388546743
0.0
0.0
0.0
0.0
0.0
0.0
0.0
0.0
0.0
0.0
0.0
0.0
0.0
0.0
0.0
0.00027674887171206944
0.0
0.0
0.0
0.0024452244455765134
0.0
0.0
0.0
0.0
0.0
0.0
0.0
0.0
0.0
0.0
0.0
0.0
0.0
0.0
0.0
0.0
0.0004961387053953055
0.0
0.0
0.0
0.0
0.0
0.0
0.0
0.0
0.0
0.0
0.0007131820375889817
0.0
0.0
0.004586208974319567
0.0
0.0009287931995801822
0.0
-0.0009220714804119796
0.0
0.0
0.0
0.0
-0.00015048608917739084
0.0
0.0
0.0
0.0
0.0
0.0
0.0
0.0
0.0
0.0030663757485942336
0.0
0.0005994897787768908
0.0
0.004020676341870857
0.000593272015913704
0.0
0.0
0.0
0.0
0.0
0.0
0.0
0.0
0.0
0.0
0.0
0.0
1.5868535701157863e-5
0.0
0.0
0.0005586107551349694
0.0
0.0032109399290908844
0.0008414470849995136
0.0
0.0
-0.0012402660505426869
0.0010072330567933037
0.0
0.0
0.0017812979582753432
0.0
0.0011573731922275509
0.0010736516194854323
0.0009177051528511608
0.0
-0.0010338826869303232
0.0
0.0
0.003193445794094768
0.0007644847560410088
0.0
0.0
0.0009611520858354245
0.0006322283401799667
0.0
0.0006258739409456349
0.0
0.0
0.0
0.0
0.0
0.0
0.003959039154106292
0.0006266878538591892
0.0
0.0
0.0
0.0
0.0
0.0
0.0
0.000628655513498549
0.0
0.0005343092766421675
0.0
8.226814009539974e-5
0.0
0.0020019487540319466
0.0
0.0
0.0
0.0006346502773421818
0.0032942427342495108
0.000633436107110632
0.0028196109351471157
0.0
0.0
0.0026082531559574887
0.0
0.0
0.0
0.0
0.0
0.0008952775422976759
0.0014919366558789964
0.0
0.0009916860470806754
0.0
0.001854155346057447
0.0
0.0
0.0
0.0009367361723364447
0.0
0.0
0.0
0.0
0.0
0.0
0.0008126839897094862
0.0
0.0
0.0
0.0020122811115687216
0.0
0.0007205962733593267
0.0
0.0
0.0
0.0
0.0
0.0
0.0
0.0
0.0
0.0
0.0
0.0007276825052719626
0.0003028538606584647
0.003831318190170861
0.0
0.0
0.0
0.0
-0.0003923792089272249
0.0
0.0006393527765470065
0.0
0.0
0.0
0.0
0.0
0.0
0.0
0.0
0.0
0.0
0.0
0.0
0.0
0.0
0.0
0.0
0.0
0.0
3.520485151345846e-5
0.0
0.0
0.0
0.0
0.0
0.0008018224181836612
0.0
0.0
0.0
0.0
0.0
0.0
0.0
0.002783594504370722
0.0
0.0002048032361698093
-0.00011673207596038783
0.002088447925120176
0.001131244871089227
0.0
0.0
0.0
-0.0011998787852524424
0.0
0.0
0.0
0.0
0.0
0.0
0.00019831543931218964
0.0004197725909037591
0.0
0.0028161373844801567
-0.000692071605645483
0.0
0.0
0.0016896068212229243
0.0
0.0
0.0
0.0
0.0
0.0
0.0
0.0
0.0
0.0
0.0
0.0
0.0
0.0
0.0
0.0010254900854103277
0.0
0.0
0.0
0.0
0.0
0.0
0.0
0.0
0.0009094558605991138
0.0
0.0
0.0
0.0
0.0
0.004964448205812585
4.953893817197604e-5
0.0
0.0
0.0
-0.0005854721474280248
0.0
0.002235502674069717
0.0
0.0
0.000886474978132291
0.0
0.0008840748900023089
0.0
0.0
0.0
0.0
0.002576220658577976
-0.0009293884766441348
0.0
0.0006400148323789022
0.0
0.0
0.0
0.0
0.0
0.0
0.0
0.0
0.0
0.0
0.0
0.004710294616923565
0.0006304263299275198
0.0
0.0009383416116650897
0.0
0.0008612739087147886
0.0
0.003015548000305668
0.0
0.0001929216372479226
0.0014450675792295848
0.0
0.0
0.0
0.0008543503525795217
0.0
0.0
0.0
0.0024815702523891285
0.0
0.0006294319983046416
0.0
0.0
0.0
0.0
0.0007474903350386473
0.0
0.0
0.005028976547712623
0.0
0.0
0.0
0.0
0.000977830974876572
0.0
0.001655659125125777
0.0
0.0
0.0
0.0008590037166582389
0.0
0.0
0.0
0.0
0.0008937058067545481
0.0
0.0
0.0
0.0
0.0
0.0
0.0037361023672452323
0.0
0.0
0.0008789421469078673
0.002419899665188708
0.0
0.0
0.0
0.0026259010189990353
0.0
0.0
0.0
0.000985618968879677
0.0
0.0
0.0
0.0
0.0
0.0
0.0
0.0
9.720721105253228e-5
0.0
0.002592963592037634
0.0
0.0
0.0
0.0
0.0
0.0
0.0
0.0
0.0
0.0
0.0
0.0
0.0
0.0006245126707186921
0.0
0.0
0.0
0.0
0.0
0.0060361334131322775
0.0
0.0
0.0
0.0
0.0
0.0
0.0
0.0010406108169810826
0.0
0.002267480222011243
0.0009106046410741341
0.0008908874001230692
0.0
0.0
0.0
0.0009221737302107397
0.0
0.0
0.0
0.0
0.0
0.0
0.0
0.0
0.0
0.0
0.0
0.0
0.0
0.0006293443663309872
0.0
0.0
0.0
0.0
0.0
0.0
0.0
0.0010229560091630733
0.0
0.0
-0.0004391414203930457
0.0
0.0
0.0
0.0
0.0
0.0
0.0
0.0008840326833517868
0.0010080135675571197
0.0
0.0007870920981877232
0.000620422972335297
0.0
0.0
-8.078509307100473e-5
0.0050864299723938034
0.003535228120239039
0.0006337058890372808
0.0
0.0
0.0
0.0
-7.679508921564405e-7
0.0
0.0
0.0006251243844488338
-0.0003104394404292357
0.0005393349195090484
0.0
0.0
0.005699074795470937
0.0006354098382164591
0.0024391107801762122
0.0
0.0
0.0008290378952841293
0.0
0.0
0.0
0.0
0.0
0.0
0.0
0.0
0.0
0.0009869796927945667
0.0010965939435978115
0.0
0.0004909585982868786
0.001178135630833481
0.0
0.0
0.0
0.0
0.0
0.0
0.0019162526677287397
0.0
0.0
0.0
0.0
0.0
0.0027828192477408597
0.0
0.004498132982233304
0.0
0.0
0.0
0.0
0.0009415381439863323
0.0010199330485466647
0.0
0.0
0.0
0.0
0.0
0.0
0.0
0.0
0.0006250066853439097
0.0
0.0008174281368975194
0.0
0.0
0.0
0.0
0.0
0.003284958842960318
0.0
0.0025968879234262417
0.0
0.0
0.0006321812836812467
0.0
0.0
0.0
0.0008534661481688034
0.0037451526497555665
0.0
0.0
0.0
0.0
0.0
0.0006336644468141772
0.0
0.0
0.0009056215002849371
0.0
9.077399651040893e-5
0.0
0.0
0.0009329451378316086
0.004267567583221775
0.0
0.0
0.0
0.0
0.0
0.0
0.0008269513452544441
0.000836702041054672
0.0009778769863838135
0.0
0.0
0.0
0.0
0.0008225890277569549
0.0022467559571228545
0.0
0.0006284994484827837
0.000682453708557109
0.0
-0.00024560947141935417
0.0
0.0
0.0
0.0
0.0
0.0
0.0038371777350916948
0.0
0.0
0.0
0.0007304554908587568
0.0
0.0
0.0
0.0
0.0
0.0
0.0
0.0
0.0021883102115795986
0.0
0.0009567683650895224
0.0
0.0006357825869086884
0.0006392727350002335
0.0011962273908885587
0.0
0.0
0.0
0.0
0.0
0.0
0.0
0.0
0.0
0.0001672003695262416
0.0010928735175341536
0.0
0.0
0.0
0.0006292422351722363
0.0
0.0
0.0006288942730559761
0.0
0.0
0.0
0.0
0.0
0.0
0.0
0.0001347618401464134
0.0
0.0
0.0
0.0014748605156017852
0.0
0.0
0.0
0.0
0.000634124693967861
0.0010949917331641546
-0.0007103812513784008
0.0
0.0
0.0
0.0
0.0
0.0
0.0
0.0
0.0
0.0
0.0023356356685529846
0.000905287631860265
0.0
0.0
0.0009070373289403345
0.0
0.0
0.004732064754866881
0.0
0.0
0.0
0.0009649422163904241
0.0
0.0
0.002673698528903991
1.3025346633133036e-5
0.0
0.000627795996035044
0.0
0.0009040693704540589
0.0
0.0
0.000991997950823286
0.0012436063293148104
-0.0002993775553614969
0.0
0.0
0.0
0.0008867370710468658
0.0
0.006081295860919955
0.0052733247685250615
0.0
0.0
0.0
0.0
0.0008104060431226967
0.0
0.0
0.0
0.0011702998606128523
0.0
-0.0018879149123252174
0.0
-0.00032232188335039796
0.0
0.001031790328474263
0.0
0.004482785781131611
0.0
0.0009714100391924597
0.0
0.0
0.0013524682525528442
0.00037536094604527254
-0.00042349706280272483
0.0006304968987525118
0.0
0.0
0.0
0.0
0.0
0.0
-0.0007535144368227382
0.0008135155745036817
0.0
0.0
0.0008339426875910484
0.0008973401321518851
0.0
0.0
0.0
0.0011250574900411028
0.0007966830062746988
0.0
0.0
0.0009397212495013369
0.0
0.0
0.0
0.0
0.0
0.0
0.0
0.0
0.0
0.0
0.0
0.0009445867844344849
0.0
0.0
0.0
0.0
0.0008046288986550831
0.0
0.0013069440232970299
0.0007857641066978228
0.001134091604569588
0.0
0.0
0.0007433183682730645
0.0
0.0
0.0006412176238731861
0.0019055794422575523
0.0
0.0
0.0
0.0
0.0
0.0
0.0
0.0
0.0
0.0011080853520902079
0.0
0.0
0.0009703568992293971
0.0
0.0
0.0
0.0
0.0
0.0
0.0
0.0
0.0009118478422288986
0.0
0.0
0.0
0.0
0.0
0.0
0.0
0.0
0.0
0.0
0.000845402496585998
0.0009180185441456964
0.0
0.0
0.0017662967374524553
0.0
0.0
0.0
0.0
0.0
0.0
0.0028186452290232676
0.0
0.0008760178625343695
0.0
0.0038138365364208254
0.0010115868050632533
0.0
0.0
0.0
0.0
0.0
0.0
0.0
0.0
0.0007229693243496214
0.0
0.0
0.0004451300260015332
0.0
0.0
0.0
0.0010230295167535971
0.0
0.0
0.0
0.004733110211393891
0.0033450995251756007
0.0008398579158725172
0.0
0.0
0.0
0.0
0.0
0.0
0.0
0.0
0.0
0.0
0.0008174499035768015
0.0
0.0
0.0
0.0
0.0
0.0008831592198090949
0.0
0.0
0.0
0.0
0.0
0.0
0.0
0.0
0.00214053528721784
0.0006272207936584106
0.0
0.0
0.0
0.0
0.0
0.0017469792934046648
0.0
0.0
0.0
0.0
0.0
0.0
0.0
0.0
0.0
0.0
0.0
0.0
0.0
0.0
0.0
0.0
0.0
0.000624173624117556
0.0
0.003820609880584311
0.000627931340052253
0.0
0.0
0.0
0.0
0.0008745569906330037
0.0010150597611711658
0.0
0.0
0.0
0.0006308820453615845
0.0
0.0
0.0
0.0022402656818042302
0.0
0.0
0.0010828484283269193
0.0006357238909858261
0.00021201235196086914
0.0
0.0
0.0
0.00034288358170611247
0.0
0.004382283283275788
0.0
0.0
0.0
0.0
0.000632353704419494
0.0003170964267730986
0.0
0.0
0.0
0.0
0.0
0.000974328168701848
0.0
0.0
0.0
0.0
0.0
0.0
0.0
0.0
0.0
0.0
0.0
0.0
0.0
0.0
0.0008630355534657817
0.0
0.0
0.0
0.0014875303037860897
0.0
0.0
-0.0001611694922923203
0.0
0.0
0.0
0.0
0.0008319835222958364
0.0
0.0
0.0
0.0
0.0
0.00502054630542888
0.002651616801418561
0.0
0.0
0.0
0.0
0.0007665236398352709
-0.0005353780386331222
0.0
0.0
0.0
0.0006393166484084202
0.0
0.0
0.0
0.003401017263984575
0.0
0.0008018173815592387
0.0
0.0
0.0
0.0008565695455587173
0.0
0.00015592504779964497
0.0
0.0
0.004463672395508819
0.0
0.0010086158180816832
0.003149903586764569
0.0
0.0
0.0
0.0
0.0
5.661741986676039e-5
-0.0005733621278541265
0.0
0.0
0.0014359615192715161
0.0
0.0003714271393216656
0.0
0.00031112046777759337
0.0
0.0
0.0
0.0
0.0
0.00103633613538371
0.0
0.0
0.0
0.0010538508742938568
0.0
0.0
0.0
0.0
0.0
-0.00048225018038049964
0.0
0.0
0.0
0.0
0.0
0.0
0.0
0.0
0.0
0.0
0.0
0.0
0.0
0.0
0.0
0.0
0.0
0.0
0.0
0.0
0.0
0.0
0.0008843294300501054
-0.0014125260821079909
0.0
0.0009503104669219199
0.0
0.0
0.0009183594998745072
0.0067768998521394895
-0.00032649935423654104
0.0009708700579845926
0.0
0.0
0.0
0.0030453098015191826
0.0
-0.00024314974658757967
0.0
0.0
0.0
0.0
0.0008717606058543697
0.0
0.0
0.0
0.0
0.0008618827868837307
0.0008530271435827845
-0.0005331125752369158
0.0
0.0
0.0
0.0
0.004168922269983349
0.0
0.0
0.0
0.0
0.0
0.0
0.0
0.0
0.0
0.0
0.0
0.0
0.0
0.0
0.0
5.6252126226270656e-5
0.0
0.0
0.0
0.0
0.0
0.0
0.0
0.0006284677990797436
0.0
0.0
0.0
0.0009659892615085614
0.0
0.0006370476829031238
0.0
0.0
0.0
0.0
0.0006240985216697173
0.00011998982617725368
0.0
0.0
0.0
0.0
0.0
0.0
0.0005052439921707933
0.0
0.0
0.0
0.0
0.0
0.0
0.000974004559109159
0.0
0.0
0.0
0.0
0.0
0.0
0.0
-0.0010096255373154863
0.0012121682273309067
0.0
0.0
0.0
0.0
0.0
0.0
0.0008574996291592105
0.0
-0.0009956529955381184
0.0
0.0009697457048995626
0.0
0.0
0.0016379770104555209
0.0
0.00015353747654573053
0.0025287776487999633
0.0
0.0
0.0
0.0
0.0
0.0
0.0
0.0003079872474989927
0.0
0.0001375654182855968
0.0
0.0
0.0
0.000442508723538036
0.001294927491372436
0.0010588033661059358
0.0
0.0
-8.349666679251933e-5
0.0
0.0
0.003219387208277078
0.0
0.0
0.0016240599785009356
0.0
0.0
0.0
0.0011369554681805458
0.0
0.0
0.0
0.0
0.0
0.0
0.0
0.00022794810957168935
-0.000493794646006736
0.0
0.0
0.0
0.0019684544849001002
0.0
0.0
0.0
0.0
0.0
0.0020501960297840947
0.0
0.0
0.0
0.0
0.0
0.0006268206402065565
0.0
0.0
0.0
0.0
0.0
0.0009298551157971951
0.0
0.0
0.0008004498615857463
0.0008345405145521016
0.0006525078200699698
0.0
0.0
0.0
0.0
0.0
0.0
0.0
0.0
0.0
0.0
0.0
0.0008766462682465189
0.0009288202029876391
0.0
0.0009468161611616824
0.0
0.0
0.0
0.0006204244204836592
0.0
0.0
0.0
0.0006246297497555504
0.0
0.0
0.0
0.0
0.0011344462588024856
0.0
0.0
0.0
0.0
0.0
0.0
0.0
0.0
0.0
0.0
0.0
0.0
0.004290341424217919
0.0
0.0009169379550265409
0.0
-0.0002385899659296741
0.0008007181104860239
0.0
0.0008603925246732853
0.0
-0.0017860056148519335
0.0
0.0
0.000700266215862005
0.0
0.0
0.0013597646798825535
0.0
0.0
0.0
0.0
0.0
0.0
0.0
0.0
0.0006261655586765539
0.0
0.0
0.0009468275623456382
0.0018428198648865206
0.0
0.0
0.0009322459263802824
0.00031167231072008083
0.0
0.0
0.0
0.0
0.0
0.0
0.0
0.0005205980151924389
0.0
-0.0003421365130729046
0.0006313403761847465
0.0
0.0006328627488440546
0.0006286599040283093
0.0
0.000633237415145612
0.0
0.0
0.0
0.0
0.0009246128242802858
0.0
0.0
0.0
0.0
0.0
0.000907043698181438
0.0
0.0
0.0007797770723713216
0.0
0.0006396430366427423
0.0
0.0008803767750846963
0.0
-0.0005387108875044434
0.0009099871665887521
0.0
0.0
0.0
0.0
-0.0005640063813048281
0.0
0.0
0.0007651345051225644
0.0
0.0
0.0005153518360201242
0.0
0.0009415950205540514
0.0003974491798644692
0.0
0.0
0.0028246133788184073
0.0
0.0
0.0
0.0
0.0
0.0008763334519322948
0.0
0.0
0.0
0.0
0.0011494876988319977
0.0
0.0
0.0008644455348230868
0.0
0.0
0.0
0.0
0.0008370098034669549
0.0
0.0
0.0
0.0008533004238554621
0.0
0.0
0.0
0.0
0.0014555323161008196
0.0
0.0
0.0
0.0
0.0
0.0
0.0
0.0
0.0
0.0
0.0010407190118346178
0.0006272899416116454
0.0
0.0008861927597386457
0.0
0.0
0.0
0.0
0.0006398719664202621
0.0
0.0
0.0
0.0
0.0
0.0007499136481431418
0.0
0.0
0.0
0.00111671281753309
0.000841266301521767
0.0006387916851479694
0.0
0.0008306218142877257
0.0
0.0009819866009054745
0.0004554970882456233
0.0
-0.0006563363831794385
0.0
0.0029800705783539884
0.0
0.003954475486273558
0.0
0.0008678519237814716
0.0
0.0
0.0
0.0
0.0
0.0008887699646353163
0.0
0.0
0.0
0.0
0.0
0.0
0.0006295626291279988
0.0
0.0
0.0
0.0
0.0
0.0
0.001067230828559374
0.0
0.0
0.0008528642486912713
0.0
0.0
0.0006275596090101773
0.0
0.0006457177369170217
0.000837204691424528
0.0
0.0
0.0
0.0
0.0
0.0
0.0
0.0
0.0
0.0
0.0
0.0009652597913400602
0.0
0.0
0.0008204615116002898
0.0
0.0
0.0
0.0
0.0
0.0009282727324629356
-0.00014246501175473354
0.0
0.0
0.0
0.0
0.0
0.004262749629257866
0.0
0.004785248125203232
0.0
0.0
0.0
-0.00012203021040738301
0.0
0.0
0.0
0.0
0.0
0.0
0.0
0.0
0.0
0.0
0.0
0.0
3.3537205255941544e-5
0.0
0.0
0.0
0.0
-0.0005182750211904615
0.0
0.0
0.0
0.0
0.0
0.0
0.0
0.0
0.0
0.0016119329207710089
0.0009510531293820568
0.0
0.0008054350229573657
0.0
0.0
0.005561627526761128
0.0
0.0
0.0006356181491678335
0.0
0.0
0.0008536200685945126
-0.00038425410464756036
0.0
0.0
0.0
0.002960199541379702
0.0
0.0
0.0
0.0
0.0
0.0
0.0
0.0
0.0
0.0
0.002942978588602979
0.0006245425076046095
0.0
0.0
0.0
0.0
0.0
0.0
0.000670807108106182
0.00015840963876155098
0.0
0.0
0.0009184633604301186
0.0
0.0
0.0006261092440526139
0.0
0.0
-0.0003806623498570551
0.0
0.001308679303679166
0.0
0.0
0.0
-0.00045199400321410915
0.0
0.0008703841556940157
0.0
0.0
0.0
0.0
0.0
0.0
0.0
0.0
0.0009673309568053501
0.002005156230883063
0.0
0.0
0.0001153934865479719
0.0
0.0
0.0
0.0
0.0006427860454516289
0.0
0.0
0.0007114703103043257
0.0
0.0022230995814280655
0.0
0.0
0.002375284478649888
0.0010602816454725762
0.0
0.0
0.0
0.0
0.0
0.0
0.0
0.0014722864027941391
0.0005018762980586577
0.0
0.0
0.0
0.0007525825860641148
0.0
0.0
0.00016136090844265374
0.0
0.0
0.0
0.0
0.0
0.0
0.0
0.0
0.0
-0.0007377214058570858
0.00027083432150485254
0.0
0.0
0.0010051105275205208
0.0
0.0
0.0
0.0
0.00031169864096284173
0.0
0.0
0.0
0.0
0.003852493776315528
0.0
0.0
0.0
0.0006311408999200262
0.0
0.0
0.0
0.0
0.0
0.0
0.0
0.0
0.0
0.0
0.0006338547942480878
0.0
0.0
0.0
0.0
0.0022906473688132814
0.0
0.0
0.0
0.00015766252396977535
0.0
-0.00037555443926930187
0.0009968039770353596
0.001134543768249026
0.0
0.003201195170637278
0.0
0.0019868267850391844
0.0
0.0
0.0
0.0
0.0
0.0
0.0005402938427946709
0.0
0.0
0.0
0.0
0.0
0.0
0.0
0.0009188756973446718
0.0
0.0
0.0
0.0
0.0
0.0
0.0
0.0
0.0
0.0
0.0
0.0
0.0
0.0
0.0008060776535552503
0.0
0.0
0.0
0.0
0.0
0.0
0.0
0.0009285552266637051
0.0
0.0
0.0
0.0
0.0
0.0005615637062905185
0.0
0.0
0.0
0.0
-0.0004494124306169918
0.0
0.0
0.0
0.004239769621696329
0.0
0.003620890618141632
0.0
0.0
0.0
0.0009824869353797356
0.0
0.0
0.0
0.0
0.0008042043128820607
0.001881615067896999
0.0
0.0
0.0
0.002714199542977263
0.0
0.0008644591264253349
0.001012130165450907
0.0
0.0
0.0006572334850032413
0.0
0.0006352083683942034
0.0
0.0
0.0
0.0
0.0
0.0
0.0
0.0
0.0
0.0
0.0
0.0
0.0
0.0006360072008561749
0.0
0.0
0.0
0.00047828167686063606
0.0
0.0
0.0
0.0
0.0
0.0
0.0007603053971173094
0.0
0.0
0.0009253417791518069
0.0012016740018053946
0.0
0.0006468599753919672
-0.0009589837357165704
0.0
0.00063016878008402
0.0
0.0
0.0009878385457706331
0.0
0.0
0.0
0.0006351409205609885
0.0
0.0
0.0
0.0
0.0
0.00010980219935046553
0.0
0.0
0.0
0.0006354452927617904
0.0
0.0
0.002450602932098862
0.0
0.0
0.004173768443763785
0.0010666101207565761
0.0
0.0
0.0
0.0
0.0006385394217346169
0.0
0.0
0.0
0.000638113662095439
0.0
0.0034774233656514925
0.0
0.0
-6.792738375994842e-5
0.0
0.0008479418036236278
0.0
0.0004163031460869805
0.0
0.0
0.0
0.00012409017570988543
0.0
0.0
0.0
0.0
0.0
0.0009800905573804676
0.0
0.0019825242741786783
0.0
0.004691941000640708
0.002874264599067061
0.0
0.0
-0.001116034565915373
0.0
0.0
0.0
0.0
0.0
0.001006956255886612
0.0
0.0
0.0016506655240995833
0.0
0.0
0.0
0.0
0.0
0.0
0.0
0.0
0.0
0.0
0.0006263863643603632
0.0
0.0
0.0
0.0
0.0
0.0
0.0031800242636461505
0.0
0.0
0.0
0.0
0.0007047588430487986
0.0
0.0
0.0
0.0
0.0
0.0
0.00453138085847681
0.0
0.0
0.00012168551067993485
0.000619989852800522
0.0
0.0
0.0
0.0
0.0
0.0010632354055279058
0.0
0.0
0.0
0.0008781648512084677
0.0
0.0
0.0
-3.7153109297189194e-5
0.0
0.0
0.0
0.0
0.0002732517358824689
0.0006443164859028389
0.000830033351856298
0.0008334189901729847
0.0
0.0
0.0
0.0
0.0
0.0
0.0
0.003116948693826598
0.0
0.0
-0.0008473733640105784
0.0
0.0006266095041609863
0.0
0.0009238453650003152
0.0
0.0
0.0
0.0006002252507907858
0.0009473590874903128
0.0
0.0011145730631565013
0.0006252196211390451
0.0
0.0
-0.00035577141226606987
0.0
0.0006367339735445532
0.0
0.0
0.0006248249490405673
0.0
0.0
0.0
0.0
0.00043534307954564767
0.0009135376381325926
0.0
0.0
0.0
0.0
0.002426892989118552
0.0
0.0008514934968731466
0.00420229543453201
0.0
0.0
0.0
0.0
0.0
0.0
0.0
0.0
0.0
0.0
0.000641535889431697
0.005030382795267366
0.0
0.0
0.004996265991352
0.0
0.0
0.0
0.004122726018579353
0.0
0.0
0.0
0.001095268960852948
-0.00040378306412043846
0.0008279196248929195
0.0004113092757328822
0.0
0.0
0.0
0.0
0.0
0.0
0.0
0.0006250990903322794
0.0
0.0008155648751114308
0.0
0.0
0.0
0.001292995183524069
0.0
0.0
0.0
0.004429138292248503
0.0
0.0
0.0
0.0
0.0
0.0013361193527244276
0.0
0.0009324104040675953
0.0
0.0
0.0006411397288565579
0.0
0.0
-0.0004315042742432881
0.0
0.0006413600076733553
0.0006331435970050959
0.0
0.0
0.0
0.0
0.0
0.0
0.0
0.0
0.0
0.0
0.0
0.0
0.0026441216852627273
0.0
0.0
0.0
0.0
0.0
0.0
0.0
0.0
0.0
0.0006157716501635676
0.0
0.00043532649543775905
-1.5224437261484194e-5
0.004824690111615414
0.0
0.0
0.0
0.0006371400898239315
0.0
0.0
0.0
0.002656935653573171
0.0
0.0
0.0
0.0009485294891186505
0.0
0.0
-0.0005583479061294287
0.0006451421483472112
0.0
0.0
0.0
0.0
0.0024095172428810025
0.0
0.0
0.0
0.005427046946966426
0.0
0.0
0.0016934768569957612
0.0
0.0
0.0
0.0007351883750321642
0.0
0.0
0.0008565826542201203
0.0
0.0
0.0
0.0003554944841822576
0.00025366854954664406
0.0
0.0
0.0
0.0
0.0
0.0
0.0
0.0
-0.000610306902958532
0.0
0.0
0.0009255456922758321
0.0
0.0009170380198530034
0.0
0.0
0.0
0.0
0.0
0.0
0.0010422229716260628
0.0006279931066059186
0.0
0.0
0.0
0.0
0.0
0.0
0.0
0.0
0.0
0.0
0.0010654826923075602
0.0
0.0
0.0
0.0009768696315927245
0.0005771091131999608
0.0051154117532494735
0.0006469605925610728
-1.5189952645234263e-5
0.0
0.0008178616683072144
0.0
0.0
0.0
0.0
0.0
0.0
0.0008529304688172196
0.0011634101810838215
0.0
0.0
0.0
0.0
0.00378661261624222
0.0
0.002955620152915699
0.0
0.0
0.0013840615371984051
0.0
0.000977283263294029
0.0006382989788062262
0.0
0.0
0.0
0.0
0.0
0.0010492131203074721
0.0
0.0
0.0
0.0010030036493881092
0.0
0.001000951595372546
0.0
0.0
0.0
0.0006365784103978673
0.004392348580484657
0.0
0.0008629108022902694
0.000714405540125711
0.001018927562408455
0.0
0.0
0.0
0.0
0.0
0.0
0.0
0.0
0.0
0.0
0.0
0.0006270833703930544
0.00027367029124860726
0.0
0.0
0.0008796071746806585
0.004591780548628989
0.0
0.0
0.0025999514968831103
0.0
0.005310451158937683
0.0006230267120123532
0.0
0.0
0.004654368071386627
0.00463250639414894
0.0
0.0
0.0
0.0
0.0
0.0009370711651027945
0.0
0.0
0.0
0.0
-0.0006307544214389547
0.0006310067228184325
0.0006339226172203417
0.00017813774546145998
0.0
0.0
0.0
-0.0005865085426443034
0.005085771634737491
0.0
0.0
0.0
0.0
0.0
0.0
0.003279082224714021
0.0
0.0
-0.0004893035002284368
0.0
0.0
0.0
0.0
0.0
0.0
0.0
0.0
0.0
0.0
0.0
0.0023649103793082944
0.0031314582851036323
0.0
0.0
0.0
0.0
0.0
0.0
0.0
0.0
0.0
0.0
0.0
0.0001643228025556483
0.0
0.0
0.00013516272088420726
0.0
0.0008432633300201536
0.0
0.0
0.0
0.0
0.0
0.0
0.0
0.0006548079221598133
0.00062350481194724
0.0
0.0
0.0013107321209355001
0.0
0.0
0.0
-5.9287668623782185e-5
0.0
0.0
0.000920998120805681
0.0
0.0006463273159177421
0.0008769641007020775
0.0006350870486142771
0.0
0.0038802655258631386
0.0
0.0
0.00102079462313237
0.0
0.0
0.0
0.0
0.0
0.0009482127739169525
0.0
0.0
0.0
0.0
0.0
0.0
0.0
0.00028350064276081973
0.0
0.0
0.0
0.0
0.0
0.0
0.0
0.0
0.0
0.0
-0.000726384216143431
0.0
0.000492879293804324
7.320485371100083e-5
0.0008253620531818248
0.0
0.0006678099437723441
0.0009032988488924107
0.0
0.0
0.0
0.0
0.0
0.0
0.0
0.0
0.0
0.0006194311004732252
0.0009512854988050381
0.0
0.0
0.0
0.0
0.0006385718200841449
0.0
0.0
0.0005526240213334802
0.0
0.0008548552117815867
-0.0005894438347721055
0.00306808648455483
0.0008473098164776541
0.0
0.0
0.0
0.0
0.0
0.0026010487318619884
0.0
0.0
0.0
-0.00033599124802326843
0.0
0.0005823341650912558
0.0
0.0011626058965280906
0.0
0.0
0.0
0.0
0.0
0.0012376392258802063
0.002053312302943782
0.0010259266337723557
0.0
0.0030090931401039072
0.0
0.0
0.0
0.0
0.001029189148032167
0.0
0.0
0.0
0.0
0.0
0.0
0.0
0.0
0.0
0.0
0.0
0.0
0.0
0.0
0.0
0.0
0.0008796264594195973
0.0
0.0008335666453677439
0.0
0.0
0.0
0.0
0.000982371216827254
0.0
0.0
0.0
0.0
0.0007016486365074269
0.0
0.0
0.0
0.0002835701086154421
0.0
0.0
0.0
0.0
0.0
0.00016802361648681174
0.0006344997894562713
0.0
0.0009704437775416862
0.0
0.0017458483124460932
0.0
0.0
0.0
0.0
0.0
0.0
0.000885529470859958
0.0
0.0
0.0
0.0
0.0008696559997147628
0.0
0.00010031055238587824
2.049611397958674e-6
0.0
0.0
0.0
0.0
0.0
0.0
0.0
0.0
0.0
0.0
0.0
0.0
0.0
0.0
0.0
0.0
0.0
0.0
0.0
0.0
0.0
0.0
0.0
0.0
0.0
0.0023002724632975318
0.0
0.0009073940669925643
0.0010973102315274168
0.0
0.0008774595362290405
0.00095352548916786
0.005004016642234089
0.0008739706234761949
0.0001213482011825388
0.0
0.0
0.0
0.0
-0.000529198087747772
0.00488683605491219
0.0
0.0
0.0
0.0
0.0
0.0
0.0
0.0
0.0013929846693804206
0.0
0.0
0.0
0.0
0.0
0.0
0.0
-0.0005140143559513557
8.582690541072534e-5
0.0
0.0
0.002142856722307011
0.0
0.0006306379115508023
0.0
0.0
0.0
0.0
7.636290133952449e-5
0.0
0.0
0.0
0.0031614159030670845
0.0
0.0
0.0
-0.001089059552132555
0.0
0.0
0.0008525452878156011
0.0
0.0
0.0
0.0
0.0006247447416396522
0.0
0.0
0.0006379522823044415
-0.00037190488584105654
0.004967430712397568
0.0
0.0
0.002707011853410689
0.0008122838828568755
0.0008603679499765928
0.0
-0.00037580936740025286
0.0
0.0
0.0
0.0
0.0
0.0
0.0
0.0
0.0
0.0006314344932710139
0.0006379385903067677
0.0
0.0008797639408683643
0.0
0.0
0.0009668970829416872
0.0007929475123767843
0.0
0.0006367375338773058
0.0
0.0008063056062276756
0.0
0.0
0.0
0.0006363671223406856
0.0
0.0
0.0
0.0
0.0
0.0
0.0
0.004096310703968932
0.0
0.0
0.0
0.0
0.0
0.0
-0.0006704078147429135
0.0
0.0
0.00540680120816405
0.0
0.0
0.0
0.001034945155036963
0.0
0.0007414229301094017
0.0
0.0
0.0
0.0
0.0
0.0
0.0
0.0
0.0
0.0
0.0
0.00013182044836818884
0.0
0.0
0.0025919294607860115
0.0
0.0
0.0
0.0
0.0
0.0
0.0
0.004095863431110606
0.0
0.0
0.00027713346654285767
0.0
0.0
0.0012643288506211901
0.0
0.0
0.0
0.0
-6.927581206562671e-5
0.0011902957128909486
0.0
0.0
0.0
0.0
0.0
0.0006308255446952136
0.0
0.0006603900143482133
0.001476641050127511
0.0
0.0
0.0
0.0
-0.00011331805067362793
-0.0003238874704852837
0.0
0.0
0.0029563713770663093
0.0
0.0
-0.00055348987478714
0.0017810863488396346
0.0
0.0
0.0
0.0
0.004632590849936059
0.0008123340214770772
0.0
0.0
0.0
0.0
0.0
0.0
0.0
0.00029734095010547666
0.0
0.0
0.0
0.0
0.0023256182392523855
0.0
0.0
0.000923923244454349
0.0036896676665686434
0.0
0.0
0.0010041581849105593
-0.0011391972559162398
0.0021806578991550806
0.0005955142207659099
0.0
0.0
0.0
0.0
0.0
0.0010245867918717104
0.001087680577330828
0.0
0.0
0.0009940055349912445
0.0
0.0
0.0
0.0008892391877142584
0.0
0.0
0.0
0.0
0.000902207637379544
0.0
0.0
0.0
0.0
0.0
0.0
0.0
0.003417528317372999
0.0
0.00027853503669114817
0.0
0.0
0.0
0.0
0.0017104842824565223
0.0008343436022020848
0.0
0.0
0.0
0.0
0.002539455533663699
0.0
0.0009436644933892906
0.0
0.0010134052347390247
0.0
0.0
0.0
0.0
0.0
0.0
0.0010413659455174493
0.0
0.0
0.0008859592643237274
0.0007358900258075324
0.0
0.0
0.0
0.0
0.0
0.0028712966137091926
0.0
0.0
0.0
0.0
0.0
0.0006146761598552724
0.0
0.00011884676337777411
0.0
0.002807479429416109
0.0
0.0
0.0006278915366347015
0.0
0.0
0.0008481405979248365
0.0
0.000896955274442389
0.0004912593787477459
0.0015638912839440005
0.0
0.0
0.0
0.0009377637867359049
0.0007650414506083937
0.0
0.0008480765332576411
0.0
0.0
0.0
0.0
0.0
-0.00023853496320058593
0.0
0.0
0.0006217587847197113
0.0003686339993102918
0.0008619575884460366
0.0
-0.0005251615399744535
0.0
0.0
0.0
0.0
0.0
0.0
0.0
0.0
0.0
0.0
0.0
0.0
0.0008733251636045063
0.004329831138009049
0.0
0.0
0.0
0.0
0.0008637350590108726
0.0
0.0008975227508073403
0.0
0.0
0.0
0.0008792572811160379
0.0
0.0
0.0
0.0
0.0004796175280939387
0.0008384101340245967
0.0
0.0
0.0
0.0
0.0
0.0
0.0
0.0008396026987281978
0.0
0.0
0.0
-0.0012041166614951433
0.0
0.0
0.0
0.0009295238756449393
0.0
0.0
0.0
0.0008831248829650932
0.0
0.002818543344706043
0.0
0.0009412208117596563
0.0
0.000969705884166469
0.0
0.0
0.0
0.006328532143160271
0.0
0.0
0.0
0.0026180615189978673
0.0
0.0
0.0
0.0
0.0
0.0009177648661090932
0.0
-0.00048446373293519406
0.0
0.0
0.0
0.0
0.0
0.0
0.004983410527372598
-0.00041439336446280736
0.0
0.004169137937569124
0.0
0.0
0.0017624155367284174
0.0
0.0
0.0014174579687042217
0.0
0.0
0.0
0.0
0.0
0.0
0.0
0.0007455524469515534
0.0006391549113749168
0.0
0.0
0.0010513011294116402
0.0006326733063367837
0.0
0.0008799223600227988
0.0
0.0006310431867600051
0.0
-0.0002658936844944303
0.0
0.0
0.004657425214057412
0.0
0.0
0.0
0.0
0.0
0.0
0.0
0.00095838739171309
0.0
0.0008983742377184673
0.004868762782113419
0.0
0.0
0.0
0.0
0.0
0.0
0.0
0.0009338468739216925
0.0
0.0023345164148857282
0.0
0.0
0.0018264786669018674
0.0014802011940382102
0.0
0.0
-0.0003721611630960264
0.0010975174265515297
0.0
0.0
0.0
0.0
0.0
0.0
0.0
0.0
0.0033994300687183072
0.0010874834219283082
0.0
-0.0005928715768362785
0.0
0.0
0.0009593818687025559
0.0
0.0008554678554013884
0.0
0.0
0.0
0.0019464467550183988
0.0
0.0
0.0
0.0
0.0006384298966148857
0.0
0.0
0.0
0.0
0.0
0.0
0.0
0.0
-0.0005025127576720064
0.0
0.0
0.0
0.0
0.0
0.0
0.0
0.0
0.0
0.0006392701553857355
0.0
0.0
0.0
0.0
0.0
0.0002773865380875381
0.0
0.0
0.0
0.0008867545795092837
0.0
0.0009436623494534885
0.0
0.0
0.0
0.002455160068581926
0.0008512108932990759
0.0030435626321302076
0.0
0.0
0.0
0.0
0.0009069884473685819
0.0
0.0
0.0
0.0008860069698156433
0.0037858414369054136
0.0
0.0
0.0
0.002591447470539459
0.0
0.0
0.0
0.0
0.0
0.0
0.0006287285038030861
0.0005102221935650493
0.0
0.0
0.0008043705270815143
0.0
-0.0002227006489886961
0.0
0.0
0.0
0.0
0.0020979976627180145
0.0006781157368085116
0.001451749460319637
0.0
0.0
0.0
0.0006315184536397507
0.0
1.862154118096757e-6
0.0
0.0042968661436809325
0.0
0.0
0.0
0.0
0.0
0.0
0.0028982835980309127
0.0028049228845044593
0.0
0.0
0.0
0.0
0.0
0.0
0.0
0.0009228717048961525
0.0
0.0
0.0
0.0
0.0
0.0
0.0
0.001943565824840049
0.0
0.0
0.0
0.0
0.005708652861791728
0.0
0.0003458982459007898
-0.00022125672822207763
0.0
0.0
0.0
0.0
0.0004437290586950885
0.0
0.0003121840886759122
0.0009716235841478429
0.0
0.0
0.0
0.0
0.0
-0.00035479255656370104
0.0
0.0
0.0
0.0008187721630902141
0.0
0.0
0.0
0.0
0.0003935426086052161
0.0
0.0
0.0
-7.415249139077593e-5
0.0009786553468292658
0.0
0.004581791656460406
0.0
0.0
0.0
0.0009481268286419869
0.0
0.0
0.0
0.00460989216402449
0.00250954925324957
0.0007705594832547461
0.000622788869748518
0.0
0.00355747440520644
0.0
0.0
0.0
0.0
0.0
0.0
0.0
0.0
0.0
0.0
0.0010623845430221507
0.0
0.0
0.0008322198940706467
0.0
0.0
0.0
0.0
0.0
0.0
0.0
0.0
0.0
0.0007984412215974415
0.0
0.0006638911309430079
0.0
0.005188408913377986
0.0
0.0
0.0
0.0010399268408640245
0.0
0.0008391726556388733
0.0017010400956545598
0.0
0.0
0.0
0.0
0.0015385647551829948
0.0008135626466181733
0.0
0.0
0.0008513639548162221
0.0
0.0
0.0
0.0010899783449875352
0.0
0.0004275699521054145
0.002952757416300793
0.0
0.0008421340484023276
0.0005319126759018278
0.0
0.0004963008958227647
0.0
0.0
0.0006346135942094578
0.0
0.0
0.0
0.0
0.0
0.0006308553307966467
0.0
0.0
0.0
0.0
0.0
0.0
0.0
0.0
0.0
0.0006475828882098649
0.0
0.0006411694594581447
0.0
0.003034099569148928
0.0
0.0
6.586104409646697e-5
0.0
0.0
0.000834526348854207
0.0
0.0
0.0
0.0
0.0
0.0
0.0
0.0
0.0
0.0
0.0
0.0
0.0
0.00013335762279242353
0.0
0.0
0.00010582929341604223
0.0
0.0006318059738178682
0.0023273866263033294
0.0
0.0
0.0
0.0004409464062291266
0.0
0.0
0.0
-0.0003310026420483755
0.0006332100560011006
0.0035653460068729476
0.0
0.001856680021343795
-0.0006466329416005963
0.0
0.0008591488085477057
0.0
-0.0005817181759991331
0.0008925086703684967
0.0
0.0
0.0
0.0006274130950339429
0.0
0.0
0.004935436654869046
-0.0006329469072859765
0.0
0.0
0.0
0.00021770901086940074
0.0
0.0
0.0
0.0
-0.000600078558672751
0.0
0.0
0.0
0.00021446150813511153
-2.8037272393143722e-5
0.0011237682626849335
0.0
0.0
0.00012116558123515313
0.0
0.0
0.0
0.0
0.0
0.0
0.0
0.000858520504443932
0.0
0.0
-6.715509316281698e-5
0.0
0.0
0.0
0.0
0.003722153096418652
0.0
0.0009971691928925151
0.0
0.0
0.0
0.00012741761191346773
0.0
0.0
0.0008926437210468713
0.0
0.0006266360343614749
0.0
0.0011700785758223574
0.0
0.0
0.0
0.0
0.0008925557682867123
0.0
0.0
0.0
0.0
0.002456701015045519
0.001090372587905314
0.00039927011534661243
0.0008227030136476411
0.0
0.0
0.0
0.0
0.0
0.0
0.000984306376042569
0.0
0.0
0.0
0.0041520451170339425
0.0
0.0
0.0
0.0
0.0
0.0
0.0
0.0
0.002159105145786494
0.0
0.0
0.0
0.0
0.0006255310455146785
0.0
0.0
0.0
0.0
0.0
0.0006390741552807298
-2.9750454402658924e-5
0.0
0.0
0.0
0.0015367163110429774
0.001870951875873843
0.0
0.0016725194788652666
0.0
0.0008354892532822278
0.0008295482266240543
0.000252511246993273
0.0
0.0002364137490495138
0.0
0.0006429727842838867
0.0
0.0
0.0018071408327522173
0.0009692758952260648
0.004446097220319224
0.0
0.0
0.0
0.0
0.0
0.0
0.0
0.0022390697021615054
0.0
0.0
0.0
0.0
0.0005242988780206875
0.0
0.0
0.005090761137048836
0.0
0.0
-3.562784075656371e-5
0.0
0.0
0.0
0.0033123865650112314
0.0
0.0006498001217216941
0.0
0.0009950550665371114
0.0008374597177872263
0.0
0.002684748639797605
0.0
0.0006957101491093313
0.0
0.0
0.0
0.0
0.0
0.0
0.0
0.0
0.0
0.0
0.0
0.0
0.0
0.0
0.0
0.0
0.0035919326435736205
0.0
0.0006018845748707125
0.0
0.0
0.0
0.0
0.0
0.0
0.0
0.0
0.0
0.0
0.0
0.0009293789565580954
0.0
0.0
-0.0015369217998978636
0.0
0.0040850848854255125
0.0
0.0
0.0
0.0005942523471422121
0.0
0.0
0.005785662470681376
0.0
0.0
0.0
0.0
0.0
0.0009688574095166397
0.0
0.0
0.0
0.0
0.0
0.0002438998111839118
0.0
0.0
0.0
0.0
0.0033398809713922136
0.0
0.0
0.00012482423833615634
0.0
0.0005400472085803357
0.0
0.0
0.0
0.005219649800865919
0.0
0.0
0.0
0.0
0.0
0.000942696681720667
0.0
0.002939533643259045
0.0
0.0
0.0
0.0
0.0
0.0
0.0
0.0
0.0
0.0
0.0
0.0
0.0033728476339894018
0.0
0.0
0.0
0.0
-0.00036881708584664784
-0.0002510107554258917
0.0006393366176137859
0.0
0.0
0.0020229566287853656
0.0008309139343996489
0.0
0.0
0.0
0.0
0.0
0.0025341234775362095
0.0005809111013046093
0.0
0.0
0.0
0.0
0.0
0.000702845171864371
0.0
0.0
0.0
0.0
0.0
0.0
0.0
0.0
0.0
0.0
0.0013519405455072028
0.0
0.0
0.0
-0.0005318451531621938
0.0
0.00013408343185668348
-0.0006088227197784726
0.0
0.0
0.0
-0.0003328149364432088
0.0
0.0
0.0
0.0
0.0009099533367826571
0.0
0.0
0.0
0.0009581026229077689
0.0
0.0015111562495782542
0.0
0.002662268009045772
0.0
-0.0007536299607826256
0.0
0.0
0.0
0.0
0.0
-0.00010736562690534601
0.0
0.0014503112924287263
-0.0006031719530593185
0.0
0.0
0.0
0.0
0.0
0.0
0.0
0.0
0.0006091265485885611
0.0
-0.0003051053519081172
0.0
0.0
0.0013137347320989951
0.0
0.0
0.0
0.0008495118130529775
0.0
0.0
-0.0006084778011884508
0.0
0.0009143931473910673
0.0
0.0
-0.0003297724360826987
0.00016228270313204293
0.0
0.0028382095634887595
0.0
0.0
0.0
0.0
0.0
0.0006294001421579372
0.0
0.0
0.0030827497870739413
0.0
0.0
0.0
0.0
0.0
-0.0012171187629595348
0.0009074995805137355
0.0
0.0
0.0
0.0012984092848460557
0.0008485175453038095
0.0
0.0
0.0
0.0
0.0
0.0
0.0
0.002995726950958904
0.0006300984521705758
0.0
0.0
0.005668043273067849
0.0008225488398257002
0.0009094162626849576
0.0
0.0
0.0
0.0008061529021812169
0.0
0.0009496194684131114
0.00025232441187516966
0.0006264926527287386
0.00016275669402577848
0.0006372895274768743
0.002990630659653502
0.0
0.0
0.0
-0.00012655217086549137
0.0
0.0
0.0
0.0006409899783737237
0.0007789522211483522
0.0013153321894905316
0.0
0.0
5.899231761818449e-6
0.0
0.0
0.003901428206254905
0.0005562420221343422
0.0
0.0
0.0
-0.0013426316813080759
0.0
0.0026326963658206376
0.0
-0.0002134822112828919
0.0
0.0
0.0
0.0
8.461344950833122e-5
0.0
0.0
0.0
0.0047948006823808524
0.0
0.0
0.0
0.0
0.0
0.0
0.006018721541344726
0.0
0.0
0.0
0.0
0.0006260033959955426
0.0
0.0
0.0022116678990573894
0.0
0.0
0.0
0.004251068609382082
0.0
0.0
0.0
0.0
0.0
