0.0
0.0
0.0
0.0
0.0
0.0
0.0
0.0
0.0
0.0
0.0
0.0
0.0
0.0018302373889455925
0.002218559831823447
0.0
0.0
0.0
0.0
0.0
0.0
0.0
0.002091661914780435
0.0
0.0
0.0008227588430331945
0.0008341454984138563
0.0
0.0
0.0006365284641914052
0.001163067454748675
0.0
0.0
0.0016782793708160645
0.0
0.0
0.0016111176151068602
0.0
0.0
0.0
0.0
0.0
0.0
0.0
0.0008166757312439409
0.0008787607266790931
0.0
0.0003931562958249979
0.0
0.0
0.0
0.000292149470496396
0.0
0.0
0.0
0.0
0.0009405223033711024
0.0
0.0
0.0
0.0
0.0
0.0
-0.0001083887554769617
0.0
0.0
-0.0003519959500999757
0.0
0.0
0.0007087283035752211
0.0
0.0
0.0
0.0
0.0
0.0
0.0
-4.835949005395463e-6
0.0
0.000801735419202966
0.0
0.0
0.0
0.0008461899151481175
0.004700541119749053
0.0
0.0
0.0
0.0006359627956115006
0.0008621344673499537
0.0
0.0006351548500005843
0.0
0.0
0.0
0.0
0.0
0.0
0.0
0.0
0.0009246408528107546
0.0
0.0
0.0
0.0
0.0018890038517849733
0.0
0.0
0.0
0.0
0.0
0.0
0.0
0.002444772795516191
0.0
0.0
0.0
0.0038751751953687045
0.0006506346816499627
0.0004636049908996095
0.003242302959893487
0.0
0.0
0.00039055020302284445
0.0
0.0
0.002083523601132289
0.00261462267221301
-0.00017094278418933325
0.0
0.0
0.0
0.0
0.0
0.0
0.0024173892204085684
0.0
0.0
0.0
0.0
0.0
0.0
0.0
0.0006450053670297248
0.0
-0.0006444098921292744
0.0
0.0
0.0
0.0
0.0006467276272101774
-0.0002632336070959306
0.002127229291718186
0.0
0.0
0.0
0.0008867868772936918
0.0
0.0
0.0
0.0
0.0
0.0010432912319934572
0.0
0.0
0.0
0.0
0.0
0.000826877502600431
0.0
0.0
0.002255977933634404
0.0
0.0
0.0
0.0
0.0
0.0
0.0
0.0
0.0008602078995920647
0.0
0.0
0.0009122964149986461
-0.0003901742541384646
0.0
0.0
0.0006402065650669039
0.0004280498597489885
0.005128594463486465
0.0
0.0006487309174288194
0.0
0.0
0.0016578999738865174
0.0006382379417865034
-5.72179245682677e-5
0.0009653335403522191
0.0030434098467845374
0.0
0.00253455771057947
0.0
0.0
0.0018350957038737992
0.001547191757149854
0.0
0.0
0.0
0.0
0.0
0.0
0.0
0.0
0.0
0.0
0.0
0.0
0.0
-6.616417473676633e-5
-0.0005298669660432334
0.001788907126886237
0.0
0.0
0.0009554911015960473
0.0018433376483631548
0.0
0.0
0.0009766131968308297
0.0
0.0
0.0
0.0
0.0010496359112564275
0.0
0.0
0.0
0.0006981139171614078
0.0009186404152762225
0.0006411737902627841
0.0
0.0006509940027208686
0.0
0.0
0.0
-0.00034836339218213315
0.004965509006594911
4.698707518762318e-5
-0.001498528494490061
0.0006485665949670763
0.0
0.0
0.0
0.0
0.0
0.0
0.0008374444518721812
0.0
0.0008142579748766603
0.0
0.00184999193268972
0.0
0.0009670572240851453
0.0
0.0
0.0009492340556471147
0.0
0.0
0.0
0.0
0.0
0.0
0.0
0.0
0.0002011939757731455
0.0
0.0008884328930015773
0.0
0.0
0.0
0.0
0.0
0.0
0.0
0.0
0.000854547638649728
0.0008169822758979695
0.0
0.0
0.00039637257312616624
0.0009113410352483612
4.8498732667346364e-5
0.0
0.001800432916687635
0.0
0.0008910868847406066
0.0
0.0
0.0
0.0
0.0005576192011193512
0.0
0.0
0.0
0.0
-0.00013740577175745759
0.0
0.0
0.0
0.0
0.0
0.0018166663068189108
0.0
0.0
0.0002940779182912008
0.0
0.0
0.0006458439540235378
0.0
0.005136769106888618
0.0
0.0
0.0006456291167926147
0.0008214070930709022
0.0
0.0007884690952978135
0.00021961121916359673
0.0
0.0
0.0
0.0
0.0
0.0
0.0
0.0
0.0011069268407086009
0.001007489414124063
0.0009122886039329381
0.0
0.0
0.0
0.0
0.0
0.0
0.0
0.0025969342024282195
0.005692108907716031
0.0
-0.00017992925387665015
0.0
0.0
0.0
0.0
0.0007485221925806822
0.0
0.0
0.0
0.0
0.0
0.0
0.0011625310951940712
0.0
0.0009212969466966943
0.0
0.0
0.0014081289280464902
0.0
0.0
0.0007613062397492602
0.0008880556524426691
0.0
0.0
0.0
0.0
0.0
0.0
0.0
0.0
0.0
0.0
0.0
0.0
0.0
0.0
0.0
0.0
0.0
0.0035290279337457896
0.0
0.0
0.0
0.0007984646324370913
0.0010212058457586173
0.0
0.0
0.0
0.0
0.0
0.0
0.0
0.0
0.0
0.0
0.0
0.0009877242017043788
0.002246243629364243
0.0
0.0
0.0
0.0
0.0
0.0057113154801669355
3.06652861038668e-5
0.0008924210632566841
0.0
-0.0006502431337760256
0.0009136146332839938
0.0011400897275801304
-0.00040815668243788595
0.0009890970295955727
0.00019277686323189007
0.0
0.0008201215763921647
0.00032672709383400986
0.000818875254625287
0.0
0.0
0.0
0.0
0.0006468683403031624
0.0
0.0
0.0
0.0
0.0
0.0
0.005823493362613931
0.0026837739795795
0.004587862007096591
0.0
0.0
0.0
0.0
0.0
0.0
0.0
0.0
0.0008585415656673286
0.0
0.0
0.0
0.0
0.0009368044623945082
0.0
0.0
0.0006423710475275635
0.0
-0.0012619190804707763
0.0
0.0
0.00019074776501810015
0.0
0.0
0.0
0.0006420597293766839
0.0
0.0
0.0
0.0
0.0
0.0
0.0
0.0
0.0
0.00129178821824402
0.0
0.006123683325277629
0.0
0.0
0.0
0.0
0.0
0.0
0.0
0.0
0.0004117763336148627
0.0
0.0011018824129725687
0.0
0.0
0.0
0.0
0.0
0.0
-0.0006504231542364615
0.0
0.0
0.0
0.0
0.0
0.0008674170852044037
0.0
0.0009433187480249012
0.0
0.0006439249693806077
0.0004953393289737478
0.0
0.0
0.0
0.0
0.0
0.0
0.0
0.001778821221043239
0.0
0.0
0.0
0.002702656363338944
0.0
0.0
0.0
0.0
0.0
0.0
0.0
-0.000987300201075864
0.0
0.0
0.0
0.0009978845843046668
0.0
0.0
0.0
0.0
0.0
0.0
0.0
0.0
0.0
0.0
0.0
0.0
0.0
0.0
0.0
0.0
0.0
0.0
0.0008852669346865893
0.0
0.0
0.0
0.0
0.0
0.0
0.0
0.0
0.0
0.0007899519529044
-0.0017094768519336464
0.0
-0.0010413649900612796
0.00552280417320093
0.000995434189029996
0.0
0.0009840550847804517
0.0
0.0018280882258179699
0.0
-0.0013527441291498708
0.0
0.0
0.0
0.0006773969186906104
0.0006444920327512787
-0.0006361015428336507
0.0
0.0
0.0
0.0
0.0
0.0
0.0009567694139742719
0.0
0.0
0.0
0.0
0.0
0.0
0.0009039872564907979
0.0
0.0
0.0
0.0
0.0
0.002751487171770104
0.0009089915845602026
0.0
0.0007706950916718316
0.0
0.0006670900489462558
0.0
0.0
0.0
0.0
0.0
0.0
0.0
0.0
0.0
0.0
0.0
0.0006378693657669557
0.0
0.0
0.0
0.0
0.0
0.00021433717023003777
0.0
0.0
0.0
0.0
0.0
0.0
0.0
0.0
0.0
0.003073259862093812
0.0036876197442631616
0.0
0.000633356378159586
0.002883988496823158
0.0
0.0
0.0
0.003609110051421558
0.0028436650097553215
0.0
0.0
0.0
0.0
0.0
0.0009556038966072891
0.0
0.0
0.0045249244330152405
0.0
0.0
0.0
0.0006331744588519276
0.002828558823754055
0.0027113197203465825
0.0
0.0006526606945255256
0.0
0.0
0.0
0.0
0.0
0.0
0.0
0.0
0.0
0.0
0.0
0.0
0.0
0.00027839867466735254
0.0008033269603648775
0.0
0.000811523616497637
0.0
0.0
9.210122479365688e-5
0.0
0.0
0.0012925902642426865
0.0
0.0
0.0
0.0
0.0
0.0
0.0
0.0
0.0
0.0023012399812638957
0.0
0.0
0.0
0.0
0.0
0.0
0.0
0.0
0.0
0.0
0.0
0.003599406250623739
0.0008840118511896515
0.0
0.0009545709644603787
0.0
0.0001044800874947991
0.0003863353928082513
-2.384974673012056e-5
0.0008255069310970439
0.000827094927592413
0.0
0.0
-3.822453676429313e-5
0.0
0.0
0.0
0.0
0.0
0.0
0.0
0.0
0.0008706083783696356
0.0
0.0
0.0
0.0012881555536015522
0.0001916453241730112
-0.00014515072376364288
0.0
0.0
0.0009876245624062697
0.0
0.0
0.0
0.0
0.0
0.0
0.0
0.0006396203341071414
0.0003071635737855495
0.0
0.0008196851420567381
0.0
0.0
0.0
0.0
0.0007296490961259343
0.0
0.0
0.0005602443727481543
0.0003984618771373825
0.0
0.0
0.0006610983126776668
0.0008616784036982377
8.09553595647394e-5
0.0
0.0
0.001024501392683881
0.0
0.0
0.0
0.0
0.000798707328335466
0.00028693291403297084
0.0
0.0
0.0
0.0
0.0
-0.00014814202128566375
0.0
0.0
0.0
0.0
-3.714868390773953e-5
0.0
0.0008600024826547335
0.0
0.0
-0.000872829225057668
0.0
0.003245917024176762
0.0
0.0
0.003949802328779524
0.0
0.0
0.0010515921976295257
0.0
0.0
-0.0009045162519592442
0.0
0.0
0.0
0.0
0.0
0.0009157307299274904
0.0
0.0
0.0006526392801313522
0.0
0.0
0.0
0.0
0.0
0.0
0.0
0.002153951101259988
0.0
0.001669860795677218
0.0006495353013050657
0.0
0.0
0.0
0.0008730962436989814
0.0
0.0
0.0
0.0005390810221586257
0.0
0.0
0.0
0.0
0.0
0.0
0.0
0.0
0.0
0.0
0.0
0.0
0.0006360765254865299
0.0
0.0
0.0009748114791110612
-0.0008383567038800346
0.0
0.00025142743108072453
0.0008685165368797515
0.0
0.0008652926540810621
0.0
0.0
0.0
0.0004560853180798684
0.002219417636444827
0.00018118775744904307
0.0005591125525726641
0.002495042254376969
0.0
0.0
0.0
0.0
0.0
0.0
0.0
0.0
0.0009467953365747881
0.0
0.0
0.0
0.0
0.0
0.0
0.002239198815143446
0.000751519302855722
0.0
0.0008704273554559211
0.0
0.0
0.0
-0.0013124665347387186
0.0
0.0008802863382930505
0.0006197801601913564
0.0
0.0
0.0006342576250918886
0.0
0.0
0.0
0.002095209583918932
0.0
0.0
0.0
0.0
0.0
0.0
0.0
0.0006077836360520876
0.0
0.0
0.0
0.0
0.001270388456001086
0.004819095170121533
0.0026876801217370822
-0.0010921676386199573
0.0
0.001483619908947125
0.0
6.270019987563168e-5
0.0007760065498321351
0.0010113365031778037
0.0
0.0
0.00086075400554457
0.0
0.0
0.0
0.0
0.0
0.0
0.0
0.005404003279717371
0.002638791611448985
0.0
-3.5320756832503536e-5
0.0
0.0
0.0
0.004669045747729096
0.0
0.0
0.0
0.0
0.00035301777397929554
-0.001342429055081717
0.0
0.0009252123718065969
0.0007974244468622862
0.0
0.0
0.004478596730598552
0.0
0.0
0.0
0.0
0.0
0.0
0.0
0.0008485455650623222
0.0
0.0008980946584880347
0.0
0.005088635563356229
0.0
0.0
0.0
0.0
0.0
0.0
0.0009207786829131279
0.0
0.0
0.0
0.00132372794755498
0.0
0.0
0.0
0.0
0.00085857103731779
0.0
0.00031000312486563134
0.0005942941745475916
0.0
0.0
0.0
0.0
0.0
0.0004628402626343786
0.0
0.0
0.0
0.0
0.0
0.0
0.0031638249928898983
0.0
0.0
0.0021797742684955008
0.0
0.0009497600651275093
0.0009645351504930993
0.000897373369387564
0.0
0.0
0.0006568779317577931
0.0
0.0
0.0
-9.562538057520814e-6
0.0
3.6191793971445786e-5
0.0008258173750485922
0.0006504916587669364
0.0007712760017792316
0.0
0.0
0.0009990319988050212
0.0
0.0
0.0
0.0
0.0
0.0
0.0
0.0
0.0008812688191641365
0.0008039104466905722
0.0
0.0
0.0
0.0006324075636570294
0.0
0.0005732106498551149
0.0
0.0008206454225736855
0.0
0.0006707012356342145
0.0
0.0
0.0
0.0
0.0
0.0
0.000629903931423805
0.0018951075901771114
0.0
0.0006438724784432239
0.004225077239634926
0.0
0.0
0.0
0.0
0.0
0.0
0.0
0.0
0.0016425810293169696
0.0
0.0
0.0
0.0
0.0
0.0
0.0
0.0
0.0
0.0
0.0
0.0
0.0008794208724472216
0.0
0.0
0.0009152502782632769
0.0
0.0006427750775130879
0.0
0.000980365290050019
0.0
0.0016428791185733262
0.0
0.000660949352893674
0.0
0.0
0.0005617105898051841
0.0
0.0
0.000906656414173235
0.0007168736896939029
0.0025043462958754563
0.0
0.0
0.0006313219159103801
0.0
0.0
0.0
0.0
0.0009262253394690334
0.0
0.0
0.0
0.0
0.0
0.0
0.0
0.0
0.0
0.0
0.0012643872452054144
0.0
0.0
0.0
0.0
0.0037918934701069444
0.0
0.0010068700262155965
0.0
0.0
0.0
0.0017831270471964538
0.0
0.0
0.0
0.001766008472152251
0.0
0.0
0.0
0.0
0.0006471768737019048
0.0
0.0024513102272363824
0.00563759626886396
0.0
0.0
0.0
0.000851235825008896
0.0006372199901347997
0.0
0.0
0.0
0.0008689209230672674
0.0018664809099383489
0.000857508674494832
0.0
0.00029221945522380573
0.0
0.0
0.0
0.0
0.0
0.0
0.0
0.0031598491756191704
0.0
0.004385746403944742
0.0
0.0
0.004654735915579522
0.0
0.0
0.0
0.004518540465086305
0.0
0.0
0.0
0.0
0.0
0.0
0.0006399852951292366
0.0
0.0
0.0
0.0
0.0
0.00029816957223744453
0.0
0.0
0.0
0.0
0.0
0.0
-0.0011184138453314508
0.0009125826621282284
0.0
0.0009990323589935681
-0.0006977368297992359
0.0
-0.00013945471757899098
0.0
0.0
0.0
0.0
0.0009431511182058832
0.0
0.0010083351302035215
0.0008938907698951683
0.0009041375868605976
0.0
0.000986367001071304
0.0
0.0
0.0
0.0015080649675320514
0.0
0.0
0.0
0.0
0.0
0.0
0.002811176935930803
0.0
0.0
0.0
0.0
0.0
0.0006250495856029274
0.0
0.0
0.0
0.0
0.0
0.0
0.004157700359271788
-1.2383335660512248e-5
0.0
0.0011803655444782755
0.0005762336363655691
0.0
0.0009527833833732912
0.0
0.0
0.0
6.719819547933907e-5
0.0019184457965342933
0.0
0.0
0.0
0.0
0.0
0.0
0.0
0.0
0.0
0.0
0.0
0.0
0.0
0.0008806778488623051
0.0
0.0
0.0
0.0
0.0
0.0006391177955252618
0.0
0.0
0.0
0.0006459148043516358
0.0
0.0
0.0
0.0
0.00344541237847817
0.0
0.000803655861744335
0.0
0.0
0.0006443020146401452
-0.0002174986605886722
0.0
0.0
0.0009344210036062146
0.0
0.0
0.0
0.0024464078135664753
0.0
0.0
0.0008904327669781167
0.0006527021430501079
0.0
0.002558572922691226
-0.00043422512350226587
0.0
0.0
0.0
0.0
0.0
0.00024898782267168625
0.0011685101947029554
0.0
0.0008614188172024317
0.0007884465757756812
0.0006459571335912555
0.0
0.0
0.0
0.0
0.0
0.0006477167121433365
0.0
0.0
0.0
0.0
0.0
0.0
0.0
0.0
0.0
0.0
0.0
0.0
0.0
0.0008757768421185929
0.0
0.0
0.00020436957099780701
0.0
0.0
0.0009007612526441196
-2.918661989747021e-5
0.0
0.0
0.0
0.0
0.0
0.0
0.0006279166621270085
0.0
0.0
0.0009323568162155015
-0.00041194458467647143
0.0
0.0
0.0
0.0
0.0019180440292030222
-0.0004638720774054593
0.0
0.0
0.0
0.0
0.0
0.0
0.0
0.0
0.0
0.0008399720192029886
0.0
0.0
0.0
0.0
0.0
0.0
0.0
0.0
0.000844782844634458
0.0
0.0
0.0
0.0
0.0
0.0
0.0
0.0
0.003171034941963342
0.0
0.0
0.005697618072796305
0.0
0.0
0.0
0.0
0.0
0.0007907471043259585
0.0
0.0
0.0
0.0
0.0
0.001084334987603576
0.0
0.0
0.0
0.0
0.0
0.0
0.0
0.0
0.0
0.0
0.00036966335406787496
0.0
0.0
0.0028846341962491372
1.0354688245846276e-5
-0.00041865388504738895
0.0009691056340020584
0.0
-0.0005942372794940306
0.0024046791993982885
0.0
0.0
0.0
0.000822623111445478
0.0
0.0
0.0
0.0
0.0
0.003495339548950125
0.0009671225936310107
-0.0005827431625660612
0.0
-0.0003833604661348039
0.0
0.0
0.0
0.0006314829750477521
0.0
0.0
0.0008697927322810603
0.0
0.0
0.0009339862927287201
0.0
0.0
0.0
0.0
-0.00024038755043760083
0.0
0.0
0.0
0.0
0.0
0.0
0.0
-0.00021697771388990198
0.0
0.0045081008036104465
0.0007574611869902552
0.0009370419665303693
0.0
0.0
0.0
0.0
0.0
0.0
0.0
0.0
0.0
0.0
0.0
0.0
0.0
0.0
0.0008495301830310104
0.0006399886606517735
0.0
0.0
0.0006270495979567104
0.0
0.0047694378658278275
0.0
0.0
0.0
0.0
0.0
0.0
0.0
0.0
0.0006587444089084954
0.0
0.0
0.0
0.0
0.0009891837153361812
0.0
0.0
0.0
0.0
0.0
0.0
0.0
0.0008573751609207132
0.0
0.0008166563094298029
0.0
0.0
0.0
0.0
0.0
0.0010370987751933832
0.0
0.0
0.0
0.0
0.0
0.0
0.0006535964381373113
0.0009278517583134077
0.0006431059375198061
0.0
0.0
0.004636959259109095
0.0
0.0
0.0
0.0
0.0007209097291513965
0.0
0.0
-0.0003884345322900498
0.0
0.0
0.0
0.0
0.0
0.0
0.0
0.0
0.0
0.0
0.0
0.0
0.0
0.0
0.000652265371251999
0.0005431403720735388
0.0
0.0
0.0
0.0006386696728405021
0.0
0.0
0.0
0.0
0.0
0.0
0.0006470820180541325
0.0
0.0
0.0
0.0
0.0
0.0
0.0
0.0
0.0
0.0
0.0
0.0
0.0
0.0
0.0
0.00037087528330784957
0.0
0.0005591920863937202
0.0
0.0
0.0
0.0
0.0
0.0009442612680411826
0.0
-0.00021381070009840548
0.0
0.0
-0.0003727125035784243
0.0
0.0006467670328569168
0.0
0.004721110264910535
0.0
0.0
0.0
0.0
0.004069558268289175
0.0
0.0
0.0
0.0
0.0
0.0
0.0009875998697094555
0.0005372685039917219
0.0
-0.0013208616709362284
0.001142840948233113
0.000644997617070197
0.0
0.0
0.0
0.0
0.0031431607833533105
0.0
0.0
0.0
0.0
0.0006464608786908623
0.0
0.0
0.0
0.0
0.0005885305926346099
0.0
0.0
0.0010591907185059457
0.0
0.0
0.0
0.0
0.0
0.0
0.0008763894837778327
0.0
0.0
0.0
0.0
0.0
0.0
0.0
0.0
0.0011814105968971117
0.0
-0.001438066518202319
-0.00017811614149440395
0.0
0.0006612631973553797
0.0021845719550099606
0.0
0.0
0.0027663083924298034
0.0002323193914883413
0.0
0.0007932189925826837
0.0
0.0
0.005931781255269312
0.0
0.0
0.0
0.0
0.0
0.0
0.0
0.0014615424464848826
0.0
0.0
0.0
0.0
0.0
0.0
0.0
0.0
0.0
0.0
0.001503856488067075
0.0016095501052305868
0.0
0.0
0.0
0.0
0.0
0.0
-0.00043666897413530587
0.0
0.0
0.0
0.0
0.0
0.0
0.0
0.0006374414356642109
0.0009598760985341064
0.0
0.0
0.0
0.0
0.0
0.0
0.0
0.0
0.0
0.0
0.0
0.0
0.0
0.0006304002555033689
0.0
0.0
0.0
0.0
0.0
0.003451595252954144
0.0
0.0
0.0
0.0
0.0
0.0
0.0
0.0003178079295204851
0.0
0.0
0.0009038442738612988
0.0
0.0
0.0
0.0
0.0
0.0
0.0
0.0
0.0
0.0
0.0
0.0
0.0
0.0
0.0
0.0
0.0
0.0
0.0
0.0
0.003205820418154927
0.0
0.0
0.0
0.0
0.0
0.0
0.0
0.0
0.0
0.0
0.0
0.0029418442411784985
0.0
0.0
0.0
0.0
0.0
0.0
0.0
9.583713108435494e-5
0.0
0.0
0.0
-1.9183739495637688e-5
0.0006428045853136337
0.0
0.0
0.0
0.0008387338404405469
0.0
0.001017502124688469
0.0008546480237699717
0.0
0.0
0.0
0.0
0.0
0.0
0.0030388764989353312
0.0
0.0
0.0
0.0
0.0
0.0
0.0
0.0
0.0
0.0
0.0
0.0
0.0
0.0
0.0
9.717486303891681e-5
0.0
0.0
0.0
0.002728094734073339
0.0
0.0
0.0
0.0
0.0
0.0
0.0
0.0
0.0
0.0
0.0
0.0
0.0
0.0
0.0
0.0
0.00047349435233899894
0.0
0.0
0.0
0.0
0.0
0.0
0.0
0.0
0.0
0.0
0.0006914480896022558
0.0
0.0
0.004770666390925373
0.0
0.0009934481999327445
0.0
-0.0006828372345001463
0.0
0.0
0.0
0.0
-0.00012305427096707077
0.0
0.0
0.0
0.0
0.0
0.0
0.0
0.0
0.0
0.0024550570375106284
0.0
0.00036016204729371
0.0
0.004638886689411322
0.0010939240373482755
0.0
0.0
0.0
0.0
0.0
0.0
0.0
0.0
0.0
0.0
0.0
0.0
-0.00014374288204959822
0.0
0.0
0.000844819994815031
0.0
0.002971981950843507
0.0008246940690667756
0.0
0.0
-0.0013927771004573913
0.0008704337341088482
0.0
0.0
0.0016111303657987788
0.0
0.0011619638428899902
0.0010778041402759936
0.0008522088137400312
0.0
-0.0007503321200537361
0.0
0.0
0.0032990330903722043
0.0008616831884256368
0.0
0.0
0.0012575507262429229
0.0006470011039540578
0.0
0.0006328692559975878
0.0
0.0
0.0
0.0
0.0
0.0
0.0037439287272398518
0.0006501830315829031
0.0
0.0
0.0
0.0
0.0
0.0
0.0
0.0006495685114603473
0.0
0.0007031727518225885
0.0
0.00031949219924858296
0.0
0.0025469674451935754
0.0
0.0
0.0
0.0006573906450645058
0.0034062690997613463
0.0006274603715284256
0.0023562656603710068
0.0
0.0
0.0026467442851228857
0.0
0.0
0.0
0.0
0.0
0.0008867382791011949
0.0014571421776146795
0.0
0.0011610467532120756
0.0
0.0016789986234166667
0.0
0.0
0.0
0.0010024434141944494
0.0
0.0
0.0
0.0
0.0
0.0
0.0007505507984876633
0.0
0.0
0.0
0.001905741194174204
0.0
0.0008123390352263699
0.0
0.0
0.0
0.0
0.0
0.0
0.0
0.0
0.0
0.0
0.0
0.0007468199043341987
0.00043281714932924065
0.004217204603300644
0.0
0.0
0.0
0.0
-0.0003437852673105133
0.0
0.0006293515541928794
0.0
0.0
0.0
0.0
0.0
0.0
0.0
0.0
0.0
0.0
0.0
0.0
0.0
0.0
0.0
0.0
0.0
0.0
0.00030130257175440883
0.0
0.0
0.0
0.0
0.0
0.0008117065695508347
0.0
0.0
0.0
0.0
0.0
0.0
0.0
0.0026025244153738344
0.0
0.0002714310532958047
-0.00044989689918375206
0.0022197956200469375
0.0010822042811642226
0.0
0.0
0.0
-0.0011306232060293718
0.0
0.0
0.0
0.0
0.0
0.0
-0.00031092372218102186
2.1782764894418433e-5
0.0
0.0027947810009695357
-0.0007981159140678528
0.0
0.0
0.0016479700670003295
0.0
0.0
0.0
0.0
0.0
0.0
0.0
0.0
0.0
0.0
0.0
0.0
0.0
0.0
0.0
0.0010421222756936807
0.0
0.0
0.0
0.0
0.0
0.0
0.0
0.0
0.0009193125727959324
0.0
0.0
0.0
0.0
0.0
0.004352885482106533
0.00018458824206995318
0.0
0.0
0.0
-0.0005946878970491607
0.0
0.002370457630966681
0.0
0.0
0.000834928876230494
0.0
0.0008477168014306811
0.0
0.0
0.0
0.0
0.002513213486081526
-0.0007533165771172193
0.0
0.0006507723350848844
0.0
0.0
0.0
0.0
0.0
0.0
0.0
0.0
0.0
0.0
0.0
0.0040437054346203595
0.0006413524570942431
0.0
0.0008947306775775286
0.0
0.0008185462343161344
0.0
0.002606240608990755
0.0
0.00014435912581377584
0.0011241768501868382
0.0
0.0
0.0
0.0008718097078936909
0.0
0.0
0.0
0.0022308990659977677
0.0
0.0006541789083569858
0.0
0.0
0.0
0.0
0.0006624681717303278
0.0
0.0
0.005484539139040578
0.0
0.0
0.0
0.0
0.0009935909333676377
0.0
0.0020266282354755674
0.0
0.0
0.0
0.0008685299150733075
0.0
0.0
0.0
0.0
0.0010147571575815399
0.0
0.0
0.0
0.0
0.0
0.0
0.0036380277072965168
0.0
0.0
0.0008750238346409545
0.003196895055482379
0.0
0.0
0.0
0.003061676443012688
0.0
0.0
0.0
0.000962600721929485
0.0
0.0
0.0
0.0
0.0
0.0
0.0
0.0
9.519735925305787e-6
0.0
0.0027352893492719613
0.0
0.0
0.0
0.0
0.0
0.0
0.0
0.0
0.0
0.0
0.0
0.0
0.0
0.0006359532405837854
0.0
0.0
0.0
0.0
0.0
0.005968275247332904
0.0
0.0
0.0
0.0
0.0
0.0
0.0
0.0009110963213267794
0.0
0.0024033968454981905
0.0009228614779081705
0.0009288726717801883
0.0
0.0
0.0
0.0009128514172232133
0.0
0.0
0.0
0.0
0.0
0.0
0.0
0.0
0.0
0.0
0.0
0.0
0.0
0.0006452935770107414
0.0
0.0
0.0
0.0
0.0
0.0
0.0
0.001021115622977842
0.0
0.0
-0.0002948815500666094
0.0
0.0
0.0
0.0
0.0
0.0
0.0
0.0008292562253696342
0.0009902091903473556
0.0
0.0008055706742284704
0.00063993416214131
0.0
0.0
-0.00041121848715511245
0.004330933769458167
0.003543522180757199
0.0006343469660362071
0.0
0.0
0.0
0.0
2.1613535111471834e-5
0.0
0.0
0.0006513692992029673
-0.00020104278225981494
0.00021333770670969212
0.0
0.0
0.005518205305289552
0.0006355447323264815
0.0027520237195704372
0.0
0.0
0.0008159617644563784
0.0
0.0
0.0
0.0
0.0
0.0
0.0
0.0
0.0
0.001054797793141908
0.0008856688307297363
0.0
6.638494373123318e-5
0.0010873416008282712
0.0
0.0
0.0
0.0
0.0
0.0
0.002043523339372284
0.0
0.0
0.0
0.0
0.0
0.002910692127150404
0.0
0.0046440444419458375
0.0
0.0
0.0
0.0
0.0009738764945039942
0.0009811481101976872
0.0
0.0
0.0
0.0
0.0
0.0
0.0
0.0
0.0006341893702696401
0.0
0.0008068495468856674
0.0
0.0
0.0
0.0
0.0
0.003853088117471401
0.0
0.0023862105729163152
0.0
0.0
0.0006332636003192646
0.0
0.0
0.0
0.0008814175588498397
0.004070200247964445
0.0
0.0
0.0
0.0
0.0
0.0006552347794555806
0.0
0.0
0.0008890241623108759
0.0
3.910761847839393e-6
0.0
0.0
0.0007336158812440628
0.004341075586098815
0.0
0.0
0.0
0.0
0.0
0.0
0.0008972658217056976
0.0009006223160056428
0.001037823023899466
0.0
0.0
0.0
0.0
0.0008238905477893702
0.0024010725697339104
0.0
0.000623654946626496
0.0006515947728845401
0.0
-0.00019761988864388754
0.0
0.0
0.0
0.0
0.0
0.0
0.004263232160763397
0.0
0.0
0.0
0.0007686082780586829
0.0
0.0
0.0
0.0
0.0
0.0
0.0
0.0
0.0017995690789224348
0.0
0.0009185213925839715
0.0
0.0006428714263057351
0.0006338949804008197
0.0012136293081944224
0.0
0.0
0.0
0.0
0.0
0.0
0.0
0.0
0.0
5.0945988090073284e-5
0.0009970468155742099
0.0
0.0
0.0
0.0006475394557488204
0.0
0.0
0.0006342288080871781
0.0
0.0
0.0
0.0
0.0
0.0
0.0
-0.00030280408759689344
0.0
0.0
0.0
0.0016570725046553476
0.0
0.0
0.0
0.0
0.0006449797707815597
0.0011162354778971896
-0.0005534373970466739
0.0
0.0
0.0
0.0
0.0
0.0
0.0
0.0
0.0
0.0
0.00246506016494545
0.000947403959405933
0.0
0.0
0.000870480167476658
0.0
0.0
0.004885940899029018
0.0
0.0
0.0
0.000913971699278489
0.0
0.0
0.002857827546069086
0.00010689300965103082
0.0
0.0006457654498650361
0.0
0.0008449291582832725
0.0
0.0
0.0009211031241514985
0.0013376395570644057
0.00010056313981355668
0.0
0.0
0.0
0.0008960859237712367
0.0
0.005371575051742683
0.004929035516224302
0.0
0.0
0.0
0.0
0.0008921716582682848
0.0
0.0
0.0
0.0009771422439524315
0.0
-0.0011223399534194339
0.0
-0.00044284537312199574
0.0
0.0010199115492463024
0.0
0.005041587684913619
0.0
0.0005261152818988532
0.0
0.0
0.001222647178776114
0.000497557397410918
-0.0008735332133213679
0.000650743645090312
0.0
0.0
0.0
0.0
0.0
0.0
-0.0005944584359523753
0.0008717163253365606
0.0
0.0
0.0008777034083606794
0.0005656453069113835
0.0
0.0
0.0
0.0008053852218200177
0.0010943474128775146
0.0
0.0
0.0008630707784210724
0.0
0.0
0.0
0.0
0.0
0.0
0.0
0.0
0.0
0.0
0.0
0.0008782050030428594
0.0
0.0
0.0
0.0
0.0006944615484751629
0.0
0.00131904977842808
0.0008512633940817426
0.0013167572835630476
0.0
0.0
0.0007273892691446749
0.0
0.0
0.0006656702476868636
0.00188746749830902
0.0
0.0
0.0
0.0
0.0
0.0
0.0
0.0
0.0
0.00104425651336237
0.0
0.0
0.0009837122751549707
0.0
0.0
0.0
0.0
0.0
0.0
0.0
0.0
0.0009000727893541493
0.0
0.0
0.0
0.0
0.0
0.0
0.0
0.0
0.0
0.0
0.000772705248660173
0.0007847578974011663
0.0
0.0
0.0018217052388156923
0.0
0.0
0.0
0.0
0.0
0.0
0.0029320286124347723
0.0
0.0008828957939677805
0.0
0.003527343022171137
0.0009040925873629699
0.0
0.0
0.0
0.0
0.0
0.0
0.0
0.0
0.0007674830347900661
0.0
0.0
0.00047301756439440513
0.0
0.0
0.0
0.000997039826657114
0.0
0.0
0.0
0.003165577573622356
0.00376877943545005
0.0008545004028558667
0.0
0.0
0.0
0.0
0.0
0.0
0.0
0.0
0.0
0.0
0.0008554734370086963
0.0
0.0
0.0
0.0
0.0
0.0007799049663847462
0.0
0.0
0.0
0.0
0.0
0.0
0.0
0.0
0.0024832985666959446
0.0006422130218205367
0.0
0.0
0.0
0.0
0.0
0.002030751969011221
0.0
0.0
0.0
0.0
0.0
0.0
0.0
0.0
0.0
0.0
0.0
0.0
0.0
0.0
0.0
0.0
0.0
0.0006208315124421152
0.0
0.0036481485865332776
0.0006473714382063221
0.0
0.0
0.0
0.0
0.0008358980034207788
0.0009700811390091061
0.0
0.0
0.0
0.0006433205263343339
0.0
0.0
0.0
0.0025804017944550603
0.0
0.0
0.0011712771607631793
0.0006407651950148239
5.243727327157997e-5
0.0
0.0
0.0
0.000522061326764613
0.0
0.004319325038859679
0.0
0.0
0.0
0.0
0.0006372186061536721
0.0002963302488810075
0.0
0.0
0.0
0.0
0.0
0.0010366498330141723
0.0
0.0
0.0
0.0
0.0
0.0
0.0
0.0
0.0
0.0
0.0
0.0
0.0
0.0
0.0008415864813481254
0.0
0.0
0.0
0.0016115274801598522
0.0
0.0
-0.000560396771251679
0.0
0.0
0.0
0.0
0.0009623441385728953
0.0
0.0
0.0
0.0
0.0
0.0054235428463168325
0.002641349001098092
0.0
0.0
0.0
0.0
0.0006243044475691814
-0.0002671058752036618
0.0
0.0
0.0
0.0006254342750637015
0.0
0.0
0.0
0.0031328123309543603
0.0
0.0007633372187411436
0.0
0.0
0.0
0.0008631189686149005
0.0
0.0001069516968390925
0.0
0.0
0.004815731903632291
0.0
0.0009943412365852134
0.003445275724859818
0.0
0.0
0.0
0.0
0.0
-0.00013194605359056105
-0.0005671905283112637
0.0
0.0
0.0011970729778814659
0.0
0.0002754637613596669
0.0
0.0005052409755270187
0.0
0.0
0.0
0.0
0.0
0.0011359413189423074
0.0
0.0
0.0
0.0011768454349354656
0.0
0.0
0.0
0.0
0.0
-0.0005681142651147275
0.0
0.0
0.0
0.0
0.0
0.0
0.0
0.0
0.0
0.0
0.0
0.0
0.0
0.0
0.0
0.0
0.0
0.0
0.0
0.0
0.0
0.0
0.0008719388680935612
-0.0010693386257611083
0.0
0.0009293344140243013
0.0
0.0
0.0008795693127120899
0.006477210588840387
8.684964022004687e-5
0.0009653571383789841
0.0
0.0
0.0
0.0031819740610154186
0.0
-0.00027579776949417816
0.0
0.0
0.0
0.0
0.0007378096389824519
0.0
0.0
0.0
0.0
0.0009808863574147751
0.0008125039667697463
-0.00023940656617253624
0.0
0.0
0.0
0.0
0.004002854320763584
0.0
0.0
0.0
0.0
0.0
0.0
0.0
0.0
0.0
0.0
0.0
0.0
0.0
0.0
0.0
-0.0007868391982055531
0.0
0.0
0.0
0.0
0.0
0.0
0.0
0.0006278567756372784
0.0
0.0
0.0
0.000980380581838234
0.0
0.0006244260812323899
0.0
0.0
0.0
0.0
0.0006285574768000381
6.889534259612292e-5
0.0
0.0
0.0
0.0
0.0
0.0
0.0002690799676595003
0.0
0.0
0.0
0.0
0.0
0.0
0.0009922795932899417
0.0
0.0
0.0
0.0
0.0
0.0
0.0
-0.0009727343008593804
0.001160520293318124
0.0
0.0
0.0
0.0
0.0
0.0
0.0008808245074464978
0.0
-0.0010473579185427732
0.0
0.0010122762927362076
0.0
0.0
0.002090421287531074
0.0
7.249380730073125e-5
0.0029974831788949657
0.0
0.0
0.0
0.0
0.0
0.0
0.0
-5.1496869550880756e-6
0.0
0.00010339376073798819
0.0
0.0
0.0
0.0005796890740709325
0.0013135040459049535
0.0010496586834034321
0.0
0.0
-2.9066092993597526e-5
0.0
0.0
0.0025890613742772183
0.0
0.0
0.0014946226526490582
0.0
0.0
0.0
0.0008983459205299361
0.0
0.0
0.0
0.0
0.0
0.0
0.0
0.0002103291664976406
-0.0005723695598705702
0.0
0.0
0.0
0.0020866261955968957
0.0
0.0
0.0
0.0
0.0
0.0021756463062356105
0.0
0.0
0.0
0.0
0.0
0.0006465128964163863
0.0
0.0
0.0
0.0
0.0
0.0008985541641091053
0.0
0.0
0.000830366092834247
0.0008135784647604241
0.0007262608091767527
0.0
0.0
0.0
0.0
0.0
0.0
0.0
0.0
0.0
0.0
0.0
0.0009370790767497545
0.0008036278895592844
0.0
0.0008370057789039491
0.0
0.0
0.0
0.0005262007298593893
0.0
0.0
0.0
0.0006459869632333452
0.0
0.0
0.0
0.0
0.0007576496791342033
0.0
0.0
0.0
0.0
0.0
0.0
0.0
0.0
0.0
0.0
0.0
0.0
0.0044937915097867515
0.0
0.0009063635303939647
0.0
-0.0009947553272070845
0.0007932248419014039
0.0
0.0007940777819266013
0.0
-0.0015016897873011926
0.0
0.0
0.0008375032793940332
0.0
0.0
0.0015262335200903563
0.0
0.0
0.0
0.0
0.0
0.0
0.0
0.0
0.0006396453071426001
0.0
0.0
0.001000131194672004
0.0017676267346525233
0.0
0.0
0.0010171329261975531
7.552760385430643e-5
0.0
0.0
0.0
0.0
0.0
0.0
0.0
0.0004040365292791077
0.0
-0.0006089979092959439
0.0006332391817214557
0.0
0.0006435466478249252
0.0006366787061397528
0.0
0.000647675195326969
0.0
0.0
0.0
0.0
0.0009245532288844509
0.0
0.0
0.0
0.0
0.0
0.0008919096869709346
0.0
0.0
0.0007504472898313827
0.0
0.0006444591147972715
0.0
0.0010965815725586824
0.0
9.111184358893745e-5
0.0008737194008144539
0.0
0.0
0.0
0.0
-0.00015285344473080367
0.0
0.0
0.001025884267641684
0.0
0.0
0.00012290525732030783
0.0
0.0009231858859206228
0.00046907176755250826
0.0
0.0
0.002970619794098023
0.0
0.0
0.0
0.0
0.0
0.0009254736614518925
0.0
0.0
0.0
0.0
0.001252001401416583
0.0
0.0
0.0009528016625267325
0.0
0.0
0.0
0.0
0.0008567686181315044
0.0
0.0
0.0
0.0008660909205640323
0.0
0.0
0.0
0.0
0.0013472002770099486
0.0
0.0
0.0
0.0
0.0
0.0
0.0
0.0
0.0
0.0
0.0010655541503956684
0.000639167595887858
0.0
0.0008847608896067678
0.0
0.0
0.0
0.0
0.0006369370151417906
0.0
0.0
0.0
0.0
0.0
0.0006485446552908637
0.0
0.0
0.0
0.0009415906624020265
0.0008114527310996632
0.0006561385889330098
0.0
0.0008409874784222557
0.0
0.0008627523754843319
0.00039702502208498457
0.0
-0.0005440823262614227
0.0
0.0030010080527464265
0.0
0.0036543855261966245
0.0
0.0009980279427877527
0.0
0.0
0.0
0.0
0.0
0.0008580083430943334
0.0
0.0
0.0
0.0
0.0
0.0
0.0006474848740674151
0.0
0.0
0.0
0.0
0.0
0.0
0.0010443904728910948
0.0
0.0
0.0009108942705895625
0.0
0.0
0.0006423803134145702
0.0
0.00045263683537578045
0.000838570833165719
0.0
0.0
0.0
0.0
0.0
0.0
0.0
0.0
0.0
0.0
0.0
0.0009908171272890922
0.0
0.0
0.0008792988687424218
0.0
0.0
0.0
0.0
0.0
0.0009764033910490085
-0.000135977678376465
0.0
0.0
0.0
0.0
0.0
0.004568004855427449
0.0
0.005469553491551388
0.0
0.0
0.0
2.4604885370854878e-5
0.0
0.0
0.0
0.0
0.0
0.0
0.0
0.0
0.0
0.0
0.0
0.0
8.897686949753004e-5
0.0
0.0
0.0
0.0
-0.0005381521411374726
0.0
0.0
0.0
0.0
0.0
0.0
0.0
0.0
0.0
0.0016983608959890478
0.0009578501225237738
0.0
0.0008392759811801048
0.0
0.0
0.0056520916679160945
0.0
0.0
0.0006336586749673349
0.0
0.0
0.0008766710500900091
-0.00042109749983984735
0.0
0.0
0.0
0.0032753240681458505
0.0
0.0
0.0
0.0
0.0
0.0
0.0
0.0
0.0
0.0
0.003034912064260631
0.000629165139970939
0.0
0.0
0.0
0.0
0.0
0.0
0.0007220051478292331
0.00011693493741948172
0.0
0.0
0.0010151638160476426
0.0
0.0
0.000639007802935783
0.0
0.0
-0.0008256857561183386
0.0
0.0011075727579096801
0.0
0.0
0.0
-0.00046461793547483124
0.0
0.0008881823610024282
0.0
0.0
0.0
0.0
0.0
0.0
0.0
0.0
0.001000733911834056
0.0024633836498436854
0.0
0.0
7.591017339007493e-5
0.0
0.0
0.0
0.0
0.0006436698774951182
0.0
0.0
0.000722645312750639
0.0
0.0019982090202543662
0.0
0.0
0.002515802684404373
0.0012575228390567566
0.0
0.0
0.0
0.0
0.0
0.0
0.0
0.0013355233508454102
-5.599976993435864e-5
0.0
0.0
0.0
0.0008063530502277025
0.0
0.0
6.546882153179172e-5
0.0
0.0
0.0
0.0
0.0
0.0
0.0
0.0
0.0
-0.0008137390876831209
0.0003115623505184467
0.0
0.0
0.001003687131751189
0.0
0.0
0.0
0.0
0.00016071619619460905
0.0
0.0
0.0
0.0
0.003951643842548273
0.0
0.0
0.0
0.0006487844448761132
0.0
0.0
0.0
0.0
0.0
0.0
0.0
0.0
0.0
0.0
0.0006343890890138883
0.0
0.0
0.0
0.0
0.002279654237960124
0.0
0.0
0.0
0.0005612257413391846
0.0
-0.0003075199417394909
0.00100860308531948
-9.61245253647478e-6
0.0
0.004164632808800051
0.0
0.0018975097517786013
0.0
0.0
0.0
0.0
0.0
0.0
0.0007116384960514421
0.0
0.0
0.0
0.0
0.0
0.0
0.0
0.000871454510964377
0.0
0.0
0.0
0.0
0.0
0.0
0.0
0.0
0.0
0.0
0.0
0.0
0.0
0.0
0.0004955764428183511
0.0
0.0
0.0
0.0
0.0
0.0
0.0
0.00091095357472537
0.0
0.0
0.0
0.0
0.0
0.0002583088622244795
0.0
0.0
0.0
0.0
-0.00036491327865853317
0.0
0.0
0.0
0.004260612491450228
0.0
0.003952731852361458
0.0
0.0
0.0
0.0010270310838728595
0.0
0.0
0.0
0.0
0.000708676100636446
0.0021297888607614943
0.0
0.0
0.0
0.0025480611498919143
0.0
0.0008714359190717487
0.000941050340754585
0.0
0.0
0.0006636999000960194
0.0
0.0006373764733349357
0.0
0.0
0.0
0.0
0.0
0.0
0.0
0.0
0.0
0.0
0.0
0.0
0.0
0.0006425490740395186
0.0
0.0
0.0
0.00049831181623968
0.0
0.0
0.0
0.0
0.0
0.0
0.0008546138719159817
0.0
0.0
0.000982986937990435
0.00114459260161302
0.0
0.0006525473077214354
-0.000681063417149327
0.0
0.000647624704539936
0.0
0.0
0.0010057648745051737
0.0
0.0
0.0
0.0006361409603286745
0.0
0.0
0.0
0.0
0.0
0.00026069545924341676
0.0
0.0
0.0
0.0006473002042399191
0.0
0.0
0.002023222774425279
0.0
0.0
0.003896370853564774
0.0010405715994579526
0.0
0.0
0.0
0.0
0.0006422803978202829
0.0
0.0
0.0
0.0006416805772443434
0.0
0.003335808632405095
0.0
0.0
-0.0004864830749464683
0.0
0.000776051702829872
0.0
0.00020552512152467533
0.0
0.0
0.0
3.1234223938948486e-5
0.0
0.0
0.0
0.0
0.0
0.0007429080744134978
0.0
0.002007780790799866
0.0
0.005501028918543107
0.0029133749311430284
0.0
0.0
-0.00143818319071928
0.0
0.0
0.0
0.0
0.0
0.0009915512493412892
0.0
0.0
0.0018018585497481124
0.0
0.0
0.0
0.0
0.0
0.0
0.0
0.0
0.0
0.0
0.000644648611437517
0.0
0.0
0.0
0.0
0.0
0.0
0.0038513054378240346
0.0
0.0
0.0
0.0
0.0008307584350501224
0.0
0.0
0.0
0.0
0.0
0.0
0.00459948562936439
0.0
0.0
1.969691073076469e-5
0.0006540288700320449
0.0
0.0
0.0
0.0
0.0
0.0009591006671833623
0.0
0.0
0.0
0.000880540478681255
0.0
0.0
0.0
-0.00014419976449282074
0.0
0.0
0.0
0.0
0.0003748728880549249
0.0006611263005432618
0.0008866398735626972
0.0008791380002261313
0.0
0.0
0.0
0.0
0.0
0.0
0.0
0.002528325452495689
0.0
0.0
-0.0007950804069109975
0.0
0.0006469571121476673
0.0
0.0008342404768863768
0.0
0.0
0.0
0.0007881338596358319
0.000994525426227985
0.0
0.000689429408346415
0.0006382539914207198
0.0
0.0
1.9787636322734053e-5
0.0
0.000643380371070784
0.0
0.0
0.0006392508535963888
0.0
0.0
0.0
0.0
0.00024850343288553993
0.0010262201364182387
0.0
0.0
0.0
0.0
0.002704921360034226
0.0
0.000873128589149444
0.005208471202609686
0.0
0.0
0.0
0.0
0.0
0.0
0.0
0.0
0.0
0.0
0.000640376762748232
0.005464325240079445
0.0
0.0
0.0055055694026908165
0.0
0.0
0.0
0.0032029161971257264
0.0
0.0
0.0
0.0010962812753180404
-0.0003595948370797927
0.0006089990572826459
0.000649368415112068
0.0
0.0
0.0
0.0
0.0
0.0
0.0
0.0006260959049515854
0.0
0.000817881428771188
0.0
0.0
0.0
0.0012954726316490414
0.0
0.0
0.0
0.003916280989951319
0.0
0.0
0.0
0.0
0.0
0.0011383723697210887
0.0
0.0009137921970384404
0.0
0.0
0.0006349084797614746
0.0
0.0
-0.0004179006085685521
0.0
0.0006417438429689113
0.0005067713335411492
0.0
0.0
0.0
0.0
0.0
0.0
0.0
0.0
0.0
0.0
0.0
0.0
0.002458927045998751
0.0
0.0
0.0
0.0
0.0
0.0
0.0
0.0
0.0
0.0006308482428881045
0.0
0.0003318761871254108
-0.0009498052567764873
0.0048589990018802305
0.0
0.0
0.0
0.0006565549037561502
0.0
0.0
0.0
0.003105698086046692
0.0
0.0
0.0
0.000962290641355528
0.0
0.0
-0.00010757031275525954
0.0006431654440140511
0.0
0.0
0.0
0.0
0.002532341268970998
0.0
0.0
0.0
0.006806823127366557
0.0
0.0
0.0015831789400442993
0.0
0.0
0.0
0.0007194623883941015
0.0
0.0
0.0006697483481085483
0.0
0.0
0.0
0.0013126621337623966
5.783304626535377e-5
0.0
0.0
0.0
0.0
0.0
0.0
0.0
0.0
-6.0976696064076326e-5
0.0
0.0
0.0008491558880498023
0.0
0.000884388683073338
0.0
0.0
0.0
0.0
0.0
0.0
0.0010260736404228016
0.000638642342011545
0.0
0.0
0.0
0.0
0.0
0.0
0.0
0.0
0.0
0.0
0.0009405686314850858
0.0
0.0
0.0
0.0010172542478059903
0.0007046392084184089
0.0054278137174529695
0.0006426636491033016
4.7158214721711573e-5
0.0
0.0007906453688108655
0.0
0.0
0.0
0.0
0.0
0.0
0.0008144461901858663
0.0010422713121065465
0.0
0.0
0.0
0.0
0.004265607895360996
0.0
0.0030989139220908143
0.0
0.0
0.0007236976418689178
0.0
0.0009368297740655972
0.0006491211725938367
0.0
0.0
0.0
0.0
0.0
0.0011351052030935606
0.0
0.0
0.0
0.0010257844569821297
0.0
0.0008564124862319401
0.0
0.0
0.0
0.000649548563359205
0.004967549889942919
0.0
0.0008860918840236875
0.0006979012463360934
0.0010125874727140184
0.0
0.0
0.0
0.0
0.0
0.0
0.0
0.0
0.0
0.0
0.0
0.0006498673808447125
0.00034685688854462664
0.0
0.0
0.0009297035224460774
0.005074926731988499
0.0
0.0
0.0025825078963004067
0.0
0.005345734139400963
0.0006534337643196875
0.0
0.0
0.005211240627254039
0.0046365214843055785
0.0
0.0
0.0
0.0
0.0
0.00100112960297305
0.0
0.0
0.0
0.0
-0.0006103454312649571
0.0006371424731072341
0.0006453186551148335
-5.979549002006824e-5
0.0
0.0
0.0
-0.00031663175976323366
0.005835987195812969
0.0
0.0
0.0
0.0
0.0
0.0
0.0036555134397871464
0.0
0.0
0.00044509546116377156
0.0
0.0
0.0
0.0
0.0
0.0
0.0
0.0
0.0
0.0
0.0
0.0022012946581179776
0.0017801139292419616
0.0
0.0
0.0
0.0
0.0
0.0
0.0
0.0
0.0
0.0
0.0
0.00016864490733652356
0.0
0.0
0.00021841148928528235
0.0
0.0007935032981380694
0.0
0.0
0.0
0.0
0.0
0.0
0.0
0.0008835866082563119
0.0006392044790841072
0.0
0.0
0.0011204665372594534
0.0
0.0
0.0
-4.152003101403068e-5
0.0
0.0
0.0007493504862381069
0.0
0.0006326729738352708
0.0004628910617342276
0.0006342575917184286
0.0
0.004143648103945134
0.0
0.0
0.0010371189672539248
0.0
0.0
0.0
0.0
0.0
0.0009233051713434798
0.0
0.0
0.0
0.0
0.0
0.0
0.0
-0.0007916292028777834
0.0
0.0
0.0
0.0
0.0
0.0
0.0
0.0
0.0
0.0
-0.0005785482560362175
0.0
0.0003971279845522382
7.995789609558309e-5
0.0009401677882457166
0.0
0.0008305385494669484
0.0007876845780341973
0.0
0.0
0.0
0.0
0.0
0.0
0.0
0.0
0.0
0.000627303841319932
0.0009215232447218384
0.0
0.0
0.0
0.0
0.0006493234148192724
0.0
0.0
0.0007229618485025199
0.0
0.0008133741025595209
-0.0006056593091160332
0.002917369598572277
0.00086698933916012
0.0
0.0
0.0
0.0
0.0
0.0021493243780823464
0.0
0.0
0.0
-0.000199007892348792
0.0
0.0006109161130612624
0.0
0.0011244159130360044
0.0
0.0
0.0
0.0
0.0
0.0011447057622735411
0.001927202151234698
0.0009697572030866458
0.0
0.002925620076567419
0.0
0.0
0.0
0.0
0.0010158316130924438
0.0
0.0
0.0
0.0
0.0
0.0
0.0
0.0
0.0
0.0
0.0
0.0
0.0
0.0
0.0
0.0
0.000945872186873865
0.0
0.0008720706201393006
0.0
0.0
0.0
0.0
0.0008507705014759495
0.0
0.0
0.0
0.0
0.0006790084844167312
0.0
0.0
0.0
0.0005090412491563818
0.0
0.0
0.0
0.0
0.0
3.0817337243375654e-5
0.0006449823184147091
0.0
0.0009200303330993049
0.0
0.0010249666373565532
0.0
0.0
0.0
0.0
0.0
0.0
0.0009480498121575209
0.0
0.0
0.0
0.0
0.0008251053952204151
0.0
0.00025861119855107603
0.00018730704420230382
0.0
0.0
0.0
0.0
0.0
0.0
0.0
0.0
0.0
0.0
0.0
0.0
0.0
0.0
0.0
0.0
0.0
0.0
0.0
0.0
0.0
0.0
0.0
0.0
0.0
0.002676539255135185
0.0
0.0009356199813092485
0.0011670395733250024
0.0
0.0008673107456417454
0.0008680653233058935
0.005263724089841322
0.0008853409684823695
3.795237137794244e-5
0.0
0.0
0.0
0.0
-0.0008294952040630661
0.005869000577258649
0.0
0.0
0.0
0.0
0.0
0.0
0.0
0.0
0.0011941056580452906
0.0
0.0
0.0
0.0
0.0
0.0
0.0
-0.0005507143376107464
-0.00021518368479229747
0.0
0.0
0.00250438030654681
0.0
0.0006428693553842095
0.0
0.0
0.0
0.0
0.000169810764969885
0.0
0.0
0.0
0.0028268391911922667
0.0
0.0
0.0
-0.0009380874107146855
0.0
0.0
0.0009742657249544365
0.0
0.0
0.0
0.0
0.0006475671801639407
0.0
0.0
0.0006447335706907819
0.00024019307894977107
0.005152935054750034
0.0
0.0
0.002960349930797034
0.0008806875212984879
0.0009710513886074476
0.0
-0.0002664005288209591
0.0
0.0
0.0
0.0
0.0
0.0
0.0
0.0
0.0
0.0006286432720253567
0.0006470089332831014
0.0
0.0011115731769759545
0.0
0.0
0.0010033919780082256
0.0008910485573467728
0.0
0.0006484600023636243
0.0
0.0008196664573106187
0.0
0.0
0.0
0.000643563110628737
0.0
0.0
0.0
0.0
0.0
0.0
0.0
0.004342512774497567
0.0
0.0
0.0
0.0
0.0
0.0
-0.0005264789229008223
0.0
0.0
0.0061861821229359315
0.0
0.0
0.0
0.0009369791398764868
0.0
0.0007805353563764541
0.0
0.0
0.0
0.0
0.0
0.0
0.0
0.0
0.0
0.0
0.0
0.0003653939297394715
0.0
0.0
0.0028388735384956005
0.0
0.0
0.0
0.0
0.0
0.0
0.0
0.004319454042674781
0.0
0.0
0.0002613261771319484
0.0
0.0
0.0009628672657407273
0.0
0.0
0.0
0.0
-2.316030758386583e-5
0.001348122539918763
0.0
0.0
0.0
0.0
0.0
0.0006410491190802012
0.0
0.0008111919456124812
0.001596099184631844
0.0
0.0
0.0
0.0
0.0005870263572658376
-0.00033328263000649306
0.0
0.0
0.0026287846126704737
0.0
0.0
-0.0006402949663903447
0.0016310462246224096
0.0
0.0
0.0
0.0
0.004502933040543686
0.0008627027606752448
0.0
0.0
0.0
0.0
0.0
0.0
0.0
0.00042664314157948613
0.0
0.0
0.0
0.0
0.0022237840893563144
0.0
0.0
0.0009605344856237193
0.003673011435506363
0.0
0.0
0.0009944008705189843
-0.0007396671893848375
0.002491657927007024
0.0005085971826583991
0.0
0.0
0.0
0.0
0.0
0.001082682228300418
0.0010880465796208397
0.0
0.0
0.0009926875773395459
0.0
0.0
0.0
0.0008483042012811328
0.0
0.0
0.0
0.0
0.0008135027283092124
0.0
0.0
0.0
0.0
0.0
0.0
0.0
0.0037577838942773347
0.0
0.00011942678810960952
0.0
0.0
0.0
0.0
0.0015702218870462033
0.000803394023557138
0.0
0.0
0.0
0.0
0.002659850064934215
0.0
0.0009510965270605578
0.0
0.0009142570825692175
0.0
0.0
0.0
0.0
0.0
0.0
0.001186801767055622
0.0
0.0
0.0008983369057985132
0.0008219376262354368
0.0
0.0
0.0
0.0
0.0
0.002173512926278481
0.0
0.0
0.0
0.0
0.0
0.0006576771766217237
0.0
-3.640103447618686e-5
0.0
0.0033777943324312934
0.0
0.0
0.0006223642154599651
0.0
0.0
0.0008532438532217972
0.0
0.0006020668081610431
0.000564397591712304
0.001363110510620601
0.0
0.0
0.0
0.0009695256981012613
0.0008622799400675877
0.0
0.0009594177124234955
0.0
0.0
0.0
0.0
0.0
-0.000489838944567311
0.0
0.0
0.0006378423977549899
0.00023185328204844733
0.0008269321641363494
0.0
-0.0006781659067085664
0.0
0.0
0.0
0.0
0.0
0.0
0.0
0.0
0.0
0.0
0.0
0.0
0.0008291012917126557
0.0040030179164961335
0.0
0.0
0.0
0.0
0.0008427932734358972
0.0
0.0009451902180981262
0.0
0.0
0.0
0.0008272228899081027
0.0
0.0
0.0
0.0
0.0004615564466740458
0.0008348896373930128
0.0
0.0
0.0
0.0
0.0
0.0
0.0
0.000986239047974148
0.0
0.0
0.0
-0.0008900231194517088
0.0
0.0
0.0
0.0005031954833564715
0.0
0.0
0.0
0.0008880000761688376
0.0
0.002567053567755116
0.0
0.0008919849891814078
0.0
0.000818043943995756
0.0
0.0
0.0
0.0070135417565671725
0.0
0.0
0.0
0.0023323463443015125
0.0
0.0
0.0
0.0
0.0
0.000919919836177388
0.0
-0.0004045936411715849
0.0
0.0
0.0
0.0
0.0
0.0
0.00450086630036841
-0.000683700600094624
0.0
0.00501275015046203
0.0
0.0
0.0015034496882435557
0.0
0.0
0.0013199571117518188
0.0
0.0
0.0
0.0
0.0
0.0
0.0
0.0009954056318554974
0.0006399074709250327
0.0
0.0
0.001071705038067181
0.0006417985841319439
0.0
0.0009093921107024594
0.0
0.000645302036262586
0.0
-0.0003716828119042262
0.0
0.0
0.005085460132515301
0.0
0.0
0.0
0.0
0.0
0.0
0.0
0.000978619891802053
0.0
0.0009513626223285899
0.004341922033760447
0.0
0.0
0.0
0.0
0.0
0.0
0.0
0.0008782877879269271
0.0
0.00248170254142596
0.0
0.0
0.0017013118023396644
0.0012408731394779693
0.0
0.0
-0.0004728540764390288
0.000876607362286134
0.0
0.0
0.0
0.0
0.0
0.0
0.0
0.0
0.0037568703453920264
0.0013092593615686248
0.0
-0.0007028861559478541
0.0
0.0
0.0009586656996733833
0.0
0.0008692097046402292
0.0
0.0
0.0
0.002274251554188245
0.0
0.0
0.0
0.0
0.0006341028425245091
0.0
0.0
0.0
0.0
0.0
0.0
0.0
0.0
-0.0005645602079286088
0.0
0.0
0.0
0.0
0.0
0.0
0.0
0.0
0.0
0.0006363090650092009
0.0
0.0
0.0
0.0
0.0
0.0003381088806803447
0.0
0.0
0.0
0.0009665832130784712
0.0
0.0010763266932191835
0.0
0.0
0.0
0.002101331853525819
0.0008897589077024705
0.0027086535357029188
0.0
0.0
0.0
0.0
0.0009298979890562388
0.0
0.0
0.0
0.0010184354241574343
0.0034421257391309395
0.0
0.0
0.0
0.0028877004064644476
0.0
0.0
0.0
0.0
0.0
0.0
0.0006335761210970901
0.0005472217739337575
0.0
0.0
0.0008355699871107599
0.0
-0.00024391916224162806
0.0
0.0
0.0
0.0
0.002179430372249507
0.0004438336082557951
0.0018295458942034703
0.0
0.0
0.0
0.0006288254800498693
0.0
0.00016650427924484536
0.0
0.0048974810736096795
0.0
0.0
0.0
0.0
0.0
0.0
0.00327335303193182
0.0029932585007099726
0.0
0.0
0.0
0.0
0.0
0.0
0.0
0.0009484789596900286
0.0
0.0
0.0
0.0
0.0
0.0
0.0
0.0016872788300093104
0.0
0.0
0.0
0.0
0.005823581691233388
0.0
0.0003026326502908806
6.771082005509303e-5
0.0
0.0
0.0
0.0
0.0004966964873258111
0.0
0.0003458412010722992
0.0009066602315685178
0.0
0.0
0.0
0.0
0.0
-9.537823766536888e-5
0.0
0.0
0.0
0.0007967152342035854
0.0
0.0
0.0
0.0
0.00045594013919259474
0.0
0.0
0.0
2.4607520910066113e-6
0.0009143939764302515
0.0
0.004850840194860624
0.0
0.0
0.0
0.0008686262571525443
0.0
0.0
0.0
0.0044457086853740765
0.003086581283122226
0.0008822733813577081
0.0006247791241068413
0.0
0.0036170307608569268
0.0
0.0
0.0
0.0
0.0
0.0
0.0
0.0
0.0
0.0
0.0011757490947987986
0.0
0.0
0.000806848093593555
0.0
0.0
0.0
0.0
0.0
0.0
0.0
0.0
0.0
0.0008184576134049694
0.0
0.0006931910511726221
0.0
0.005626918851499734
0.0
0.0
0.0
0.0010741003404699226
0.0
0.0008310059254872666
0.0013006298784549025
0.0
0.0
0.0
0.0
0.0017532947459237068
0.000802759299552951
0.0
0.0
0.0008383108300077565
0.0
0.0
0.0
0.0013107260958607583
0.0
0.00018112761806313653
0.003333725066371093
0.0
0.0008511576371563967
0.00067729565774278
0.0
0.0003599542933288209
0.0
0.0
0.0006407738248433052
0.0
0.0
0.0
0.0
0.0
0.0006480080579173013
0.0
0.0
0.0
0.0
0.0
0.0
0.0
0.0
0.0
0.0006434191373259901
0.0
0.0006378011102735708
0.0
0.0029871599595355665
0.0
0.0
0.0001660314675748553
0.0
0.0
0.0008315604372106209
0.0
0.0
0.0
0.0
0.0
0.0
0.0
0.0
0.0
0.0
0.0
0.0
0.0
0.0001730238657475
0.0
0.0
0.000331358439080238
0.0
0.0006500154550198571
0.002301947844715809
0.0
0.0
0.0
0.00026841572539950564
0.0
0.0
0.0
-0.0003491825653013573
0.0006422985119173829
0.0038341388187348832
0.0
0.0018282017956674631
-0.00040843634998499864
0.0
0.0008081860121626986
0.0
-0.0005842840869855545
0.0009460913371149758
0.0
0.0
0.0
0.000646614687278341
0.0
0.0
0.004689663220245115
-0.00046275772048552904
0.0
0.0
0.0
0.00043330959404594703
0.0
0.0
0.0
0.0
-0.0010402164698894727
0.0
0.0
0.0
-5.399721180198191e-5
0.00023047914356446258
0.0010844515169996696
0.0
0.0
-5.435116593202487e-5
0.0
0.0
0.0
0.0
0.0
0.0
0.0
0.0007630203576531976
0.0
0.0
8.977883516052783e-5
0.0
0.0
0.0
0.0
0.0034000583390438434
0.0
0.0009754787233367373
0.0
0.0
0.0
-4.828216823321286e-5
0.0
0.0
0.0009973549172714613
0.0
0.0006473517098796359
0.0
0.0011183537562270288
0.0
0.0
0.0
0.0
0.0009454627397517262
0.0
0.0
0.0
0.0
0.002628146576520271
0.001067608412069602
0.0004619622223838937
0.0008596969464305781
0.0
0.0
0.0
0.0
0.0
0.0
0.0009191886853348002
0.0
0.0
0.0
0.004179347935211734
0.0
0.0
0.0
0.0
0.0
0.0
0.0
0.0
0.0022356910809534386
0.0
0.0
0.0
0.0
0.0006358106355352917
0.0
0.0
0.0
0.0
0.0
0.000648360236217232
0.00011021709850386567
0.0
0.0
0.0
0.0015656492460132455
0.002102314490762212
0.0
0.00175426694235802
0.0
0.0009494635979883801
0.0009144844443226386
0.000282353872758621
0.0
4.5472100201861234e-5
0.0
0.0006477033097369333
0.0
0.0
0.0015788981180571873
0.0011420677573357964
0.004703938720895595
0.0
0.0
0.0
0.0
0.0
0.0
0.0
0.003210728312434427
0.0
0.0
0.0
0.0
0.000415489182474054
0.0
0.0
0.005352447543929228
0.0
0.0
4.866121121945626e-5
0.0
0.0
0.0
0.003384018570196168
0.0
0.0006343999019550487
0.0
0.0010713322769568905
0.0008129871993992575
0.0
0.0028006447052414695
0.0
0.0007668159383848811
0.0
0.0
0.0
0.0
0.0
0.0
0.0
0.0
0.0
0.0
0.0
0.0
0.0
0.0
0.0
0.0
0.003760905283903626
0.0
0.0006908927809526952
0.0
0.0
0.0
0.0
0.0
0.0
0.0
0.0
0.0
0.0
0.0
0.000733300575691429
0.0
0.0
-0.0012577623598456053
0.0
0.0036522117856689403
0.0
0.0
0.0
0.0006074140344658433
0.0
0.0
0.005982633150409104
0.0
0.0
0.0
0.0
0.0
0.000947164620884473
0.0
0.0
0.0
0.0
0.0
0.0002867970899039189
0.0
0.0
0.0
0.0
0.0028138171145538544
0.0
0.0
7.680097432077697e-5
0.0
0.0007270248096170452
0.0
0.0
0.0
0.003788767791127888
0.0
0.0
0.0
0.0
0.0
0.0009686425271939026
0.0
0.003134100497951098
0.0
0.0
0.0
0.0
0.0
0.0
0.0
0.0
0.0
0.0
0.0
0.0
0.003027847963800998
0.0
0.0
0.0
0.0
-0.0005447084457709971
-0.0003567254329176825
0.0006403469587708666
0.0
0.0
0.0015415439055287963
0.0009579957423061543
0.0
0.0
0.0
0.0
0.0
0.002188438477802598
-0.00028627748459759196
0.0
0.0
0.0
0.0
0.0
0.000658820120870164
0.0
0.0
0.0
0.0
0.0
0.0
0.0
0.0
0.0
0.0
0.0015977378626489257
0.0
0.0
0.0
-0.00011170868818374546
0.0
0.00016108660294862238
-0.0004424020412287503
0.0
0.0
0.0
-2.989062992457201e-5
0.0
0.0
0.0
0.0
0.0008330572921212431
0.0
0.0
0.0
0.0009430353973732768
0.0
0.0018333644201176402
0.0
0.00214490517079906
0.0
-0.0007224224606245038
0.0
0.0
0.0
0.0
0.0
-7.301771656030582e-5
0.0
0.0014846759714679644
-0.000881188099759927
0.0
0.0
0.0
0.0
0.0
0.0
0.0
0.0
0.0006244353634003537
0.0
-0.0001431770837599011
0.0
0.0
0.0014534668912729533
0.0
0.0
0.0
0.0008233635565092696
0.0
0.0
-0.00022902656409254797
0.0
0.0008362930598487092
0.0
0.0
-0.00020553470274381692
0.0004334717834086351
0.0
0.002579341727501291
0.0
0.0
0.0
0.0
0.0
0.0006343497062022155
0.0
0.0
0.0033493419595027095
0.0
0.0
0.0
0.0
0.0
0.0010924878666917009
0.0011270463082968143
0.0
0.0
0.0
0.0016996446467050863
0.0007892415411876876
0.0
0.0
0.0
0.0
0.0
0.0
0.0
0.0033851382519569954
0.0013371964433781475
0.0
0.0
0.005142180173040709
0.0008684784456818442
0.001008067403517801
0.0
0.0
0.0
0.0007878826659061022
0.0
0.0009481883093800481
-0.0017090949323960022
0.0006522793663842335
0.00046808803965886985
0.0006368930215624067
0.002583167057345175
0.0
0.0
0.0
-0.00019655820696577126
0.0
0.0
0.0
0.0006466700453984224
0.0007539017748599744
0.0012987825047096908
0.0
0.0
9.908783389364147e-6
0.0
0.0
0.0037365880364587725
0.0004975058235612438
0.0
0.0
0.0
-0.0013036172130560545
0.0
0.0027441116366829525
0.0
-0.00024033209341191986
0.0
0.0
0.0
0.0
0.00014003016347075944
0.0
0.0
0.0
0.004604042001275043
0.0
0.0
0.0
0.0
0.0
0.0
0.005179620067355405
0.0
0.0
0.0
0.0
0.0006312169596818388
0.0
0.0
0.002045037961066081
0.0
0.0
0.0
0.004530472051359815
0.0
0.0
0.0
0.0
0.0
