0.0
0.0
0.0
0.0
0.0
0.0
0.0
0.0
0.0
0.0
0.0
0.0
0.0
0.0015827245842960328
0.0022805105253187368
0.0
0.0
0.0
0.0
0.0
0.0
0.0
0.0019523411867472182
0.0
0.0
0.0008419534557487331
0.0008215219996865911
0.0
0.0
0.0006301977967812868
0.0014187511559830082
0.0
0.0
0.0017271009459492585
0.0
0.0
0.001817800507223752
0.0
0.0
0.0
0.0
0.0
0.0
0.0
0.001047734563790515
0.0006448573519116499
0.0
0.000630299804591501
0.0
0.0
0.0
-0.00034908081421851286
0.0
0.0
0.0
0.0
0.0008701370398899444
0.0
0.0
0.0
0.0
0.0
0.0
6.119383547850698e-5
0.0
0.0
-0.0003151993217626565
0.0
0.0
0.0005069486851162924
0.0
0.0
0.0
0.0
0.0
0.0
0.0
-5.147581331626838e-5
0.0
0.0008800898194022809
0.0
0.0
0.0
0.0007604680544949319
0.005173391441080737
0.0
0.0
0.0
0.0006227812523524816
0.0011186892262795925
0.0
0.0006415820283586505
0.0
0.0
0.0
0.0
0.0
0.0
0.0
0.0
0.0008884863636254715
0.0
0.0
0.0
0.0
0.0017199390147266402
0.0
0.0
0.0
0.0
0.0
0.0
0.0
0.002148964238850158
0.0
0.0
0.0
0.004057004079045911
0.0006352273477178013
0.0005245736314668616
0.003585687336561648
0.0
0.0
0.000364457216722765
0.0
0.0
0.0018287448417539552
0.002820063812040875
-0.00022786703894700448
0.0
0.0
0.0
0.0
0.0
0.0
0.0024580464430309684
0.0
0.0
0.0
0.0
0.0
0.0
0.0
0.0006258271509147217
0.0
-0.0009461553588357009
0.0
0.0
0.0
0.0
0.0006359508971339874
-0.0002094502821381204
0.0021869969106410527
0.0
0.0
0.0
0.000862088478715514
0.0
0.0
0.0
0.0
0.0
0.001047057875408531
0.0
0.0
0.0
0.0
0.0
0.0006442131051111661
0.0
0.0
0.0018715476920326474
0.0
0.0
0.0
0.0
0.0
0.0
0.0
0.0
0.0007965299093081381
0.0
0.0
0.00090923486645119
-0.0001758380039778477
0.0
0.0
0.0006241659210387781
0.0003872148118255174
0.004751975797037656
0.0
0.0006307547477659474
0.0
0.0
0.001260882167797648
0.0006281219060830581
-0.00018499198895431492
0.0010359628440716317
0.002730534750935853
0.0
0.0027573298391348477
0.0
0.0
0.0019817534519958094
0.0014899098046083944
0.0
0.0
0.0
0.0
0.0
0.0
0.0
0.0
0.0
0.0
0.0
0.0
0.0
6.437814353914673e-5
-0.0004006173793263142
0.002254867776583676
0.0
0.0
0.0010174383495179444
0.0017548827790204457
0.0
0.0
0.0008838596618840227
0.0
0.0
0.0
0.0
0.000898577507961186
0.0
0.0
0.0
0.000856089034788403
0.0009576175889559959
0.0006469032728880281
0.0
0.0006331504265813958
0.0
0.0
0.0
3.107854494161678e-5
0.004932168218400473
0.00015304083995212073
-0.002119300474519138
0.0006272564732069769
0.0
0.0
0.0
0.0
0.0
0.0
0.0008238671183664277
0.0
0.0008599317047259678
0.0
0.001697782288562136
0.0
0.0008969483845547437
0.0
0.0
0.0009833810579933228
0.0
0.0
0.0
0.0
0.0
0.0
0.0
0.0
-7.260258029313401e-5
0.0
0.0011971957457419258
0.0
0.0
0.0
0.0
0.0
0.0
0.0
0.0
0.0011302264072711268
0.0007817902425117085
0.0
0.0
0.0003562966804221622
0.0008786365667983282
-0.00037267035920927297
0.0
0.0020372491209289193
0.0
0.0008049125567692226
0.0
0.0
0.0
0.0
0.0009420272075134729
0.0
0.0
0.0
0.0
6.534447481029486e-5
0.0
0.0
0.0
0.0
0.0
0.0018205643612648904
0.0
0.0
0.000629666843914681
0.0
0.0
0.0006316754870484047
0.0
0.005392587553434218
0.0
0.0
0.0006359336879875924
0.000957502322995392
0.0
0.0008436313246434049
0.00041472418920502567
0.0
0.0
0.0
0.0
0.0
0.0
0.0
0.0
0.0011788955430228636
0.0010180106388373955
0.0008883515631854984
0.0
0.0
0.0
0.0
0.0
0.0
0.0
0.002237316221840052
0.005448292299387083
0.0
-0.00013226162886050127
0.0
0.0
0.0
0.0
0.0007912782302483107
0.0
0.0
0.0
0.0
0.0
0.0
0.001081588077546173
0.0
0.0007730519206362359
0.0
0.0
0.0012927171554731477
0.0
0.0
0.0007830121972562973
0.0007038358473291457
0.0
0.0
0.0
0.0
0.0
0.0
0.0
0.0
0.0
0.0
0.0
0.0
0.0
0.0
0.0
0.0
0.0
0.0032612533712754097
0.0
0.0
0.0
0.000904657537862859
0.0012046123918851499
0.0
0.0
0.0
0.0
0.0
0.0
0.0
0.0
0.0
0.0
0.0
0.00095796985942569
0.002431892661834217
0.0
0.0
0.0
0.0
0.0
0.004963257594162527
0.00048105288317772696
0.0008617467184566504
0.0
-0.00011945747207242
0.0008330564831569197
0.0011837570222402883
-0.0002984313280886102
0.000994119550033754
-0.0002903906589430769
0.0
0.0007809948371737472
0.00036857420197171424
0.000348277543523568
0.0
0.0
0.0
0.0
0.0006291236411448623
0.0
0.0
0.0
0.0
0.0
0.0
0.005681290703390358
0.002681427565605945
0.005031156210019474
0.0
0.0
0.0
0.0
0.0
0.0
0.0
0.0
0.0009479511509026137
0.0
0.0
0.0
0.0
0.0008133583674874809
0.0
0.0
0.0006301536573724892
0.0
-0.0011513167328191048
0.0
0.0
9.241779340378327e-5
0.0
0.0
0.0
0.0006190221722748083
0.0
0.0
0.0
0.0
0.0
0.0
0.0
0.0
0.0
0.0009654851339806624
0.0
0.0058604030254285665
0.0
0.0
0.0
0.0
0.0
0.0
0.0
0.0
0.0003959614673650498
0.0
0.0012219147839938682
0.0
0.0
0.0
0.0
0.0
0.0
-0.0003359169149566571
0.0
0.0
0.0
0.0
0.0
0.0008663908095675428
0.0
0.0010445652702020804
0.0
0.0006388542053281808
0.0005746643147358389
0.0
0.0
0.0
0.0
0.0
0.0
0.0
0.001739536358883535
0.0
0.0
0.0
0.0026292563382735055
0.0
0.0
0.0
0.0
0.0
0.0
0.0
-0.0007361464973443575
0.0
0.0
0.0
0.0009402246848666068
0.0
0.0
0.0
0.0
0.0
0.0
0.0
0.0
0.0
0.0
0.0
0.0
0.0
0.0
0.0
0.0
0.0
0.0
0.0008749226689660537
0.0
0.0
0.0
0.0
0.0
0.0
0.0
0.0
0.0
0.0006984651580466755
-0.0016515089170686388
0.0
-0.0002771482509994772
0.005347029420993206
0.0010154423490766034
0.0
0.0009345470925746515
0.0
0.0013069168779448511
0.0
-0.0006988793728252822
0.0
0.0
0.0
0.0005389315748458031
0.0006372733861961009
-0.0012353828832129014
0.0
0.0
0.0
0.0
0.0
0.0
0.000996750953820723
0.0
0.0
0.0
0.0
0.0
0.0
0.0008907412165176473
0.0
0.0
0.0
0.0
0.0
0.0028477567010304567
0.0008534648470090029
0.0
0.0008637947866355899
0.0
-0.00148269891247569
0.0
0.0
0.0
0.0
0.0
0.0
0.0
0.0
0.0
0.0
0.0
0.0006237036244415906
0.0
0.0
0.0
0.0
0.0
0.00011957701611778999
0.0
0.0
0.0
0.0
0.0
0.0
0.0
0.0
0.0
0.00412867603043508
0.003922982528886332
0.0
0.0006203484139815896
0.002601150078493254
0.0
0.0
0.0
0.0032952238949701864
0.0028260186505398867
0.0
0.0
0.0
0.0
0.0
0.0008538029852947426
0.0
0.0
0.0045717464808787385
0.0
0.0
0.0
0.0006449270205436425
0.002265633904396305
0.002793224597592465
0.0
0.0006423538982190946
0.0
0.0
0.0
0.0
0.0
0.0
0.0
0.0
0.0
0.0
0.0
0.0
0.0
0.00017379246985997241
0.0008566332016869126
0.0
0.0007901867173290974
0.0
0.0
0.0005299134894388591
0.0
0.0
0.0012029718941650568
0.0
0.0
0.0
0.0
0.0
0.0
0.0
0.0
0.0
0.0022049676175249617
0.0
0.0
0.0
0.0
0.0
0.0
0.0
0.0
0.0
0.0
0.0
0.003459254483582809
0.0008893427984747577
0.0
0.0008770284322562848
0.0
1.280390593329227e-5
0.0008492305998587948
2.421663045260628e-5
0.0008667764908977427
0.0008362719790923521
0.0
0.0
0.00012158806300678432
0.0
0.0
0.0
0.0
0.0
0.0
0.0
0.0
0.0008950895695121109
0.0
0.0
0.0
0.001316062833556914
0.00012089582487887781
-0.0003289038736107426
0.0
0.0
0.0008641849480028398
0.0
0.0
0.0
0.0
0.0
0.0
0.0
0.0006345706808564876
0.0005873011357846747
0.0
0.0007366895738539565
0.0
0.0
0.0
0.0
0.0004044475948900973
0.0
0.0
0.00043695451000812035
0.0004041604412315407
0.0
0.0
0.000633469084955859
0.0009038291911765158
0.0005226578921130738
0.0
0.0
0.001116511371259033
0.0
0.0
0.0
0.0
0.00048316935395563003
0.0003057231584211539
0.0
0.0
0.0
0.0
0.0
-0.00011079528930177817
0.0
0.0
0.0
0.0
0.00020085725436090363
0.0
0.0009291612674876278
0.0
0.0
-0.0006388180211198803
0.0
0.0025575032042144887
0.0
0.0
0.003596722637280035
0.0
0.0
0.0009536577028253288
0.0
0.0
-0.001063397502831795
0.0
0.0
0.0
0.0
0.0
0.0007658062493438229
0.0
0.0
0.0006363598646383442
0.0
0.0
0.0
0.0
0.0
0.0
0.0
0.002236459556807643
0.0
0.0018286172366897694
0.0006349976224147836
0.0
0.0
0.0
0.0009332291945520963
0.0
0.0
0.0
0.0008253356333277888
0.0
0.0
0.0
0.0
0.0
0.0
0.0
0.0
0.0
0.0
0.0
0.0
0.0006240602576863749
0.0
0.0
0.0008806776705480093
-0.0006585615068548588
0.0
0.0004226553367576391
0.0009036303907753667
0.0
0.0008787191073034837
0.0
0.0
0.0
0.0006156772306454244
0.002384618916643857
9.557081628683826e-5
0.000521247168432628
0.003024370728664108
0.0
0.0
0.0
0.0
0.0
0.0
0.0
0.0
0.0008766663306560965
0.0
0.0
0.0
0.0
0.0
0.0
0.0024745232750497796
0.0005187151537907403
0.0
0.001001789672308228
0.0
0.0
0.0
-0.0005519783573535563
0.0
0.000924922102109267
0.0005732524830728914
0.0
0.0
0.00062517612210053
0.0
0.0
0.0
0.001760675761277356
0.0
0.0
0.0
0.0
0.0
0.0
0.0
0.0004389014264622019
0.0
0.0
0.0
0.0
0.001049129430600942
0.0045839460214510035
0.002665332196217997
-0.001710851848605844
0.0
0.0013858914712950045
0.0
0.00023405473253682447
0.000990349942750982
0.0010191132225986046
0.0
0.0
0.0008338259306117232
0.0
0.0
0.0
0.0
0.0
0.0
0.0
0.005186478097877015
0.002595255309269389
0.0
-0.00015039488546318586
0.0
0.0
0.0
0.004583132272851425
0.0
0.0
0.0
0.0
0.0003585357754740148
-0.001302129502334805
0.0
0.0009466954335572563
0.0010941125561601834
0.0
0.0
0.003966431960263285
0.0
0.0
0.0
0.0
0.0
0.0
0.0
0.0008419870487619825
0.0
0.0009392389630183319
0.0
0.00623964887558003
0.0
0.0
0.0
0.0
0.0
0.0
0.000881523859996894
0.0
0.0
0.0
0.0012327187538576489
0.0
0.0
0.0
0.0
0.0008011125510136736
0.0
0.00017176409751994647
0.0005077093248641675
0.0
0.0
0.0
0.0
0.0
0.00044317739785197234
0.0
0.0
0.0
0.0
0.0
0.0
0.002868836764547635
0.0
0.0
0.0023847673471058
0.0
0.000926601126006973
0.0009873842360486054
0.0008359597415008132
0.0
0.0
0.0006369755104361866
0.0
0.0
0.0
-0.0004461755223073176
0.0
0.00029490162480074963
0.0008080808802416918
0.0006353574588885311
0.0010501374114165478
0.0
0.0
0.0009229887822895663
0.0
0.0
0.0
0.0
0.0
0.0
0.0
0.0
0.0008307658907347047
0.0008545359251912073
0.0
0.0
0.0
0.0006258976216563557
0.0
0.0006286250326412469
0.0
0.0008478441539364984
0.0
0.0008033946741289251
0.0
0.0
0.0
0.0
0.0
0.0
0.0006275025033218259
0.0019923589920585088
0.0
0.0006478413939829402
0.004339459425703181
0.0
0.0
0.0
0.0
0.0
0.0
0.0
0.0
0.001734040147135084
0.0
0.0
0.0
0.0
0.0
0.0
0.0
0.0
0.0
0.0
0.0
0.0
0.0008775040201784765
0.0
0.0
0.0008150961124950911
0.0
0.0006247981385249137
0.0
0.0009241087012637349
0.0
0.001329830055319327
0.0
0.0006338919122361899
0.0
0.0
0.000581862565697009
0.0
0.0
0.000887572538849132
0.0005822404945205536
0.002481987436109782
0.0
0.0
0.0006221101081076502
0.0
0.0
0.0
0.0
0.0009630806861272003
0.0
0.0
0.0
0.0
0.0
0.0
0.0
0.0
0.0
0.0
0.0010735041363282452
0.0
0.0
0.0
0.0
0.0040684221945056645
0.0
0.0008792888704460392
0.0
0.0
0.0
0.0017736665370014515
0.0
0.0
0.0
0.0019446295358054413
0.0
0.0
0.0
0.0
0.0006428383108353438
0.0
0.003319768372764173
0.005390245583781348
0.0
0.0
0.0
0.0007314051781830641
0.0006261511637038049
0.0
0.0
0.0
0.0008470045565637809
0.0019831050492265375
0.0008911129196737088
0.0
0.0005491713147643928
0.0
0.0
0.0
0.0
0.0
0.0
0.0
0.0033493832857917536
0.0
0.0043106690089760175
0.0
0.0
0.005129153816524103
0.0
0.0
0.0
0.004249231065551648
0.0
0.0
0.0
0.0
0.0
0.0
0.0006249805339291164
0.0
0.0
0.0
0.0
0.0
0.00047955094754785027
0.0
0.0
0.0
0.0
0.0
0.0
-0.0009407242868871241
0.0009277259160519101
0.0
0.0009037672354431166
0.0001996040420805072
0.0
-1.748499004285623e-5
0.0
0.0
0.0
0.0
0.0009837964945091553
0.0
0.0009002558757566036
0.0009331206835150948
0.0008650852433270736
0.0
0.0009495922368950879
0.0
0.0
0.0
0.001244219471866253
0.0
0.0
0.0
0.0
0.0
0.0
0.0027427895381395674
0.0
0.0
0.0
0.0
0.0
0.0006270406567411329
0.0
0.0
0.0
0.0
0.0
0.0
0.0043947541524226455
9.94669382979807e-5
0.0
0.0013009680195497314
0.0006165328239648172
0.0
0.0010247630177131696
0.0
0.0
0.0
0.00030145401943723756
0.0011559804672882429
0.0
0.0
0.0
0.0
0.0
0.0
0.0
0.0
0.0
0.0
0.0
0.0
0.0
0.0007686416002339844
0.0
0.0
0.0
0.0
0.0
0.0006326673157005728
0.0
0.0
0.0
0.0006380327390801152
0.0
0.0
0.0
0.0
0.003926335529072219
0.0
0.0008248615010394884
0.0
0.0
0.0006416677351970297
-0.00010971893870222826
0.0
0.0
0.000871197089112344
0.0
0.0
0.0
0.002516813904508665
0.0
0.0
0.0009181109562694693
0.0006303346622531932
0.0
0.0025681416260906705
-0.0005188340708295808
0.0
0.0
0.0
0.0
0.0
0.00022789816123760357
0.0010187181080586988
0.0
0.0008565064088113009
0.0007346692423626413
0.0006371399952992795
0.0
0.0
0.0
0.0
0.0
0.000631181527325443
0.0
0.0
0.0
0.0
0.0
0.0
0.0
0.0
0.0
0.0
0.0
0.0
0.0
0.0011091785351142894
0.0
0.0
-0.00016218634700710215
0.0
0.0
0.00089834871277397
4.3127617603569424e-5
0.0
0.0
0.0
0.0
0.0
0.0
0.0001658299814720313
0.0
0.0
0.0008584876471595674
-0.0006837996515349162
0.0
0.0
0.0
0.0
0.0025918516299214636
-0.0004390140756125568
0.0
0.0
0.0
0.0
0.0
0.0
0.0
0.0
0.0
0.0008101136442421121
0.0
0.0
0.0
0.0
0.0
0.0
0.0
0.0
0.0007226140313848396
0.0
0.0
0.0
0.0
0.0
0.0
0.0
0.0
0.002763371053855279
0.0
0.0
0.00555582451439151
0.0
0.0
0.0
0.0
0.0
0.0007939299348529719
0.0
0.0
0.0
0.0
0.0
0.0011204374304650895
0.0
0.0
0.0
0.0
0.0
0.0
0.0
0.0
0.0
0.0
0.0004203725277623116
0.0
0.0
0.00255135299254969
-0.00012624177476019556
-0.00047586280082383776
0.0009913689717554787
0.0
-0.00020590655862882257
0.002391458372214372
0.0
0.0
0.0
0.000862447523703445
0.0
0.0
0.0
0.0
0.0
0.0035746194096833027
0.0010185129466596643
-0.00046495371717955483
0.0
-0.00039161299506262947
0.0
0.0
0.0
0.0006410193545430356
0.0
0.0
0.0008741631186140886
0.0
0.0
0.0007754678777404521
0.0
0.0
0.0
0.0
-0.00011915383222447853
0.0
0.0
0.0
0.0
0.0
0.0
0.0
2.839273438297277e-5
0.0
0.004323507291156017
0.0008863966158511132
0.0010123775052509566
0.0
0.0
0.0
0.0
0.0
0.0
0.0
0.0
0.0
0.0
0.0
0.0
0.0
0.0
0.0007319052805047212
0.0006393499353029451
0.0
0.0
0.0006318407717406424
0.0
0.004111764042754926
0.0
0.0
0.0
0.0
0.0
0.0
0.0
0.0
0.0006442665721873738
0.0
0.0
0.0
0.0
0.0010126526786817236
0.0
0.0
0.0
0.0
0.0
0.0
0.0
0.0009089913552749978
0.0
0.000733501359743897
0.0
0.0
0.0
0.0
0.0
0.0010311913310696644
0.0
0.0
0.0
0.0
0.0
0.0
0.0006412579962309852
0.0007904649711402704
0.0006296794809850883
0.0
0.0
0.005078385937525291
0.0
0.0
0.0
0.0
0.0007446348881831878
0.0
0.0
-3.369067545793768e-5
0.0
0.0
0.0
0.0
0.0
0.0
0.0
0.0
0.0
0.0
0.0
0.0
0.0
0.0
0.0006301021103098489
0.00032464791852775436
0.0
0.0
0.0
0.000632660530490902
0.0
0.0
0.0
0.0
0.0
0.0
0.000649974043697528
0.0
0.0
0.0
0.0
0.0
0.0
0.0
0.0
0.0
0.0
0.0
0.0
0.0
0.0
0.0
0.000322242232343565
0.0
0.00039346392745486967
0.0
0.0
0.0
0.0
0.0
0.0008107799010926234
0.0
-0.00024409529532206615
0.0
0.0
-0.00023888510663930976
0.0
0.0006334702806798532
0.0
0.004633205459110529
0.0
0.0
0.0
0.0
0.003975512923629512
0.0
0.0
0.0
0.0
0.0
0.0
0.0010625160635863648
0.0004619232376742183
0.0
-0.001562375819654589
0.0012050674412715184
0.0006283820457850638
0.0
0.0
0.0
0.0
0.0034498899469202005
0.0
0.0
0.0
0.0
0.0006313682481081472
0.0
0.0
0.0
0.0
0.00045564224502717544
0.0
0.0
0.0010270646171113601
0.0
0.0
0.0
0.0
0.0
0.0
0.0008725820270714779
0.0
0.0
0.0
0.0
0.0
0.0
0.0
0.0
0.0010674002995250868
0.0
-0.001139810654535158
-7.199005741158304e-5
0.0
0.0006321015047435344
0.0020339217486780767
0.0
0.0
0.0031323238936506754
0.0002449098576943749
0.0
0.0008967431691298849
0.0
0.0
0.0058012416821820135
0.0
0.0
0.0
0.0
0.0
0.0
0.0
0.0016792174215533896
0.0
0.0
0.0
0.0
0.0
0.0
0.0
0.0
0.0
0.0
0.0017419236340890953
0.0019544717249192
0.0
0.0
0.0
0.0
0.0
0.0
-0.00044900527964856823
0.0
0.0
0.0
0.0
0.0
0.0
0.0
0.0006333311242104943
0.0009440008016531069
0.0
0.0
0.0
0.0
0.0
0.0
0.0
0.0
0.0
0.0
0.0
0.0
0.0
0.0006405377445763552
0.0
0.0
0.0
0.0
0.0
0.003076142769423431
0.0
0.0
0.0
0.0
0.0
0.0
0.0
0.0003601515343095877
0.0
0.0
0.0010143538463630872
0.0
0.0
0.0
0.0
0.0
0.0
0.0
0.0
0.0
0.0
0.0
0.0
0.0
0.0
0.0
0.0
0.0
0.0
0.0
0.0
0.0033291173185792202
0.0
0.0
0.0
0.0
0.0
0.0
0.0
0.0
0.0
0.0
0.0
0.0029324327833639054
0.0
0.0
0.0
0.0
0.0
0.0
0.0
-0.0005212136813236256
0.0
0.0
0.0
9.871430266195734e-5
0.0006380729941990733
0.0
0.0
0.0
0.0008339279244361273
0.0
0.0009547928534917404
0.0008857134926233567
0.0
0.0
0.0
0.0
0.0
0.0
0.0029431498854894673
0.0
0.0
0.0
0.0
0.0
0.0
0.0
0.0
0.0
0.0
0.0
0.0
0.0
0.0
0.0
0.0002712279834340495
0.0
0.0
0.0
0.0027560340003797454
0.0
0.0
0.0
0.0
0.0
0.0
0.0
0.0
0.0
0.0
0.0
0.0
0.0
0.0
0.0
0.0
0.0006043384006134719
0.0
0.0
0.0
0.0
0.0
0.0
0.0
0.0
0.0
0.0
0.000762351607129656
0.0
0.0
0.004545374546210716
0.0
0.0009853256641175702
0.0
-0.001164432880767524
0.0
0.0
0.0
0.0
-1.6794757102105227e-5
0.0
0.0
0.0
0.0
0.0
0.0
0.0
0.0
0.0
0.0028362745164935204
0.0
0.00040160182426695235
0.0
0.005355334125091129
0.001041621267373244
0.0
0.0
0.0
0.0
0.0
0.0
0.0
0.0
0.0
0.0
0.0
0.0
6.788879141771483e-5
0.0
0.0
0.0007386115049225388
0.0
0.0036497423125011227
0.0008826402475496553
0.0
0.0
-0.0013887112529802727
0.0012085375649865792
0.0
0.0
0.0017653392551505978
0.0
0.0011332547730458842
0.0009779642897676404
0.0008661280123593199
0.0
-0.0008283193708429101
0.0
0.0
0.002840284290580638
0.0007909304132160997
0.0
0.0
0.0010094376106686792
0.0006317579155710129
0.0
0.0006322380914710115
0.0
0.0
0.0
0.0
0.0
0.0
0.004095455582999285
0.0006422592956276074
0.0
0.0
0.0
0.0
0.0
0.0
0.0
0.0006360339752341715
0.0
0.0006334003014906495
0.0
0.0001986897976905695
0.0
0.0023890609013944224
0.0
0.0
0.0
0.0006398505804660862
0.003145057954568062
0.0006415451305542437
0.0025701789376713553
0.0
0.0
0.00238039960913104
0.0
0.0
0.0
0.0
0.0
0.0008206257997065015
0.0016369972647435102
0.0
0.0009161871384339042
0.0
0.0018462946730188122
0.0
0.0
0.0
0.0006921865253949161
0.0
0.0
0.0
0.0
0.0
0.0
0.0006872228501364873
0.0
0.0
0.0
0.001781033539898828
0.0
0.0007398943414998015
0.0
0.0
0.0
0.0
0.0
0.0
0.0
0.0
0.0
0.0
0.0
0.0008540569700480512
0.00010807317321759042
0.0044156540582695036
0.0
0.0
0.0
0.0
-2.7507391472607253e-5
0.0
0.0006286648482153067
0.0
0.0
0.0
0.0
0.0
0.0
0.0
0.0
0.0
0.0
0.0
0.0
0.0
0.0
0.0
0.0
0.0
0.0
0.0002149648593559513
0.0
0.0
0.0
0.0
0.0
0.0008118879502760688
0.0
0.0
0.0
0.0
0.0
0.0
0.0
0.0026585518590806064
0.0
0.0005146218098331483
-0.0010377940399275204
0.002361121743301516
0.0011477801296866414
0.0
0.0
0.0
-0.0014396963247180858
0.0
0.0
0.0
0.0
0.0
0.0
0.0001208762349927151
0.00018391471451861886
0.0
0.003093089402336381
-0.0006363035600678921
0.0
0.0
0.001684411195435633
0.0
0.0
0.0
0.0
0.0
0.0
0.0
0.0
0.0
0.0
0.0
0.0
0.0
0.0
0.0
0.0010657161082238545
0.0
0.0
0.0
0.0
0.0
0.0
0.0
0.0
0.0008866771672524961
0.0
0.0
0.0
0.0
0.0
0.004579782325456503
0.0005382672069472835
0.0
0.0
0.0
-0.0006798481079152437
0.0
0.0018754732927607823
0.0
0.0
0.0008743055599876394
0.0
0.0008501580496481842
0.0
0.0
0.0
0.0
0.0027528997805726313
-0.0006711134207595424
0.0
0.0006299237459428573
0.0
0.0
0.0
0.0
0.0
0.0
0.0
0.0
0.0
0.0
0.0
0.004612122938825244
0.000629919821400813
0.0
0.0009175853424868419
0.0
0.00036129085237966853
0.0
0.0032814247350683745
0.0
0.00048183208308667737
0.0016426861918631148
0.0
0.0
0.0
0.0009043249638951629
0.0
0.0
0.0
0.0022809779500584156
0.0
0.0006272998169581544
0.0
0.0
0.0
0.0
0.0006642399231626854
0.0
0.0
0.005691702761841994
0.0
0.0
0.0
0.0
0.0008781228113553558
0.0
0.0016920022020687686
0.0
0.0
0.0
0.0008440500054810564
0.0
0.0
0.0
0.0
0.001041372555372334
0.0
0.0
0.0
0.0
0.0
0.0
0.004339088242708315
0.0
0.0
0.0008815999924244079
0.002775388113667761
0.0
0.0
0.0
0.002721090461913381
0.0
0.0
0.0
0.0009016600191479891
0.0
0.0
0.0
0.0
0.0
0.0
0.0
0.0
0.00021995461215968854
0.0
0.0026617391514109764
0.0
0.0
0.0
0.0
0.0
0.0
0.0
0.0
0.0
0.0
0.0
0.0
0.0
0.0006358947938870546
0.0
0.0
0.0
0.0
0.0
0.006271153976231136
0.0
0.0
0.0
0.0
0.0
0.0
0.0
0.0010127764518525746
0.0
0.0025284044079925375
0.0008315411007436622
0.0009454786430156272
0.0
0.0
0.0
0.0008451475843816492
0.0
0.0
0.0
0.0
0.0
0.0
0.0
0.0
0.0
0.0
0.0
0.0
0.0
0.000634366823000392
0.0
0.0
0.0
0.0
0.0
0.0
0.0
0.000999211589233755
0.0
0.0
-0.000419746936936763
0.0
0.0
0.0
0.0
0.0
0.0
0.0
0.0008505913943515134
0.0009732837293700941
0.0
0.0008435260582455342
0.0006237065411399168
0.0
0.0
-0.0002631937098430646
0.00545516033677661
0.0034356756208124128
0.0006364079206672768
0.0
0.0
0.0
0.0
0.00022312836792987397
0.0
0.0
0.0006408558368190196
-0.0004442510403583783
0.00011346183601013494
0.0
0.0
0.00664198297296055
0.0006190744620659706
0.0025560249369472377
0.0
0.0
0.0009193992704224836
0.0
0.0
0.0
0.0
0.0
0.0
0.0
0.0
0.0
0.0009657576771845855
0.0011145141410348997
0.0
0.0004610038090216572
0.0007715882987600969
0.0
0.0
0.0
0.0
0.0
0.0
0.001937864545470774
0.0
0.0
0.0
0.0
0.0
0.00245058055327575
0.0
0.004924283198114522
0.0
0.0
0.0
0.0
0.001115312485194478
0.0010195629890728984
0.0
0.0
0.0
0.0
0.0
0.0
0.0
0.0
0.0006468090752006312
0.0
0.0009542091425034468
0.0
0.0
0.0
0.0
0.0
0.003833666843210564
0.0
0.002665143622737977
0.0
0.0
0.0006397415333985108
0.0
0.0
0.0
0.0008389200523034463
0.004045643300619657
0.0
0.0
0.0
0.0
0.0
0.0006211837028811038
0.0
0.0
0.000856920691174889
0.0
6.337834317137573e-5
0.0
0.0
0.001212603969347794
0.004339154536198474
0.0
0.0
0.0
0.0
0.0
0.0
0.0009174233588498914
0.0008685881864882461
0.0008923566628663281
0.0
0.0
0.0
0.0
0.0008419259411993583
0.0020701292583600954
0.0
0.0006312580133517168
0.0006368042118441285
0.0
0.00030258209167930404
0.0
0.0
0.0
0.0
0.0
0.0
0.003647651027043028
0.0
0.0
0.0
0.000540921756883825
0.0
0.0
0.0
0.0
0.0
0.0
0.0
0.0
0.0017767524026786581
0.0
0.000939787042463054
0.0
0.0006376329702629345
0.0006325145821016707
0.0013564719546569992
0.0
0.0
0.0
0.0
0.0
0.0
0.0
0.0
0.0
-3.517697645039746e-5
0.0011791102064262926
0.0
0.0
0.0
0.0006380306761423593
0.0
0.0
0.0006229125704264415
0.0
0.0
0.0
0.0
0.0
0.0
0.0
-0.0001063830187865562
0.0
0.0
0.0
0.0013575892440796423
0.0
0.0
0.0
0.0
0.0006275374017816396
0.0009296200685909912
-0.0005846252258848975
0.0
0.0
0.0
0.0
0.0
0.0
0.0
0.0
0.0
0.0
0.00253396566744708
0.0008866040882989753
0.0
0.0
0.000912523309335945
0.0
0.0
0.0059039398881769
0.0
0.0
0.0
0.0007987838911265795
0.0
0.0
0.0026808449593650635
0.0002077503148592268
0.0
0.0006359822690638216
0.0
0.0007508656333861059
0.0
0.0
0.0008094050610515231
0.001249409235950891
0.00016448354686319846
0.0
0.0
0.0
0.0008712805708591564
0.0
0.006306732981551178
0.004925953794247176
0.0
0.0
0.0
0.0
0.0009194617951868179
0.0
0.0
0.0
0.0008088890490752056
0.0
-0.0009781579412281765
0.0
-0.0011982512707364177
0.0
0.0010099160235385622
0.0
0.005334309732227843
0.0
0.001206048509916007
0.0
0.0
0.0010257193436611315
0.0005244578238640513
-0.0005022560372097668
0.0006353030945722199
0.0
0.0
0.0
0.0
0.0
0.0
-0.00034495518594650237
0.0009194848655936634
0.0
0.0
0.0008085120301679452
0.0005983054052714429
0.0
0.0
0.0
0.0007294415069811856
0.0011489033167911237
0.0
0.0
0.000988981313945453
0.0
0.0
0.0
0.0
0.0
0.0
0.0
0.0
0.0
0.0
0.0
0.0009021935273740012
0.0
0.0
0.0
0.0
0.00092317545253532
0.0
0.002329270012244028
0.0009683432724458944
0.001258445596202253
0.0
0.0
0.00081989621172859
0.0
0.0
0.000617570888053917
0.0019488003785432203
0.0
0.0
0.0
0.0
0.0
0.0
0.0
0.0
0.0
0.001038621449898111
0.0
0.0
0.0010077457048899823
0.0
0.0
0.0
0.0
0.0
0.0
0.0
0.0
0.0009130225777055757
0.0
0.0
0.0
0.0
0.0
0.0
0.0
0.0
0.0
0.0
0.0007881076289593869
0.0009311647584441457
0.0
0.0
0.0019656461070254884
0.0
0.0
0.0
0.0
0.0
0.0
0.0025249418045633415
0.0
0.0008513100808463543
0.0
0.0034994627570791746
0.0008910995883743321
0.0
0.0
0.0
0.0
0.0
0.0
0.0
0.0
0.0007149071630721521
0.0
0.0
0.00048716436778450077
0.0
0.0
0.0
0.0009599186303866476
0.0
0.0
0.0
0.004776060240421705
0.0035998351570662194
0.0008275672114761841
0.0
0.0
0.0
0.0
0.0
0.0
0.0
0.0
0.0
0.0
0.0008526184051873199
0.0
0.0
0.0
0.0
0.0
0.0008469168377173491
0.0
0.0
0.0
0.0
0.0
0.0
0.0
0.0
0.0024491027619374917
0.0006337381209629487
0.0
0.0
0.0
0.0
0.0
0.002036011530157533
0.0
0.0
0.0
0.0
0.0
0.0
0.0
0.0
0.0
0.0
0.0
0.0
0.0
0.0
0.0
0.0
0.0
0.0006167867589748993
0.0
0.0034484574650046978
0.00062201581561699
0.0
0.0
0.0
0.0
0.0007665499315689578
0.0010219176809745155
0.0
0.0
0.0
0.0006313604119334619
0.0
0.0
0.0
0.0025150561357275597
0.0
0.0
0.0010478790252129477
0.0006316549134982624
0.00011738970374463082
0.0
0.0
0.0
0.0003945848158004074
0.0
0.004331978672686517
0.0
0.0
0.0
0.0
0.0006424027507563669
0.000251056353732281
0.0
0.0
0.0
0.0
0.0
0.0008661935269100967
0.0
0.0
0.0
0.0
0.0
0.0
0.0
0.0
0.0
0.0
0.0
0.0
0.0
0.0
0.000923683922880509
0.0
0.0
0.0
0.0015407009535480267
0.0
0.0
9.652131952671712e-5
0.0
0.0
0.0
0.0
0.0008469553544382857
0.0
0.0
0.0
0.0
0.0
0.004917992642229066
0.0028288079756921196
0.0
0.0
0.0
0.0
0.0005481749598507335
-0.00047049431086275113
0.0
0.0
0.0
0.0006233170466203025
0.0
0.0
0.0
0.002905322085848724
0.0
0.0009306895541035657
0.0
0.0
0.0
0.0008349836803259903
0.0
1.922104200185694e-5
0.0
0.0
0.004673407737481887
0.0
0.0009622784881522366
0.0034990954752760787
0.0
0.0
0.0
0.0
0.0
-0.0006374505756503412
-0.000610527806732003
0.0
0.0
0.0010488570632938494
0.0
7.72396253733405e-5
0.0
0.00038245764054187735
0.0
0.0
0.0
0.0
0.0
0.0008369810191702078
0.0
0.0
0.0
0.0015409335220048224
0.0
0.0
0.0
0.0
0.0
-0.00048408799955537024
0.0
0.0
0.0
0.0
0.0
0.0
0.0
0.0
0.0
0.0
0.0
0.0
0.0
0.0
0.0
0.0
0.0
0.0
0.0
0.0
0.0
0.0
0.0008603339902190124
-0.0010299930325227858
0.0
0.0009391381881959193
0.0
0.0
0.0008958317218180666
0.006481077085348514
-0.000699057983020109
0.0008469242100608214
0.0
0.0
0.0
0.0030707976397223147
0.0
-0.0004652907348965785
0.0
0.0
0.0
0.0
0.0005950328919989924
0.0
0.0
0.0
0.0
0.0010342410071928427
0.0008749956676742056
-0.0003932744771064478
0.0
0.0
0.0
0.0
0.00398416307642004
0.0
0.0
0.0
0.0
0.0
0.0
0.0
0.0
0.0
0.0
0.0
0.0
0.0
0.0
0.0
-0.0010068940984816045
0.0
0.0
0.0
0.0
0.0
0.0
0.0
0.0006191245601106206
0.0
0.0
0.0
0.0010950127236012033
0.0
0.0006258825042682521
0.0
0.0
0.0
0.0
0.0006232705146249244
4.6547955717770975e-5
0.0
0.0
0.0
0.0
0.0
0.0
0.0006359384972202542
0.0
0.0
0.0
0.0
0.0
0.0
0.0009655548923089244
0.0
0.0
0.0
0.0
0.0
0.0
0.0
-0.0008890920841729975
0.0011889375714025053
0.0
0.0
0.0
0.0
0.0
0.0
0.0008729058557276604
0.0
-0.0007531533622201483
0.0
0.0010243443324989296
0.0
0.0
0.0018251022878620839
0.0
5.47642697274003e-5
0.002871835085771343
0.0
0.0
0.0
0.0
0.0
0.0
0.0
0.0004073448399684534
0.0
6.20958350896461e-5
0.0
0.0
0.0
0.000505641347306334
0.0011699947047025586
0.001001829224186728
0.0
0.0
0.000198905220775417
0.0
0.0
0.002694257436406442
0.0
0.0
0.001554948036986371
0.0
0.0
0.0
0.0010801423205584037
0.0
0.0
0.0
0.0
0.0
0.0
0.0
0.00044109452153990735
-0.0018702969062787274
0.0
0.0
0.0
0.0018763691666089648
0.0
0.0
0.0
0.0
0.0
0.002168441650138413
0.0
0.0
0.0
0.0
0.0
0.0006300334188422334
0.0
0.0
0.0
0.0
0.0
0.000968859786416429
0.0
0.0
0.0007894973477728832
0.0008174869784019064
0.0006988496723859517
0.0
0.0
0.0
0.0
0.0
0.0
0.0
0.0
0.0
0.0
0.0
0.0008599100475295993
0.0007293244153614797
0.0
0.0010755661744743434
0.0
0.0
0.0
0.00011403362653283039
0.0
0.0
0.0
0.0006412515265355882
0.0
0.0
0.0
0.0
0.00048556314435361554
0.0
0.0
0.0
0.0
0.0
0.0
0.0
0.0
0.0
0.0
0.0
0.0
0.0044270696690064245
0.0
0.0008749379893052823
0.0
-0.0005652697086670521
0.0008119031543488204
0.0
0.0009273813606008177
0.0
-0.0016594463183898897
0.0
0.0
0.0008133383169137764
0.0
0.0
0.0013114254539384515
0.0
0.0
0.0
0.0
0.0
0.0
0.0
0.0
0.0006412178920260096
0.0
0.0
0.0009456440016417836
0.0018276030889191627
0.0
0.0
0.001003541197096823
0.00019540256239368719
0.0
0.0
0.0
0.0
0.0
0.0
0.0
0.0005189809378969576
0.0
-0.00048033427181274284
0.0006215452836393207
0.0
0.0006363440032695626
0.0006311085405887771
0.0
0.0006361994347179743
0.0
0.0
0.0
0.0
0.0008142278985241896
0.0
0.0
0.0
0.0
0.0
0.0008517816833948411
0.0
0.0
0.0007503360267275129
0.0
0.0006321969853608809
0.0
0.0009672512671992465
0.0
-0.0005439976381250812
0.0009384270035374356
0.0
0.0
0.0
0.0
-0.0002701647111235356
0.0
0.0
0.0004170296939484269
0.0
0.0
-0.000308823482909722
0.0
0.0009774880346614745
0.0005423566597862594
0.0
0.0
0.0025976257445154863
0.0
0.0
0.0
0.0
0.0
0.0008741491646810206
0.0
0.0
0.0
0.0
0.0014200032619846527
0.0
0.0
0.0008548429010775568
0.0
0.0
0.0
0.0
0.0008668164923020319
0.0
0.0
0.0
0.0009124186811992242
0.0
0.0
0.0
0.0
0.001801181854839225
0.0
0.0
0.0
0.0
0.0
0.0
0.0
0.0
0.0
0.0
0.000970528116966127
0.000626105398630297
0.0
0.0009321903009080282
0.0
0.0
0.0
0.0
0.0006476113702221952
0.0
0.0
0.0
0.0
0.0
0.00010692525313418405
0.0
0.0
0.0
0.0009970186932228178
0.0008232710457811898
0.0006238300400699602
0.0
0.0007560767892680288
0.0
0.0009707300679357736
0.00038708553659462617
0.0
-0.0006827244688310329
0.0
0.00278136696184818
0.0
0.004071802119539463
0.0
0.000912108839573158
0.0
0.0
0.0
0.0
0.0
0.0007717281398337496
0.0
0.0
0.0
0.0
0.0
0.0
0.0006338839962294674
0.0
0.0
0.0
0.0
0.0
0.0
0.0010689616336740414
0.0
0.0
0.0008784338230491297
0.0
0.0
0.0006352185671542875
0.0
0.0005194441084462757
0.0008685136067440944
0.0
0.0
0.0
0.0
0.0
0.0
0.0
0.0
0.0
0.0
0.0
0.0010179096512208368
0.0
0.0
0.0010474699388703685
0.0
0.0
0.0
0.0
0.0
0.0009715638749205696
-0.0002960599986471036
0.0
0.0
0.0
0.0
0.0
0.004996244314659464
0.0
0.0052546624234097615
0.0
0.0
0.0
0.00017440195590842842
0.0
0.0
0.0
0.0
0.0
0.0
0.0
0.0
0.0
0.0
0.0
0.0
0.00015055369894318227
0.0
0.0
0.0
0.0
-0.00030610651004080527
0.0
0.0
0.0
0.0
0.0
0.0
0.0
0.0
0.0
0.0017134276979643515
0.0008768282904834506
0.0
0.0010012305494927667
0.0
0.0
0.005069594034224663
0.0
0.0
0.0006331823381173025
0.0
0.0
0.0008047454293574263
-0.00016257138274217362
0.0
0.0
0.0
0.003492672452663923
0.0
0.0
0.0
0.0
0.0
0.0
0.0
0.0
0.0
0.0
0.0031049418069217676
0.0006274489096731631
0.0
0.0
0.0
0.0
0.0
0.0
0.0006704610536459711
0.00015930827252808334
0.0
0.0
0.0008705431023220107
0.0
0.0
0.0006370543093249442
0.0
0.0
-0.0007246381634344074
0.0
0.001390898252349331
0.0
0.0
0.0
-0.00039304584505493213
0.0
0.0008553654908062747
0.0
0.0
0.0
0.0
0.0
0.0
0.0
0.0
0.0009110392001415894
0.002091743895245063
0.0
0.0
7.251936109529393e-5
0.0
0.0
0.0
0.0
0.00062193642741214
0.0
0.0
0.0006922178975123866
0.0
0.0021670757111377625
0.0
0.0
0.0025070188003290974
0.0009958227233894642
0.0
0.0
0.0
0.0
0.0
0.0
0.0
0.001273410199954647
0.0003255637615559774
0.0
0.0
0.0
0.0009275842401847018
0.0
0.0
0.0001514602286254693
0.0
0.0
0.0
0.0
0.0
0.0
0.0
0.0
0.0
-0.0007403612201297924
0.00036325914642080154
0.0
0.0
0.0010719285183373327
0.0
0.0
0.0
0.0
0.0003395270765033968
0.0
0.0
0.0
0.0
0.004165170263776889
0.0
0.0
0.0
0.000636819704713803
0.0
0.0
0.0
0.0
0.0
0.0
0.0
0.0
0.0
0.0
0.0006327571238371928
0.0
0.0
0.0
0.0
0.002476037935556019
0.0
0.0
0.0
0.0002527809791897683
0.0
-6.3270068480391465e-6
0.00048486904203717997
0.0007430006084968762
0.0
0.003105881243904287
0.0
0.002622439495529223
0.0
0.0
0.0
0.0
0.0
0.0
0.000588369336371692
0.0
0.0
0.0
0.0
0.0
0.0
0.0
0.0008486714896516815
0.0
0.0
0.0
0.0
0.0
0.0
0.0
0.0
0.0
0.0
0.0
0.0
0.0
0.0
0.00044863500681657125
0.0
0.0
0.0
0.0
0.0
0.0
0.0
0.0008823779716873716
0.0
0.0
0.0
0.0
0.0
0.000403763093417315
0.0
0.0
0.0
0.0
-0.00043896160584195703
0.0
0.0
0.0
0.00416357307430955
0.0
0.0033413669915589514
0.0
0.0
0.0
0.0008383004228863919
0.0
0.0
0.0
0.0
0.0007054479681927922
0.0023341508549253763
0.0
0.0
0.0
0.0027215253437903714
0.0
0.0007317560444530501
0.000868789271074068
0.0
0.0
0.000596511293722416
0.0
0.0006338568483013095
0.0
0.0
0.0
0.0
0.0
0.0
0.0
0.0
0.0
0.0
0.0
0.0
0.0
0.0006150212403620617
0.0
0.0
0.0
0.0003487104332284156
0.0
0.0
0.0
0.0
0.0
0.0
0.000727962544817468
0.0
0.0
0.0008128369935351315
0.0011577604641659367
0.0
0.0006330689277648222
-0.001128758973518272
0.0
0.0006375298044267395
0.0
0.0
0.0010477755580083352
0.0
0.0
0.0
0.0006474309063461987
0.0
0.0
0.0
0.0
0.0
0.0002806010535461631
0.0
0.0
0.0
0.0006385625565533145
0.0
0.0
0.002225417640239001
0.0
0.0
0.004200441260532677
0.0009914262506381724
0.0
0.0
0.0
0.0
0.0006434706912315932
0.0
0.0
0.0
0.0006243856877284695
0.0
0.0034134310722996257
0.0
0.0
-0.00037425098938281755
0.0
0.0008967966327362915
0.0
-0.00037790266610311597
0.0
0.0
0.0
1.5834868177985955e-5
0.0
0.0
0.0
0.0
0.0
0.0010303249107949956
0.0
0.0019872465663107117
0.0
0.005550320166048817
0.0026288376152176205
0.0
0.0
-0.0004938297953994181
0.0
0.0
0.0
0.0
0.0
0.0010224453646445716
0.0
0.0
0.0012609226269173727
0.0
0.0
0.0
0.0
0.0
0.0
0.0
0.0
0.0
0.0
0.0006267090981082778
0.0
0.0
0.0
0.0
0.0
0.0
0.0038560922108130044
0.0
0.0
0.0
0.0
0.000855199446350743
0.0
0.0
0.0
0.0
0.0
0.0
0.0046530671108801075
0.0
0.0
0.00012918974583490126
0.00054272397395909
0.0
0.0
0.0
0.0
0.0
0.0009139911481488245
0.0
0.0
0.0
0.000800966473428696
0.0
0.0
0.0
-8.226533785481689e-5
0.0
0.0
0.0
0.0
0.00019530349369949326
0.0006241014603543778
0.0007895431978015376
0.0008365641463278922
0.0
0.0
0.0
0.0
0.0
0.0
0.0
0.002576568347364291
0.0
0.0
-0.0008206716322994193
0.0
0.0006345491986016196
0.0
0.000615416257732449
0.0
0.0
0.0
0.0006544184418382338
0.0009818130395101486
0.0
0.00050912783153394
0.0006178975546866988
0.0
0.0
-4.629305293102661e-5
0.0
0.0006341681190294073
0.0
0.0
0.0006258956205464745
0.0
0.0
0.0
0.0
0.00048288835546228027
0.0012103501134017155
0.0
0.0
0.0
0.0
0.0023983126207142726
0.0
0.000866839466627195
0.0050467620245612695
0.0
0.0
0.0
0.0
0.0
0.0
0.0
0.0
0.0
0.0
0.0006288092140806866
0.005384410592443653
0.0
0.0
0.005557385096494312
0.0
0.0
0.0
0.0038145944810988185
0.0
0.0
0.0
0.0009050231063566162
-0.0004207802274077665
0.0007688813884810788
0.0005823835222152282
0.0
0.0
0.0
0.0
0.0
0.0
0.0
0.0006343360533429022
0.0
0.0008771216157555073
0.0
0.0
0.0
0.0011211278322673503
0.0
0.0
0.0
0.004312828118155407
0.0
0.0
0.0
0.0
0.0
0.0010104098242861856
0.0
0.0009204497977885395
0.0
0.0
0.0006297970288923851
0.0
0.0
-0.0002498999488571798
0.0
0.0006379362523297867
0.0007331369477584376
0.0
0.0
0.0
0.0
0.0
0.0
0.0
0.0
0.0
0.0
0.0
0.0
0.0032203814169673235
0.0
0.0
0.0
0.0
0.0
0.0
0.0
0.0
0.0
0.0006256304394179432
0.0
0.0004992209273906312
0.00034027384640315827
0.005151234448408707
0.0
0.0
0.0
0.0006393054025916557
0.0
0.0
0.0
0.0023249080728750954
0.0
0.0
0.0
0.0008645813744528899
0.0
0.0
-0.00016153597674952667
0.0006575041604912111
0.0
0.0
0.0
0.0
0.0024334773417339335
0.0
0.0
0.0
0.006908108078921394
0.0
0.0
0.0015608674764524088
0.0
0.0
0.0
0.0008267449186999086
0.0
0.0
0.0007424561780317219
0.0
0.0
0.0
0.0010429881677671768
0.00014909319710371905
0.0
0.0
0.0
0.0
0.0
0.0
0.0
0.0
-0.0002201512458470398
0.0
0.0
0.0008046611385876043
0.0
0.0009287659046224712
0.0
0.0
0.0
0.0
0.0
0.0
0.0009221241747605316
0.0006374581143847177
0.0
0.0
0.0
0.0
0.0
0.0
0.0
0.0
0.0
0.0
0.000844235849942295
0.0
0.0
0.0
0.0010210892946151912
0.000719084172473388
0.006290769071301167
0.0006325254180203278
0.00017189032511150535
0.0
0.0007461464319609471
0.0
0.0
0.0
0.0
0.0
0.0
0.0008353621731235974
0.000899929916219403
0.0
0.0
0.0
0.0
0.004149700826039113
0.0
0.0032154562971285264
0.0
0.0
0.0009136974317673354
0.0
0.000995458033628951
0.000639678726639306
0.0
0.0
0.0
0.0
0.0
0.0011096968823291868
0.0
0.0
0.0
0.001007842836792333
0.0
0.0008433059933160755
0.0
0.0
0.0
0.0006286155518419647
0.005508544457393216
0.0
0.0009528136509080277
0.0005712041758133421
0.001064673020962129
0.0
0.0
0.0
0.0
0.0
0.0
0.0
0.0
0.0
0.0
0.0
0.0006334353899934585
0.00027906070888816976
0.0
0.0
0.0008019943546242077
0.004124414925989171
0.0
0.0
0.0031155508215825484
0.0
0.005408528484753431
0.0006244793989347654
0.0
0.0
0.006048464125585535
0.005385178159648123
0.0
0.0
0.0
0.0
0.0
0.0009464899151110185
0.0
0.0
0.0
0.0
-0.0005166527245229486
0.000619521816252696
0.0006343938265904799
6.023995095996965e-5
0.0
0.0
0.0
-0.0004240367453296397
0.004724447690827357
0.0
0.0
0.0
0.0
0.0
0.0
0.003408185327887947
0.0
0.0
-7.421573989858433e-5
0.0
0.0
0.0
0.0
0.0
0.0
0.0
0.0
0.0
0.0
0.0
0.0030895357296963403
0.0017240194195986493
0.0
0.0
0.0
0.0
0.0
0.0
0.0
0.0
0.0
0.0
0.0
0.00034507908863297984
0.0
0.0
0.0001531558006042398
0.0
0.0009185127024966655
0.0
0.0
0.0
0.0
0.0
0.0
0.0
0.00040110350686747105
0.0006293749050343283
0.0
0.0
0.000937350923545342
0.0
0.0
0.0
4.697393835661591e-5
0.0
0.0
0.0008357509297820079
0.0
0.0006414471800901912
0.001259884064526337
0.0006268020932799979
0.0
0.004498078457653516
0.0
0.0
0.0007787299675961779
0.0
0.0
0.0
0.0
0.0
0.0008662906560486727
0.0
0.0
0.0
0.0
0.0
0.0
0.0
-0.00021662991683116522
0.0
0.0
0.0
0.0
0.0
0.0
0.0
0.0
0.0
0.0
-0.0005122523233452931
0.0
0.000616443689835582
0.00017674510817700754
0.000838026604773559
0.0
0.0007551490797523167
0.0008327696656677227
0.0
0.0
0.0
0.0
0.0
0.0
0.0
0.0
0.0
0.0006293202459777309
0.0009827911656884723
0.0
0.0
0.0
0.0
0.0006329954476467195
0.0
0.0
0.00043566820689393303
0.0
0.0006743574531984716
-0.0007653512306736277
0.002770889192533636
0.0008854912457357525
0.0
0.0
0.0
0.0
0.0
0.002507911051045816
0.0
0.0
0.0
-0.0002567804177986936
0.0
0.000839614496563438
0.0
0.001209998362068028
0.0
0.0
0.0
0.0
0.0
0.001260809438743371
0.0020771668279471757
0.0006321728229136952
0.0
0.0028271105004948156
0.0
0.0
0.0
0.0
0.0010666764464520473
0.0
0.0
0.0
0.0
0.0
0.0
0.0
0.0
0.0
0.0
0.0
0.0
0.0
0.0
0.0
0.0
0.0009132349912740399
0.0
0.0008214247274593785
0.0
0.0
0.0
0.0
0.0008590024152027094
0.0
0.0
0.0
0.0
0.0005811319771508823
0.0
0.0
0.0
7.577450994287639e-5
0.0
0.0
0.0
0.0
0.0
0.00021127112634405747
0.0006367365294441103
0.0
0.0009637216527811159
0.0
0.0011508976839187518
0.0
0.0
0.0
0.0
0.0
0.0
0.0009171902689497528
0.0
0.0
0.0
0.0
0.0009484244077283929
0.0
0.000783625629247818
-0.0002613613674047674
0.0
0.0
0.0
0.0
0.0
0.0
0.0
0.0
0.0
0.0
0.0
0.0
0.0
0.0
0.0
0.0
0.0
0.0
0.0
0.0
0.0
0.0
0.0
0.0
0.0
0.002597266471578423
0.0
0.0008315974149636724
0.0011473828988484147
0.0
0.0009731525836509873
0.0009469061847252341
0.005583893414414788
0.0008789752362294682
7.893293983934557e-5
0.0
0.0
0.0
0.0
-0.0009934527521790531
0.0057409843067955805
0.0
0.0
0.0
0.0
0.0
0.0
0.0
0.0
0.0014340039177215718
0.0
0.0
0.0
0.0
0.0
0.0
0.0
-0.0006896157900337371
0.00015365827332225528
0.0
0.0
0.002652602154291084
0.0
0.0006293477428470653
0.0
0.0
0.0
0.0
0.00022347136066477793
0.0
0.0
0.0
0.0032711270026755295
0.0
0.0
0.0
-0.000874225961363643
0.0
0.0
0.000865572503343425
0.0
0.0
0.0
0.0
0.0006397669416387086
0.0
0.0
0.0006357219117534868
-0.0008299691014895368
0.005081551243937506
0.0
0.0
0.002818872718539187
0.0008206997876768778
0.0008565581899461698
0.0
-0.0006574293199194309
0.0
0.0
0.0
0.0
0.0
0.0
0.0
0.0
0.0
0.0006312748790145543
0.0006455939631912803
0.0
0.0007449145976606066
0.0
0.0
0.0009489207953029365
0.0006170491973903534
0.0
0.0006334208409243041
0.0
0.0008369495574388274
0.0
0.0
0.0
0.0006389596414740012
0.0
0.0
0.0
0.0
0.0
0.0
0.0
0.004068226342156284
0.0
0.0
0.0
0.0
0.0
0.0
-0.0006592308431870035
0.0
0.0
0.006093702448277111
0.0
0.0
0.0
0.0009789572588645463
0.0
0.0008262955975014042
0.0
0.0
0.0
0.0
0.0
0.0
0.0
0.0
0.0
0.0
0.0
0.0002597948975908007
0.0
0.0
0.002627700323819468
0.0
0.0
0.0
0.0
0.0
0.0
0.0
0.004058150137917167
0.0
0.0
0.00015008889564723066
0.0
0.0
0.0009257852234591388
0.0
0.0
0.0
0.0
5.4555800475830526e-5
0.0010853262580143449
0.0
0.0
0.0
0.0
0.0
0.0006232940879327852
0.0
0.0005016989245227444
0.001580677902657425
0.0
0.0
0.0
0.0
0.00023996906403102658
-0.0002669520974269707
0.0
0.0
0.002751171936675098
0.0
0.0
-0.00041866302673478957
0.0016479686935266318
0.0
0.0
0.0
0.0
0.004858486761531528
0.0008885580410922128
0.0
0.0
0.0
0.0
0.0
0.0
0.0
0.0003684730335293503
0.0
0.0
0.0
0.0
0.0023928502752045286
0.0
0.0
0.0009342215584539481
0.0028135306067693247
0.0
0.0
0.0011105279247116742
-0.0008778742311391209
0.0022800733485593065
0.0006825267442143346
0.0
0.0
0.0
0.0
0.0
0.0010150812517434127
0.0009097801426732935
0.0
0.0
0.0010240359366625578
0.0
0.0
0.0
0.0008446096099365269
0.0
0.0
0.0
0.0
0.0002378411336237058
0.0
0.0
0.0
0.0
0.0
0.0
0.0
0.004080440213169108
0.0
-4.41511458486844e-5
0.0
0.0
0.0
0.0
0.0016317154546471584
0.0008187327163399833
0.0
0.0
0.0
0.0
0.0024958802976371877
0.0
0.0008370917209990798
0.0
0.0008946004353658519
0.0
0.0
0.0
0.0
0.0
0.0
0.0011302725785565955
0.0
0.0
0.0009151217887561614
0.0008552648822768405
0.0
0.0
0.0
0.0
0.0
0.0026454678882862994
0.0
0.0
0.0
0.0
0.0
0.0007134166803333423
0.0
0.00014594359869578665
0.0
0.00298054832449584
0.0
0.0
0.0006385246499297181
0.0
0.0
0.0007567568552266336
0.0
0.0006160264884970524
4.1077164494625013e-5
0.002120417912696388
0.0
0.0
0.0
0.0008390992326457448
0.0008643795482779187
0.0
0.0008986486984442527
0.0
0.0
0.0
0.0
0.0
6.540338241680658e-6
0.0
0.0
0.0006209142953308565
0.0004023670721663092
0.0007933145779759376
0.0
-0.000639984565912998
0.0
0.0
0.0
0.0
0.0
0.0
0.0
0.0
0.0
0.0
0.0
0.0
0.000889145836822514
0.004050516250129753
0.0
0.0
0.0
0.0
0.0007978253994910643
0.0
0.0008481114642575391
0.0
0.0
0.0
0.0007876896024695872
0.0
0.0
0.0
0.0
0.0005534566276603073
0.0008991781810340441
0.0
0.0
0.0
0.0
0.0
0.0
0.0
0.0008598026473733041
0.0
0.0
0.0
-0.0011471791904401304
0.0
0.0
0.0
0.0006356546717174058
0.0
0.0
0.0
0.0009090805979087354
0.0
0.0026577512040884283
0.0
0.0009465619823896366
0.0
0.0007679093472215176
0.0
0.0
0.0
0.006236402887539033
0.0
0.0
0.0
0.002419298993383088
0.0
0.0
0.0
0.0
0.0
0.0009104253962607162
0.0
5.822670112928966e-5
0.0
0.0
0.0
0.0
0.0
0.0
0.005708957179536865
-0.0003734085800246659
0.0
0.004531914735722609
0.0
0.0
0.0019466030134348835
0.0
0.0
0.001342864743265622
0.0
0.0
0.0
0.0
0.0
0.0
0.0
0.0006762217941328202
0.0006371785810665834
0.0
0.0
0.001076686225622176
0.0006313765004841755
0.0
0.000749047224583151
0.0
0.0006356939406119852
0.0
-0.0004335918682437619
0.0
0.0
0.005718522156240391
0.0
0.0
0.0
0.0
0.0
0.0
0.0
0.0008965878908488737
0.0
0.000888806841365273
0.004738176801931669
0.0
0.0
0.0
0.0
0.0
0.0
0.0
0.0008651456309854928
0.0
0.002094777564195359
0.0
0.0
0.0018161648937697888
0.0008117542991854608
0.0
0.0
-0.0004401473899963608
0.0008767562177964576
0.0
0.0
0.0
0.0
0.0
0.0
0.0
0.0
0.001609079029747427
0.0010729677609506059
0.0
-0.0004962745219726929
0.0
0.0
0.0009471092210280946
0.0
0.0007578509840978965
0.0
0.0
0.0
0.002212027910816129
0.0
0.0
0.0
0.0
0.0006335512579770416
0.0
0.0
0.0
0.0
0.0
0.0
0.0
0.0
-0.0007278448841663433
0.0
0.0
0.0
0.0
0.0
0.0
0.0
0.0
0.0
0.0006451783971353335
0.0
0.0
0.0
0.0
0.0
6.360392263040167e-5
0.0
0.0
0.0
0.000770834147806957
0.0
0.0010275930187721464
0.0
0.0
0.0
0.002074273122398402
0.0008242080702998866
0.0030635663814671567
0.0
0.0
0.0
0.0
0.0008433723405561883
0.0
0.0
0.0
0.0010428895399793553
0.0032364278127532875
0.0
0.0
0.0
0.0023239607602987336
0.0
0.0
0.0
0.0
0.0
0.0
0.0006353275773589974
0.0005110092610999487
0.0
0.0
0.0008476498302969157
0.0
-5.0405031651037046e-5
0.0
0.0
0.0
0.0
0.0020976961124357083
0.00035676756465334136
0.001656391696286898
0.0
0.0
0.0
0.0006227835137059131
0.0
-6.451369919636501e-5
0.0
0.004688554735744876
0.0
0.0
0.0
0.0
0.0
0.0
0.0030795942826887515
0.0030617565944354793
0.0
0.0
0.0
0.0
0.0
0.0
0.0
0.0009783497459576462
0.0
0.0
0.0
0.0
0.0
0.0
0.0
0.0015909126888385941
0.0
0.0
0.0
0.0
0.006568569939487182
0.0
3.846378122689138e-5
-1.3723474330789758e-5
0.0
0.0
0.0
0.0
0.0007221112814178804
0.0
0.0005743612828304822
0.0010917366520324474
0.0
0.0
0.0
0.0
0.0
1.5288085449804147e-5
0.0
0.0
0.0
0.0008184289667909591
0.0
0.0
0.0
0.0
0.00042208874044118936
0.0
0.0
0.0
-4.0859679149708554e-5
0.0009057752755858719
0.0
0.004336622139352271
0.0
0.0
0.0
0.0008653222910666202
0.0
0.0
0.0
0.004186019109726713
0.002099163628005455
0.0008294797408800304
0.0006255709158580679
0.0
0.0027908927067546536
0.0
0.0
0.0
0.0
0.0
0.0
0.0
0.0
0.0
0.0
0.0011765158648340162
0.0
0.0
0.0008776132647636432
0.0
0.0
0.0
0.0
0.0
0.0
0.0
0.0
0.0
0.0008816356153374428
0.0
0.0008552258782770952
0.0
0.005909538252849167
0.0
0.0
0.0
0.0010226559290493658
0.0
0.0008531458793132201
0.0016818401440815212
0.0
0.0
0.0
0.0
0.0015197608385289427
0.0008462759764421207
0.0
0.0
0.0008186333604008433
0.0
0.0
0.0
0.00033685744610978857
0.0
0.00040186370670841826
0.0034466153421029147
0.0
0.0008995318096997049
0.0006277421197495357
0.0
0.0004859405700014445
0.0
0.0
0.0006387422111005858
0.0
0.0
0.0
0.0
0.0
0.0006361182089730979
0.0
0.0
0.0
0.0
0.0
0.0
0.0
0.0
0.0
0.0006329473483370269
0.0
0.0006391581390309773
0.0
0.0023436134040976573
0.0
0.0
2.7738575884410218e-5
0.0
0.0
0.0008728468481596086
0.0
0.0
0.0
0.0
0.0
0.0
0.0
0.0
0.0
0.0
0.0
0.0
0.0
0.0003760964609551891
0.0
0.0
0.0001731330708943916
0.0
0.000643930291327941
0.0024224924803916115
0.0
0.0
0.0
0.00041469693409788817
0.0
0.0
0.0
-0.00025153889486896164
0.0006426826185403417
0.004128419838184607
0.0
0.001564953802331757
-0.0006157551677230662
0.0
0.0008250410986423897
0.0
-0.0006092910143636747
0.0008745709106881023
0.0
0.0
0.0
0.000627668519482673
0.0
0.0
0.004492433790319389
-0.0004072946889717509
0.0
0.0
0.0
0.00042381173602405964
0.0
0.0
0.0
0.0
-0.0007233304451579201
0.0
0.0
0.0
-0.0005752935232024727
0.000692011333289174
0.0011167768778963735
0.0
0.0
-1.3681541267840202e-6
0.0
0.0
0.0
0.0
0.0
0.0
0.0
0.0007751394073862614
0.0
0.0
-4.1759818100471764e-5
0.0
0.0
0.0
0.0
0.003105739946239882
0.0
0.0009569183636972836
0.0
0.0
0.0
-0.00020046111082002943
0.0
0.0
0.0008402940770763076
0.0
0.0006280684184690388
0.0
0.0011059427368244653
0.0
0.0
0.0
0.0
0.0008130126997216123
0.0
0.0
0.0
0.0
0.0028102917805116236
0.0010829769630338265
0.00048067548926569216
0.0008818522189824792
0.0
0.0
0.0
0.0
0.0
0.0
0.0009571121830885971
0.0
0.0
0.0
0.003802299811851774
0.0
0.0
0.0
0.0
0.0
0.0
0.0
0.0
0.001944282086001933
0.0
0.0
0.0
0.0
0.0006385674773494139
0.0
0.0
0.0
0.0
0.0
0.000632569140419479
-7.709188220521656e-5
0.0
0.0
0.0
0.0013466562054869548
0.0017040752420774102
0.0
0.0015698286609750155
0.0
0.00087180287358535
0.0008377920771310461
0.00041966171382308624
0.0
0.0003949917448473261
0.0
0.0006436299838473187
0.0
0.0
0.002123675604732897
0.0010996567765825195
0.004928441924725622
0.0
0.0
0.0
0.0
0.0
0.0
0.0
0.002522535745815174
0.0
0.0
0.0
0.0
0.000773529584481565
0.0
0.0
0.005868157185647102
0.0
0.0
-0.0011530277313497575
0.0
0.0
0.0
0.002920407198332671
0.0
0.000621805616866728
0.0
0.0009187437314197098
0.0008758870608171744
0.0
0.0027305497189646062
0.0
0.0007327524748763354
0.0
0.0
0.0
0.0
0.0
0.0
0.0
0.0
0.0
0.0
0.0
0.0
0.0
0.0
0.0
0.0
0.003438574592156062
0.0
0.0006425748699148379
0.0
0.0
0.0
0.0
0.0
0.0
0.0
0.0
0.0
0.0
0.0
0.0010031451237925888
0.0
0.0
-0.0016323405516601808
0.0
0.004466261967408589
0.0
0.0
0.0
0.0006261551389622258
0.0
0.0
0.005879742757188032
0.0
0.0
0.0
0.0
0.0
0.0008691277514817972
0.0
0.0
0.0
0.0
0.0
0.00016401907481767278
0.0
0.0
0.0
0.0
0.0032858152928565486
0.0
0.0
0.00013807582329549028
0.0
0.0008335051409473116
0.0
0.0
0.0
0.0041003550009516615
0.0
0.0
0.0
0.0
0.0
0.0009015695098945618
0.0
0.0029899965066331542
0.0
0.0
0.0
0.0
0.0
0.0
0.0
0.0
0.0
0.0
0.0
0.0
0.0027339738872675444
0.0
0.0
0.0
0.0
-0.00013532675147195073
-0.0003032771009791689
0.0006365135252364845
0.0
0.0
0.00148743297951236
0.0008131795149310449
0.0
0.0
0.0
0.0
0.0
0.0022533196194126706
9.29301376659197e-5
0.0
0.0
0.0
0.0
0.0
0.0004324091807039824
0.0
0.0
0.0
0.0
0.0
0.0
0.0
0.0
0.0
0.0
0.0018315408662837992
0.0
0.0
0.0
-0.0007882783164335077
0.0
2.0307911894774095e-5
-0.0006484135709720402
0.0
0.0
0.0
-2.761624342760529e-5
0.0
0.0
0.0
0.0
0.0008452878492250938
0.0
0.0
0.0
0.0009245163918719732
0.0
0.0017567312072694432
0.0
0.002566684603218313
0.0
-0.0009827775803628606
0.0
0.0
0.0
0.0
0.0
-0.0001999083239473659
0.0
0.0013745364751977978
-0.0009101569109521834
0.0
0.0
0.0
0.0
0.0
0.0
0.0
0.0
0.0006334512877279875
0.0
-0.0002874831473406527
0.0
0.0
0.0015722935469218253
0.0
0.0
0.0
0.0008335013442911333
0.0
0.0
-0.0003999488278045054
0.0
0.0008768625431035719
0.0
0.0
-1.4139019884386379e-6
0.0004230177265229218
0.0
0.002964191930925391
0.0
0.0
0.0
0.0
0.0
0.0006323293303269678
0.0
0.0
0.0027697185706627805
0.0
0.0
0.0
0.0
0.0
-0.0012855257999108262
0.0011605845286810073
0.0
0.0
0.0
0.0014257726330218956
0.0008295302942983749
0.0
0.0
0.0
0.0
0.0
0.0
0.0
0.0031519773591338817
0.001051965598960107
0.0
0.0
0.005320281897584693
0.000836918240752327
0.0009750722159315
0.0
0.0
0.0
0.000737590213894553
0.0
0.0008870051022186528
9.7435683533146e-5
0.0006454806716595199
0.0001540586154288106
0.0006316761423631051
0.002584291547485973
0.0
0.0
0.0
-0.00037730654866757437
0.0
0.0
0.0
0.0006344166215188999
0.0008523739252535161
0.0015388245368265173
0.0
0.0
-0.00016656539073204918
0.0
0.0
0.0034468866584304635
0.0006057888587956176
0.0
0.0
0.0
-0.0005485255743173013
0.0
0.002461753723557911
0.0
-0.00015214626115150952
0.0
0.0
0.0
0.0
0.00021817711224688435
0.0
0.0
0.0
0.0048153479035318
0.0
0.0
0.0
0.0
0.0
0.0
0.005245893430851618
0.0
0.0
0.0
0.0
0.0006277235514583445
0.0
0.0
0.002343725677402214
0.0
0.0
0.0
0.004697233517114765
0.0
0.0
0.0
0.0
0.0
