0.0
0.0
0.0
0.0
0.0
0.0
0.0
0.0
0.0
0.0
0.0
0.0
0.0
0.002012951495666616
0.002255373166590488
0.0
0.0
0.0
0.0
0.0
0.0
0.0
0.0020397121560034484
0.0
0.0
0.0008892529848537307
0.0009692979551023752
0.0
0.0
0.0005696400761497966
0.001327116813639167
0.0
0.0
0.001604817212937673
0.0
0.0
0.001656036512512517
0.0
0.0
0.0
0.0
0.0
0.0
0.0
0.0009377857225241651
0.0007509450144272564
0.0
0.0006595487347325134
0.0
0.0
0.0
0.00028273151511899085
0.0
0.0
0.0
0.0
0.0007545908753221671
0.0
0.0
0.0
0.0
0.0
0.0
0.0002971874660258949
0.0
0.0
-5.056545292644297e-5
0.0
0.0
0.000651724231721357
0.0
0.0
0.0
0.0
0.0
0.0
0.0
-0.0002674767249850044
0.0
0.0009147141614962784
0.0
0.0
0.0
0.0008109750157744842
0.005068224675161111
0.0
0.0
0.0
0.0006355134535383914
0.001178553672739361
0.0
0.0005486292489608071
0.0
0.0
0.0
0.0
0.0
0.0
0.0
0.0
0.0007446168885099939
0.0
0.0
0.0
0.0
0.0018527552798586408
0.0
0.0
0.0
0.0
0.0
0.0
0.0
0.0024301169416450826
0.0
0.0
0.0
0.0034282177184656575
0.0006496257413928402
0.000372750979941004
0.0028336820363214703
0.0
0.0
0.00013021917467006283
0.0
0.0
0.0018211077940227206
0.002230818558822469
-0.00035926369672296325
0.0
0.0
0.0
0.0
0.0
0.0
0.002241152728091202
0.0
0.0
0.0
0.0
0.0
0.0
0.0
0.0006166054904546636
0.0
-0.0005900128491090835
0.0
0.0
0.0
0.0
0.0006442147700874279
-6.643372242851753e-5
0.0023969344480313888
0.0
0.0
0.0
0.0008746800484012774
0.0
0.0
0.0
0.0
0.0
0.0009188127208449885
0.0
0.0
0.0
0.0
0.0
0.0006521653865078536
0.0
0.0
0.0017313707207556876
0.0
0.0
0.0
0.0
0.0
0.0
0.0
0.0
0.0007933734732834499
0.0
0.0
0.0009580519221172041
-0.0004949039109392138
0.0
0.0
0.0006211116918495484
0.00046723263584896716
0.005462948926646379
0.0
0.0006496742694658998
0.0
0.0
0.0016830020759626388
0.0006363726452111223
-4.0968963990306984e-5
0.001034190986398226
0.0030740976969591033
0.0
0.0028678132601525487
0.0
0.0
0.0019769072618787712
0.0017731718764073395
0.0
0.0
0.0
0.0
0.0
0.0
0.0
0.0
0.0
0.0
0.0
0.0
0.0
0.00032458272427813526
-0.0002629233858130818
0.0016169634978043465
0.0
0.0
0.000978519101997016
0.001880554223823279
0.0
0.0
0.0008898604205263713
0.0
0.0
0.0
0.0
0.000918457416028085
0.0
0.0
0.0
0.000884772488613756
0.0010009236737557549
0.0006295119816454162
0.0
0.0006218284574539204
0.0
0.0
0.0
-0.0002886519166469248
0.005719735426343789
-0.0004937510944731475
-0.0014388389984160467
0.0006490237651695751
0.0
0.0
0.0
0.0
0.0
0.0
0.0007762234365329038
0.0
0.0009151325340211723
0.0
0.0018658856470908632
0.0
0.001081019415859942
0.0
0.0
0.0009590225505544912
0.0
0.0
0.0
0.0
0.0
0.0
0.0
0.0
-1.8682398742561374e-6
0.0
0.0012302939755626946
0.0
0.0
0.0
0.0
0.0
0.0
0.0
0.0
0.0009653255426774644
0.0008028343470131121
0.0
0.0
0.000247715771148856
0.0008435333111905854
2.7965440958998507e-5
0.0
0.002082672175140989
0.0
0.0008913194700643841
0.0
0.0
0.0
0.0
0.000887407942900456
0.0
0.0
0.0
0.0
-0.00010043375133967234
0.0
0.0
0.0
0.0
0.0
0.0021485833295612545
0.0
0.0
0.0004303729061694572
0.0
0.0
0.0006317592777913999
0.0
0.005063129717970289
0.0
0.0
0.0006478479539750937
0.0008399776611119015
0.0
0.0007781630673937629
0.00021607553752122418
0.0
0.0
0.0
0.0
0.0
0.0
0.0
0.0
0.0011719260093735102
0.00089145448124878
0.0009104500376443371
0.0
0.0
0.0
0.0
0.0
0.0
0.0
0.00244919718416474
0.005259723444904587
0.0
-0.0003609441243118644
0.0
0.0
0.0
0.0
0.0008889713406818164
0.0
0.0
0.0
0.0
0.0
0.0
0.001010366335655914
0.0
0.0008672699850787855
0.0
0.0
0.0013006289970583082
0.0
0.0
0.0008110253642140392
0.0009185508957584874
0.0
0.0
0.0
0.0
0.0
0.0
0.0
0.0
0.0
0.0
0.0
0.0
0.0
0.0
0.0
0.0
0.0
0.0029138718735714046
0.0
0.0
0.0
0.0007903691640318705
0.0011183071155553522
0.0
0.0
0.0
0.0
0.0
0.0
0.0
0.0
0.0
0.0
0.0
0.0010243582587765637
0.0024567919433318352
0.0
0.0
0.0
0.0
0.0
0.005265847305772037
-8.586620504740243e-5
0.0009176327786218694
0.0
-0.00048306699824994466
0.000920061901503851
0.0011464328028297887
-0.00033807589743660877
0.001271863772012441
0.0001372032991816507
0.0
0.0008177523111925689
0.0004021124445747435
0.00046935282428036437
0.0
0.0
0.0
0.0
0.0006397763855227904
0.0
0.0
0.0
0.0
0.0
0.0
0.005472905210897941
0.0022724284287607096
0.004632124394088644
0.0
0.0
0.0
0.0
0.0
0.0
0.0
0.0
0.000829188634170609
0.0
0.0
0.0
0.0
0.0008324921677299181
0.0
0.0
0.0006234392198454278
0.0
-0.0014741448161595327
0.0
0.0
0.00021503576800116408
0.0
0.0
0.0
0.0006234304838478061
0.0
0.0
0.0
0.0
0.0
0.0
0.0
0.0
0.0
0.0011881720503288554
0.0
0.006697681345290251
0.0
0.0
0.0
0.0
0.0
0.0
0.0
0.0
0.00033986942566929644
0.0
0.0011167816916811584
0.0
0.0
0.0
0.0
0.0
0.0
-0.0003217728492480339
0.0
0.0
0.0
0.0
0.0
0.0009600625252800817
0.0
0.0010148084991945618
0.0
0.0006331258044210453
0.0008584794080910171
0.0
0.0
0.0
0.0
0.0
0.0
0.0
0.0019458180046873631
0.0
0.0
0.0
0.0027136349444371417
0.0
0.0
0.0
0.0
0.0
0.0
0.0
-0.0006695701803502216
0.0
0.0
0.0
0.0008945236177124818
0.0
0.0
0.0
0.0
0.0
0.0
0.0
0.0
0.0
0.0
0.0
0.0
0.0
0.0
0.0
0.0
0.0
0.0
0.0008914478420535168
0.0
0.0
0.0
0.0
0.0
0.0
0.0
0.0
0.0
0.0007432124332563183
-0.001954733460689953
0.0
-4.824529486550333e-5
0.006194220290653388
0.0010373945862062364
0.0
0.0009920442177960872
0.0
0.0017835714379897298
0.0
-0.00022732940093904183
0.0
0.0
0.0
0.0005160294458432393
0.0006416975014243096
-0.000716899960029642
0.0
0.0
0.0
0.0
0.0
0.0
0.001020236020174
0.0
0.0
0.0
0.0
0.0
0.0
0.0008518002922344771
0.0
0.0
0.0
0.0
0.0
0.0026925467859417814
0.0008652332581373712
0.0
0.0008200570384877009
0.0
-0.00015415353302596302
0.0
0.0
0.0
0.0
0.0
0.0
0.0
0.0
0.0
0.0
0.0
0.0006254131533937472
0.0
0.0
0.0
0.0
0.0
0.0006910412915768332
0.0
0.0
0.0
0.0
0.0
0.0
0.0
0.0
0.0
0.002824522482262087
0.0033161388918773902
0.0
0.0006321472278441614
0.0027768639759316693
0.0
0.0
0.0
0.0037293069129230565
0.002862933230433201
0.0
0.0
0.0
0.0
0.0
0.0010006080492622699
0.0
0.0
0.0047727560067256005
0.0
0.0
0.0
0.000655412413255992
0.0026554191221944876
0.0023671502848022466
0.0
0.0006353436707325861
0.0
0.0
0.0
0.0
0.0
0.0
0.0
0.0
0.0
0.0
0.0
0.0
0.0
0.00022224135100024547
0.0008673860407829369
0.0
0.0007756116984974746
0.0
0.0
0.00037030357034892997
0.0
0.0
0.001272964855792053
0.0
0.0
0.0
0.0
0.0
0.0
0.0
0.0
0.0
0.0020006841836335827
0.0
0.0
0.0
0.0
0.0
0.0
0.0
0.0
0.0
0.0
0.0
0.003372622915216849
0.0009230729469483755
0.0
0.0009358596139532183
0.0
0.00011150645901726845
0.0005657625389501629
1.0855895270929458e-5
0.0009212062477190832
0.0008609674465709266
0.0
0.0
-0.00011152780324796355
0.0
0.0
0.0
0.0
0.0
0.0
0.0
0.0
0.0009031883976601249
0.0
0.0
0.0
0.001121232166440464
2.3229268440779683e-5
0.0001185209197457476
0.0
0.0
0.0009186615127506303
0.0
0.0
0.0
0.0
0.0
0.0
0.0
0.0006122351527390749
0.0007064707665188704
0.0
0.0008528868558287935
0.0
0.0
0.0
0.0
0.0007615262762927154
0.0
0.0
0.000577427196114023
0.0004289900366378837
0.0
0.0
0.0006456464250720416
0.0009182700145329288
0.0003769620386810627
0.0
0.0
0.001076147863195324
0.0
0.0
0.0
0.0
0.000660214048048714
8.739362805510931e-5
0.0
0.0
0.0
0.0
0.0
-0.0005006807341668228
0.0
0.0
0.0
0.0
0.0001510892306015285
0.0
0.0003914387912566848
0.0
0.0
-0.0009845517442576613
0.0
0.00270558610767031
0.0
0.0
0.004024017001404959
0.0
0.0
0.000995835812033775
0.0
0.0
-0.0011842055307932859
0.0
0.0
0.0
0.0
0.0
0.0008346258577949143
0.0
0.0
0.0006402714331941417
0.0
0.0
0.0
0.0
0.0
0.0
0.0
0.0023638206067194377
0.0
0.0014930896815389086
0.0006441802045068219
0.0
0.0
0.0
0.0009617293373343709
0.0
0.0
0.0
0.00045726047491877143
0.0
0.0
0.0
0.0
0.0
0.0
0.0
0.0
0.0
0.0
0.0
0.0
0.0006340285937158679
0.0
0.0
0.0008951118666051146
-0.0010685661852578043
0.0
0.00040904435921042373
0.0009187692264430429
0.0
0.0008720689759551956
0.0
0.0
0.0
0.0006905876101896213
0.002413523503990767
0.00024924639291313346
0.0004364854765436027
0.0019748066496518275
0.0
0.0
0.0
0.0
0.0
0.0
0.0
0.0
0.0009147911772120147
0.0
0.0
0.0
0.0
0.0
0.0
0.0023303339019663145
0.0004695042863211142
0.0
0.0010379823663984964
0.0
0.0
0.0
-0.0011175942240180226
0.0
0.000982382721057578
0.0005894689256888579
0.0
0.0
0.000635603552265875
0.0
0.0
0.0
0.002067332499507574
0.0
0.0
0.0
0.0
0.0
0.0
0.0
0.0005108270576352985
0.0
0.0
0.0
0.0
0.001251208219773395
0.004594927309828977
0.0029287822967374037
-0.001209211567476181
0.0
0.001861401392750526
0.0
0.00019588167862679502
0.0009406238582875441
0.0008723446390691271
0.0
0.0
0.0008771925330406867
0.0
0.0
0.0
0.0
0.0
0.0
0.0
0.005503682616990331
0.0030101978238781966
0.0
-3.054370203693814e-5
0.0
0.0
0.0
0.004814629800274087
0.0
0.0
0.0
0.0
-0.00017665167132473915
-0.0012137678676400275
0.0
0.001036290502541124
0.0009014470279665033
0.0
0.0
0.004189762844901086
0.0
0.0
0.0
0.0
0.0
0.0
0.0
0.0008792416349394507
0.0
0.0008640360222065445
0.0
0.004814558215568053
0.0
0.0
0.0
0.0
0.0
0.0
0.0010025193345501217
0.0
0.0
0.0
0.0017432828156973648
0.0
0.0
0.0
0.0
0.0008761008173691202
0.0
0.00026419311250015185
0.0004155272581853621
0.0
0.0
0.0
0.0
0.0
0.00022613658560869017
0.0
0.0
0.0
0.0
0.0
0.0
0.0023897406112675114
0.0
0.0
0.002055897553466968
0.0
0.0009190060379093565
0.0010252157970746382
0.0008698056020072147
0.0
0.0
0.0006326358475310818
0.0
0.0
0.0
-0.0005786419135085518
0.0
5.9999434069608476e-5
0.0008846625107784454
0.0006362293632856425
0.0012333946617374158
0.0
0.0
0.0009198296260439532
0.0
0.0
0.0
0.0
0.0
0.0
0.0
0.0
0.0007741817482067191
0.0008409295598556957
0.0
0.0
0.0
0.0006082944931956997
0.0
0.0006419385433569714
0.0
0.0007072367007215955
0.0
0.0012665212041980316
0.0
0.0
0.0
0.0
0.0
0.0
0.0006058118033647362
0.001986086600668612
0.0
0.0006421600040418157
0.004051716274170597
0.0
0.0
0.0
0.0
0.0
0.0
0.0
0.0
0.001959982162981342
0.0
0.0
0.0
0.0
0.0
0.0
0.0
0.0
0.0
0.0
0.0
0.0
0.0009516649158385377
0.0
0.0
0.0009534964166828891
0.0
0.0006319340372111937
0.0
0.0009639150223388913
0.0
0.0013862864306910243
0.0
0.0006241616692818781
0.0
0.0
0.0005377849064756035
0.0
0.0
0.0009552060791085108
0.0006079364637322403
0.002664811412336479
0.0
0.0
0.0006100070264082128
0.0
0.0
0.0
0.0
0.0009253280999987173
0.0
0.0
0.0
0.0
0.0
0.0
0.0
0.0
0.0
0.0
0.001081321140061775
0.0
0.0
0.0
0.0
0.003973614080615229
0.0
0.0008417753904273019
0.0
0.0
0.0
0.0015923945735512605
0.0
0.0
0.0
0.0018876883588029934
0.0
0.0
0.0
0.0
0.0006394088829761253
0.0
0.002805676624697559
0.0053027020978974795
0.0
0.0
0.0
0.0008295771763131586
0.0006311428771423243
0.0
0.0
0.0
0.0009839273418097412
0.002165480196888389
0.0008223174336875215
0.0
0.0006213487859477446
0.0
0.0
0.0
0.0
0.0
0.0
0.0
0.003415707582692942
0.0
0.004039632397207485
0.0
0.0
0.004258637531318126
0.0
0.0
0.0
0.004068914096025252
0.0
0.0
0.0
0.0
0.0
0.0
0.0006027043207142761
0.0
0.0
0.0
0.0
0.0
3.3111836006375165e-5
0.0
0.0
0.0
0.0
0.0
0.0
-0.0003772874687139661
0.0009203437575577241
0.0
0.0009418395626732608
-0.00014859818949144497
0.0
0.0005252880306468318
0.0
0.0
0.0
0.0
0.0009543833361803346
0.0
0.0008739037899215094
0.0008415343981020945
0.0008398947673359849
0.0
0.0009178688483199884
0.0
0.0
0.0
0.0014632582516906504
0.0
0.0
0.0
0.0
0.0
0.0
0.002561655186319626
0.0
0.0
0.0
0.0
0.0
0.000597873885298078
0.0
0.0
0.0
0.0
0.0
0.0
0.004230496794967394
3.1042532184623957e-6
0.0
0.0011489131383402402
0.000340839216717577
0.0
0.0008880846463083763
0.0
0.0
0.0
5.674391652101805e-5
0.0014229847512907518
0.0
0.0
0.0
0.0
0.0
0.0
0.0
0.0
0.0
0.0
0.0
0.0
0.0
0.0008728540061128653
0.0
0.0
0.0
0.0
0.0
0.0005103236348770107
0.0
0.0
0.0
0.0006343547551004961
0.0
0.0
0.0
0.0
0.0033916265613336454
0.0
0.0009170158526552633
0.0
0.0
0.0006223368702173441
-0.0001588311892083658
0.0
0.0
0.0009606698709464529
0.0
0.0
0.0
0.001989959511681856
0.0
0.0
0.0008548104037421466
0.0006312037893536627
0.0
0.002149260834069007
-0.0008791954977379788
0.0
0.0
0.0
0.0
0.0
-1.5045678873897523e-5
0.0011157203667245487
0.0
0.0008830685796672377
0.0006492877071060905
0.0006372125519512909
0.0
0.0
0.0
0.0
0.0
0.0006342662800834629
0.0
0.0
0.0
0.0
0.0
0.0
0.0
0.0
0.0
0.0
0.0
0.0
0.0
0.0008547763740251414
0.0
0.0
-4.655506395904351e-5
0.0
0.0
0.001011412637655906
-3.404902202415633e-5
0.0
0.0
0.0
0.0
0.0
0.0
3.169809913359039e-5
0.0
0.0
0.0009033037203143698
-0.0004946734144803643
0.0
0.0
0.0
0.0
0.0023842077589279758
-0.0007542939063838355
0.0
0.0
0.0
0.0
0.0
0.0
0.0
0.0
0.0
0.0009600602496224339
0.0
0.0
0.0
0.0
0.0
0.0
0.0
0.0
0.0008802475151807457
0.0
0.0
0.0
0.0
0.0
0.0
0.0
0.0
0.003312040208882182
0.0
0.0
0.005008127779243231
0.0
0.0
0.0
0.0
0.0
0.0008691108810036046
0.0
0.0
0.0
0.0
0.0
0.0010666656625119436
0.0
0.0
0.0
0.0
0.0
0.0
0.0
0.0
0.0
0.0
0.0002654551216371995
0.0
0.0
0.0025677142780836317
-0.00012995464590811513
-0.00017906866690291953
0.0010020573132311884
0.0
-0.0005770270623393663
0.002089116261581433
0.0
0.0
0.0
0.000867657575285735
0.0
0.0
0.0
0.0
0.0
0.005734482191958801
0.0009579844419080999
-0.00045189436683046617
0.0
-0.0002542218593578317
0.0
0.0
0.0
0.0006413552750497954
0.0
0.0
0.0007839337480199098
0.0
0.0
0.0009355657041485351
0.0
0.0
0.0
0.0
-0.0002934663675417396
0.0
0.0
0.0
0.0
0.0
0.0
0.0
6.305054547510832e-5
0.0
0.004496320895464771
0.0008223928582706444
0.0009077917793500182
0.0
0.0
0.0
0.0
0.0
0.0
0.0
0.0
0.0
0.0
0.0
0.0
0.0
0.0
0.0009446271204221563
0.0006322587155849632
0.0
0.0
0.0006164434263762469
0.0
0.004235938963624466
0.0
0.0
0.0
0.0
0.0
0.0
0.0
0.0
0.0006528100216986583
0.0
0.0
0.0
0.0
0.001152129084484871
0.0
0.0
0.0
0.0
0.0
0.0
0.0
0.0008782144162135896
0.0
0.0008935635078865747
0.0
0.0
0.0
0.0
0.0
0.001058775721552396
0.0
0.0
0.0
0.0
0.0
0.0
0.0006352973130133914
0.0009643315762315616
0.0006343396323434436
0.0
0.0
0.00462533611075224
0.0
0.0
0.0
0.0
0.0006908709831382891
0.0
0.0
0.0002904156667015677
0.0
0.0
0.0
0.0
0.0
0.0
0.0
0.0
0.0
0.0
0.0
0.0
0.0
0.0
0.0006417345756080187
0.0006327815164357844
0.0
0.0
0.0
0.000636995420720772
0.0
0.0
0.0
0.0
0.0
0.0
0.0006407965568432464
0.0
0.0
0.0
0.0
0.0
0.0
0.0
0.0
0.0
0.0
0.0
0.0
0.0
0.0
0.0
0.00038426694992444224
0.0
0.0005424349629684303
0.0
0.0
0.0
0.0
0.0
0.0008326520854592529
0.0
8.365218957341865e-5
0.0
0.0
-5.082277686911938e-5
0.0
0.0006473819106250308
0.0
0.005089843988339726
0.0
0.0
0.0
0.0
0.004600676182557502
0.0
0.0
0.0
0.0
0.0
0.0
0.000811569685308147
0.00047804145343285557
0.0
-0.001352748270080454
0.0011213080271966001
0.0006389922869539326
0.0
0.0
0.0
0.0
0.002999263458255026
0.0
0.0
0.0
0.0
0.0006361483420427921
0.0
0.0
0.0
0.0
0.0007930955025729035
0.0
0.0
0.000662933597778232
0.0
0.0
0.0
0.0
0.0
0.0
0.0010462459041385205
0.0
0.0
0.0
0.0
0.0
0.0
0.0
0.0
0.001149854327471247
0.0
-0.0012243994813756372
-0.000280531176861501
0.0
0.0006603933275533096
0.0022255192180026463
0.0
0.0
0.0027537393628678177
0.00026059655259143944
0.0
0.0008338121297527583
0.0
0.0
0.006580839452034858
0.0
0.0
0.0
0.0
0.0
0.0
0.0
0.0014720182962748658
0.0
0.0
0.0
0.0
0.0
0.0
0.0
0.0
0.0
0.0
0.0017562933389916563
0.001939239577465927
0.0
0.0
0.0
0.0
0.0
0.0
-0.00039695431097000954
0.0
0.0
0.0
0.0
0.0
0.0
0.0
0.0006338114820095735
0.000977282113615798
0.0
0.0
0.0
0.0
0.0
0.0
0.0
0.0
0.0
0.0
0.0
0.0
0.0
0.0006347182809428592
0.0
0.0
0.0
0.0
0.0
0.003111141837426697
0.0
0.0
0.0
0.0
0.0
0.0
0.0
7.786038208877458e-5
0.0
0.0
0.001043168013594136
0.0
0.0
0.0
0.0
0.0
0.0
0.0
0.0
0.0
0.0
0.0
0.0
0.0
0.0
0.0
0.0
0.0
0.0
0.0
0.0
0.0033661529206795034
0.0
0.0
0.0
0.0
0.0
0.0
0.0
0.0
0.0
0.0
0.0
0.0029903913838252275
0.0
0.0
0.0
0.0
0.0
0.0
0.0
4.4300457918875764e-5
0.0
0.0
0.0
-2.6709371680400712e-5
0.0006451573976958855
0.0
0.0
0.0
0.0008326359986318941
0.0
0.0009131890367768247
0.0009310909321800961
0.0
0.0
0.0
0.0
0.0
0.0
0.002753785835729538
0.0
0.0
0.0
0.0
0.0
0.0
0.0
0.0
0.0
0.0
0.0
0.0
0.0
0.0
0.0
0.00025314998583792327
0.0
0.0
0.0
0.002977739208193874
0.0
0.0
0.0
0.0
0.0
0.0
0.0
0.0
0.0
0.0
0.0
0.0
0.0
0.0
0.0
0.0
0.0002770757950678602
0.0
0.0
0.0
0.0
0.0
0.0
0.0
0.0
0.0
0.0
0.0005968827043635629
0.0
0.0
0.0053571631868368184
0.0
0.0008955417144034486
0.0
-0.0008636346007106738
0.0
0.0
0.0
0.0
0.00012950978144230795
0.0
0.0
0.0
0.0
0.0
0.0
0.0
0.0
0.0
0.0026742244790645864
0.0
0.00044053417448286026
0.0
0.00465602545997571
0.0013395046396030507
0.0
0.0
0.0
0.0
0.0
0.0
0.0
0.0
0.0
0.0
0.0
0.0
-0.0001633168041137492
0.0
0.0
0.00041204935744428624
0.0
0.003198302142895179
0.0008561435974256479
0.0
0.0
-0.0015639687925859938
0.0011717482036857465
0.0
0.0
0.0006483230297333421
0.0
0.0013819980438178753
0.0009916216791354471
0.0008159801267679994
0.0
-0.0008644242702190557
0.0
0.0
0.003597675079629378
0.0007352072215294289
0.0
0.0
0.0011029837102386753
0.0006347251298862852
0.0
0.0006430620448714944
0.0
0.0
0.0
0.0
0.0
0.0
0.004321888988867171
0.0006436876485019337
0.0
0.0
0.0
0.0
0.0
0.0
0.0
0.0006310604449369676
0.0
0.0007762521740223447
0.0
-6.355200123049255e-5
0.0
0.0025646397764258534
0.0
0.0
0.0
0.0006471038044543122
0.0033992923137248954
0.0006359708278921977
0.00229988910901773
0.0
0.0
0.00266989244044111
0.0
0.0
0.0
0.0
0.0
0.0007728984928774839
0.0016088870989613316
0.0
0.001064967682721446
0.0
0.0017513711188994771
0.0
0.0
0.0
0.0011702721586733006
0.0
0.0
0.0
0.0
0.0
0.0
0.0007799614774915213
0.0
0.0
0.0
0.002024070328849181
0.0
0.0007579097296836994
0.0
0.0
0.0
0.0
0.0
0.0
0.0
0.0
0.0
0.0
0.0
0.0006361176842436843
0.00032298894536424226
0.004750773370910734
0.0
0.0
0.0
0.0
-0.00014105304909781897
0.0
0.0006419679420495075
0.0
0.0
0.0
0.0
0.0
0.0
0.0
0.0
0.0
0.0
0.0
0.0
0.0
0.0
0.0
0.0
0.0
0.0
0.0004012885592914867
0.0
0.0
0.0
0.0
0.0
0.0007560683272053166
0.0
0.0
0.0
0.0
0.0
0.0
0.0
0.0027273465438857817
0.0
0.0005843076373860072
-0.0003790034856095082
0.002634455585647258
0.0011520998952396003
0.0
0.0
0.0
-0.000980248963018333
0.0
0.0
0.0
0.0
0.0
0.0
-0.00011976563232003001
4.181301705808551e-5
0.0
0.002467742507970259
-0.0006120620546355794
0.0
0.0
0.00201539493041327
0.0
0.0
0.0
0.0
0.0
0.0
0.0
0.0
0.0
0.0
0.0
0.0
0.0
0.0
0.0
0.0010372079786595656
0.0
0.0
0.0
0.0
0.0
0.0
0.0
0.0
0.0008672243302774271
0.0
0.0
0.0
0.0
0.0
0.004046353235480223
0.00012735797049676163
0.0
0.0
0.0
-0.0005601806589617919
0.0
0.002296498691399724
0.0
0.0
0.0008845357869655663
0.0
0.0009172674570896806
0.0
0.0
0.0
0.0
0.0024813567314630994
-0.0008249645794823064
0.0
0.0006345150156823177
0.0
0.0
0.0
0.0
0.0
0.0
0.0
0.0
0.0
0.0
0.0
0.004286476700021173
0.000639392448225149
0.0
0.0008861260820434573
0.0
0.00048226502493242126
0.0
0.0025807564120688977
0.0
0.00017524954539048583
0.001287079300679754
0.0
0.0
0.0
0.0008689592462375956
0.0
0.0
0.0
0.0025412641465692542
0.0
0.0006223082733033656
0.0
0.0
0.0
0.0
0.0007425400588432017
0.0
0.0
0.005970222190030453
0.0
0.0
0.0
0.0
0.0010176147725102491
0.0
0.0018158933027031122
0.0
0.0
0.0
0.0008523338654445853
0.0
0.0
0.0
0.0
0.0010631255515788762
0.0
0.0
0.0
0.0
0.0
0.0
0.0039057593755299287
0.0
0.0
0.0008987793752100887
0.002959121544952024
0.0
0.0
0.0
0.002601793911016701
0.0
0.0
0.0
0.0010286510777428098
0.0
0.0
0.0
0.0
0.0
0.0
0.0
0.0
0.0005437026459667992
0.0
0.0025653416272667234
0.0
0.0
0.0
0.0
0.0
0.0
0.0
0.0
0.0
0.0
0.0
0.0
0.0
0.0006448155749180285
0.0
0.0
0.0
0.0
0.0
0.0051109676423251
0.0
0.0
0.0
0.0
0.0
0.0
0.0
0.0010921680295849223
0.0
0.0025308961416239647
0.000859930482603591
0.0008536010136625081
0.0
0.0
0.0
0.0008655376315434128
0.0
0.0
0.0
0.0
0.0
0.0
0.0
0.0
0.0
0.0
0.0
0.0
0.0
0.0006195714392016015
0.0
0.0
0.0
0.0
0.0
0.0
0.0
0.0008578250331332768
0.0
0.0
-0.0003020256458331172
0.0
0.0
0.0
0.0
0.0
0.0
0.0
0.0011241350505142944
0.0008940023154907884
0.0
0.0007401431491574873
0.0006393183617740207
0.0
0.0
-0.0003214752905564784
0.004758251074656777
0.00361883440838425
0.0006397768590242297
0.0
0.0
0.0
0.0
-0.00010601941552423087
0.0
0.0
0.0006299753982096588
-0.00034150791299068865
0.00025152019788647015
0.0
0.0
0.0052793263045129825
0.0006155564402577561
0.0025702315478581175
0.0
0.0
0.0008628753627722464
0.0
0.0
0.0
0.0
0.0
0.0
0.0
0.0
0.0
0.0010226017367656205
0.0011276107665298954
0.0
0.0006353892026363591
0.0009366086747497837
0.0
0.0
0.0
0.0
0.0
0.0
0.0022345402002369565
0.0
0.0
0.0
0.0
0.0
0.0022572221699711814
0.0
0.005109392891901428
0.0
0.0
0.0
0.0
0.0010792432909790077
0.0008660623208108493
0.0
0.0
0.0
0.0
0.0
0.0
0.0
0.0
0.0006579551972715979
0.0
0.0006757094404418061
0.0
0.0
0.0
0.0
0.0
0.0038142132024978105
0.0
0.0022610104155136937
0.0
0.0
0.0006359709257749171
0.0
0.0
0.0
0.000916603904006428
0.003932887149754788
0.0
0.0
0.0
0.0
0.0
0.0006590880301314872
0.0
0.0
0.0009550568483636157
0.0
-5.511658113042153e-5
0.0
0.0
0.0008297960760306144
0.004393007780012843
0.0
0.0
0.0
0.0
0.0
0.0
0.0009013746705553226
0.0009058214947989889
0.001023821663901008
0.0
0.0
0.0
0.0
0.0008649404266096121
0.0019756201734475367
0.0
0.000513010347213421
0.0008848171276310536
0.0
8.958679838690436e-5
0.0
0.0
0.0
0.0
0.0
0.0
0.004401700461507227
0.0
0.0
0.0
0.00021726809781066629
0.0
0.0
0.0
0.0
0.0
0.0
0.0
0.0
0.002252401281544496
0.0
0.0009714385736769289
0.0
0.0006255709320846175
0.0006315988824459221
0.0007921154328492882
0.0
0.0
0.0
0.0
0.0
0.0
0.0
0.0
0.0
-0.0004793690479158229
0.0010599297820333238
0.0
0.0
0.0
0.0006372111238799004
0.0
0.0
0.0006193561660885009
0.0
0.0
0.0
0.0
0.0
0.0
0.0
0.00022325620994152935
0.0
0.0
0.0
0.001608008567630767
0.0
0.0
0.0
0.0
0.0006257951647651193
0.0008862903077865553
-0.00019760649475062468
0.0
0.0
0.0
0.0
0.0
0.0
0.0
0.0
0.0
0.0
0.0028311873256693727
0.0006944942720808756
0.0
0.0
0.0008627453009574339
0.0
0.0
0.005300812340209869
0.0
0.0
0.0
0.0008307874554992537
0.0
0.0
0.0028027612364721734
0.00032366145381249647
0.0
0.0006346200780582429
0.0
0.000894805197963315
0.0
0.0
0.0009263275274513033
0.0012867001485455717
-3.6053508315048394e-5
0.0
0.0
0.0
0.0007950776329452735
0.0
0.005022637369581524
0.004340806391865022
0.0
0.0
0.0
0.0
0.0008673061722594574
0.0
0.0
0.0
0.000853489082073743
0.0
-0.0011462761379394887
0.0
-0.0007719489491986942
0.0
0.000969399109141291
0.0
0.0055572209379764655
0.0
0.000890627096694138
0.0
0.0
0.001294296585823666
0.000538540916087367
-0.0006830732669138376
0.0006398638061806746
0.0
0.0
0.0
0.0
0.0
0.0
-0.00018075507113359196
0.0008256753350035068
0.0
0.0
0.0009184649338606089
0.0004784411987538129
0.0
0.0
0.0
0.0010866918060952386
0.0013737972797508576
0.0
0.0
0.0010080420449854787
0.0
0.0
0.0
0.0
0.0
0.0
0.0
0.0
0.0
0.0
0.0
0.0008872341751466646
0.0
0.0
0.0
0.0
0.0006352879159767785
0.0
0.0016694045640856514
0.0009287863312335228
0.0011128070158309652
0.0
0.0
0.0005468159486583823
0.0
0.0
0.0005541418399724306
0.0017192128656408885
0.0
0.0
0.0
0.0
0.0
0.0
0.0
0.0
0.0
0.0010338716326787896
0.0
0.0
0.0008846758531589042
0.0
0.0
0.0
0.0
0.0
0.0
0.0
0.0
0.0009149069680173976
0.0
0.0
0.0
0.0
0.0
0.0
0.0
0.0
0.0
0.0
0.0007340816247083082
0.0008588356776082945
0.0
0.0
0.002155876488488087
0.0
0.0
0.0
0.0
0.0
0.0
0.0029659729836185146
0.0
0.0008535388918929277
0.0
0.003875853391730333
0.0010101311873138626
0.0
0.0
0.0
0.0
0.0
0.0
0.0
0.0
0.0008343014112790121
0.0
0.0
0.00045589491910100026
0.0
0.0
0.0
0.0009478114347250187
0.0
0.0
0.0
0.0032825882018927646
0.004163359734062725
0.0008343133563504762
0.0
0.0
0.0
0.0
0.0
0.0
0.0
0.0
0.0
0.0
0.0008405551217197909
0.0
0.0
0.0
0.0
0.0
0.0008598770218465746
0.0
0.0
0.0
0.0
0.0
0.0
0.0
0.0
0.0025324210677478646
0.0006427586674678656
0.0
0.0
0.0
0.0
0.0
0.0019755928478067423
0.0
0.0
0.0
0.0
0.0
0.0
0.0
0.0
0.0
0.0
0.0
0.0
0.0
0.0
0.0
0.0
0.0
0.0006100536252772765
0.0
0.003349276689373351
0.0006458693909558689
0.0
0.0
0.0
0.0
0.0007616961174694827
0.0009199454040324049
0.0
0.0
0.0
0.0006425823181821741
0.0
0.0
0.0
0.0027730950128304894
0.0
0.0
0.0011448365363271953
0.0006439203756295225
0.00012727289472487963
0.0
0.0
0.0
0.0003918449037509193
0.0
0.0042880866012702835
0.0
0.0
0.0
0.0
0.0006511170932054984
-0.00017055686344540473
0.0
0.0
0.0
0.0
0.0
0.0008961074902156555
0.0
0.0
0.0
0.0
0.0
0.0
0.0
0.0
0.0
0.0
0.0
0.0
0.0
0.0
0.0009758354986646136
0.0
0.0
0.0
0.0007326937504894942
0.0
0.0
-0.0004502760201246744
0.0
0.0
0.0
0.0
0.0008950831715064477
0.0
0.0
0.0
0.0
0.0
0.004791374887205651
0.002821040505941847
0.0
0.0
0.0
0.0
0.0005002581674891707
-0.00048406218514374463
0.0
0.0
0.0
0.0006004225518752392
0.0
0.0
0.0
0.0034505836591470092
0.0
0.0008838466771670619
0.0
0.0
0.0
0.000861301034327747
0.0
-0.00023271934608894225
0.0
0.0
0.004880235255839513
0.0
0.0009295879581799786
0.0036049115674056534
0.0
0.0
0.0
0.0
0.0
-0.0003379034731734893
-0.0004991060870320993
0.0
0.0
0.0014099510788139992
0.0
0.0006527107984430459
0.0
8.98680588604524e-5
0.0
0.0
0.0
0.0
0.0
0.0012372820915114665
0.0
0.0
0.0
0.00129039871021846
0.0
0.0
0.0
0.0
0.0
-0.000712435055769687
0.0
0.0
0.0
0.0
0.0
0.0
0.0
0.0
0.0
0.0
0.0
0.0
0.0
0.0
0.0
0.0
0.0
0.0
0.0
0.0
0.0
0.0
0.0009173461450062997
-0.0012732081684873294
0.0
0.0008565806076627924
0.0
0.0
0.0010199983172173833
0.0064156925244504585
-0.00018600817658089838
0.0008287496792709502
0.0
0.0
0.0
0.0027073346649977613
0.0
-0.00034527315832975626
0.0
0.0
0.0
0.0
0.0005265437145167724
0.0
0.0
0.0
0.0
0.0009529690612188652
0.0010466305946795628
-0.00020373626267261244
0.0
0.0
0.0
0.0
0.0041187443241510425
0.0
0.0
0.0
0.0
0.0
0.0
0.0
0.0
0.0
0.0
0.0
0.0
0.0
0.0
0.0
-0.00023143518687325325
0.0
0.0
0.0
0.0
0.0
0.0
0.0
0.0006349439204970314
0.0
0.0
0.0
0.0009377344366751276
0.0
0.000615801205978112
0.0
0.0
0.0
0.0
0.0006225396630845341
4.539871615264931e-5
0.0
0.0
0.0
0.0
0.0
0.0
0.0005152731033529009
0.0
0.0
0.0
0.0
0.0
0.0
0.000991088005763216
0.0
0.0
0.0
0.0
0.0
0.0
0.0
-0.0013995017068482555
0.0010583682171423825
0.0
0.0
0.0
0.0
0.0
0.0
0.000883131508812518
0.0
-0.0007484758555689023
0.0
0.0010087639708346973
0.0
0.0
0.0019476831022071455
0.0
3.756071339389886e-5
0.002951390901588865
0.0
0.0
0.0
0.0
0.0
0.0
0.0
0.0001885063777087761
0.0
0.0002735966140631199
0.0
0.0
0.0
0.0006081042811206189
0.0011010473400490685
0.0011268724924366686
0.0
0.0
4.168933114495049e-5
0.0
0.0
0.0026097139189806625
0.0
0.0
0.00204468974173475
0.0
0.0
0.0
0.0008259550401249968
0.0
0.0
0.0
0.0
0.0
0.0
0.0
-0.00012321472985461892
-0.0006833341503610356
0.0
0.0
0.0
0.001999597964494519
0.0
0.0
0.0
0.0
0.0
0.0024832445093384043
0.0
0.0
0.0
0.0
0.0
0.0006349130259127549
0.0
0.0
0.0
0.0
0.0
0.0009041620326584143
0.0
0.0
0.0008460581261626678
0.0008588534942705876
0.000738002087378217
0.0
0.0
0.0
0.0
0.0
0.0
0.0
0.0
0.0
0.0
0.0
0.0008577734378204732
0.0008194823073105159
0.0
0.0010090186898550446
0.0
0.0
0.0
0.00037842211361534766
0.0
0.0
0.0
0.0006350437422321702
0.0
0.0
0.0
0.0
0.0010379648842820644
0.0
0.0
0.0
0.0
0.0
0.0
0.0
0.0
0.0
0.0
0.0
0.0
0.004515725134890013
0.0
0.000945265188785603
0.0
-0.000754194588084324
0.0008514033391133385
0.0
0.0009394908512404882
0.0
-0.0013631767051504608
0.0
0.0
0.0007660690912665929
0.0
0.0
0.0013841489363676136
0.0
0.0
0.0
0.0
0.0
0.0
0.0
0.0
0.0006441462112482603
0.0
0.0
0.0009648740545262849
0.0017451666533018037
0.0
0.0
0.0010037251007713377
9.179870006633756e-5
0.0
0.0
0.0
0.0
0.0
0.0
0.0
0.00034203802086932723
0.0
-0.0003773202933180543
0.0006183202364493932
0.0
0.0006432654053506938
0.0006210885780365639
0.0
0.0006310827290937784
0.0
0.0
0.0
0.0
0.0008424837361159299
0.0
0.0
0.0
0.0
0.0
0.0008213820262335958
0.0
0.0
0.00079488636862581
0.0
0.0006417856438048304
0.0
0.0008862020391638208
0.0
-0.00014495346967806477
0.0009612549701331045
0.0
0.0
0.0
0.0
-0.0005610851528667948
0.0
0.0
0.000739941733148647
0.0
0.0
0.0005869256635509811
0.0
0.0008364131986497485
0.0005744269007421743
0.0
0.0
0.002565098052092125
0.0
0.0
0.0
0.0
0.0
0.000838882100219705
0.0
0.0
0.0
0.0
0.0014702536596358233
0.0
0.0
0.0008517788081189633
0.0
0.0
0.0
0.0
0.0009352428815328269
0.0
0.0
0.0
0.0009325695355261873
0.0
0.0
0.0
0.0
0.0015462610891838777
0.0
0.0
0.0
0.0
0.0
0.0
0.0
0.0
0.0
0.0
0.0010316548045530116
0.0006406035599533507
0.0
0.0009064229152228061
0.0
0.0
0.0
0.0
0.0006431233514274939
0.0
0.0
0.0
0.0
0.0
0.0006465131906510055
0.0
0.0
0.0
0.0007906738161047215
0.0008389008686859691
0.0006611535891892099
0.0
0.0008051521385753035
0.0
0.0009162705016335421
0.0009265396537451311
0.0
-0.0004785922286365893
0.0
0.0029064461036070084
0.0
0.003130299009288574
0.0
0.0008593986271320586
0.0
0.0
0.0
0.0
0.0
0.0008575992048962427
0.0
0.0
0.0
0.0
0.0
0.0
0.0006537879109461566
0.0
0.0
0.0
0.0
0.0
0.0
0.0010934584413271903
0.0
0.0
0.0010536293169118702
0.0
0.0
0.0006405272512769082
0.0
0.00059490832401648
0.0009215824522237178
0.0
0.0
0.0
0.0
0.0
0.0
0.0
0.0
0.0
0.0
0.0
0.0009144197549093535
0.0
0.0
0.0008729607179093647
0.0
0.0
0.0
0.0
0.0
0.0010706599947895709
-9.795058099259665e-5
0.0
0.0
0.0
0.0
0.0
0.00472169072673739
0.0
0.005399522067610818
0.0
0.0
0.0
8.141820172779868e-5
0.0
0.0
0.0
0.0
0.0
0.0
0.0
0.0
0.0
0.0
0.0
0.0
0.00020807414807762212
0.0
0.0
0.0
0.0
-0.0004956004145152247
0.0
0.0
0.0
0.0
0.0
0.0
0.0
0.0
0.0
0.0014273110218112192
0.000921372029807325
0.0
0.0009280718546858248
0.0
0.0
0.004792578233733888
0.0
0.0
0.0006412744169906397
0.0
0.0
0.000883676401069093
-0.00027145494577564966
0.0
0.0
0.0
0.0033785111632109086
0.0
0.0
0.0
0.0
0.0
0.0
0.0
0.0
0.0
0.0
0.0032194218586657866
0.0006314191433837528
0.0
0.0
0.0
0.0
0.0
0.0
0.000566060783204629
0.00014218168811796516
0.0
0.0
0.0008628174902998597
0.0
0.0
0.0006328796528727782
0.0
0.0
-0.0006753856888114017
0.0
0.0013340268565776242
0.0
0.0
0.0
-0.0003469927791173647
0.0
0.0008566237679050144
0.0
0.0
0.0
0.0
0.0
0.0
0.0
0.0
0.0010633021622782194
0.0023686974129544305
0.0
0.0
0.0001488173799305915
0.0
0.0
0.0
0.0
0.0006482135743085522
0.0
0.0
0.0007791991774331511
0.0
0.0018986238491804492
0.0
0.0
0.0029567879820965827
0.0008898095892397467
0.0
0.0
0.0
0.0
0.0
0.0
0.0
0.0009097089094966555
0.000401069504752657
0.0
0.0
0.0
0.0008269847209012355
0.0
0.0
0.000263994511909739
0.0
0.0
0.0
0.0
0.0
0.0
0.0
0.0
0.0
-0.000820100632113638
0.00034405012003631974
0.0
0.0
0.0010378073846658178
0.0
0.0
0.0
0.0
0.00022171008013029952
0.0
0.0
0.0
0.0
0.0034490312803019895
0.0
0.0
0.0
0.0006306655791630985
0.0
0.0
0.0
0.0
0.0
0.0
0.0
0.0
0.0
0.0
0.0006164078769408925
0.0
0.0
0.0
0.0
0.002508767923573145
0.0
0.0
0.0
0.00023044779778685285
0.0
-0.0001430518743143757
0.0007853548263761787
0.0010871234777478853
0.0
0.003066980779167572
0.0
0.0025203098321991786
0.0
0.0
0.0
0.0
0.0
0.0
0.0005904381705953726
0.0
0.0
0.0
0.0
0.0
0.0
0.0
0.0009228794115572945
0.0
0.0
0.0
0.0
0.0
0.0
0.0
0.0
0.0
0.0
0.0
0.0
0.0
0.0
0.0003304620484843072
0.0
0.0
0.0
0.0
0.0
0.0
0.0
0.0009060075174417145
0.0
0.0
0.0
0.0
0.0
0.000888525983600778
0.0
0.0
0.0
0.0
-0.00022249796186113395
0.0
0.0
0.0
0.004539270486211932
0.0
0.0034576976815412406
0.0
0.0
0.0
0.0009409861436975541
0.0
0.0
0.0
0.0
0.0007726500939630546
0.0022470600274690613
0.0
0.0
0.0
0.0027151738637726376
0.0
0.0008920690270633261
0.0009567901895293838
0.0
0.0
0.0005220072987322483
0.0
0.0006163247198972318
0.0
0.0
0.0
0.0
0.0
0.0
0.0
0.0
0.0
0.0
0.0
0.0
0.0
0.0006366644640379009
0.0
0.0
0.0
0.00040601352975234696
0.0
0.0
0.0
0.0
0.0
0.0
0.0008326525045433726
0.0
0.0
0.0009448947476330562
0.0013310840328168317
0.0
0.0006411222807739696
-0.0004833125509248807
0.0
0.0006306557688606627
0.0
0.0
0.0010867489353122823
0.0
0.0
0.0
0.0006491872981230913
0.0
0.0
0.0
0.0
0.0
0.00026737053782928974
0.0
0.0
0.0
0.0006309865320949096
0.0
0.0
0.0024146970197863474
0.0
0.0
0.004105650938033796
0.0010928820971256496
0.0
0.0
0.0
0.0
0.0006368312527476825
0.0
0.0
0.0
0.0006344187131384268
0.0
0.003620312762928434
0.0
0.0
-0.00016269626735114046
0.0
0.0007990104648406897
0.0
-8.3251675114318e-6
0.0
0.0
0.0
0.00018335863850796663
0.0
0.0
0.0
0.0
0.0
0.0007152432102170343
0.0
0.0022900116969614913
0.0
0.005426923562667301
0.0030578102639364267
0.0
0.0
-0.000864654634757998
0.0
0.0
0.0
0.0
0.0
0.0009547456997522567
0.0
0.0
0.0020338309227892573
0.0
0.0
0.0
0.0
0.0
0.0
0.0
0.0
0.0
0.0
0.0006317705781627598
0.0
0.0
0.0
0.0
0.0
0.0
0.003435772795789379
0.0
0.0
0.0
0.0
0.0009041382836931734
0.0
0.0
0.0
0.0
0.0
0.0
0.004460092761347902
0.0
0.0
0.00012666787258864312
0.000549253630213548
0.0
0.0
0.0
0.0
0.0
0.0009588532186837901
0.0
0.0
0.0
0.0009438574247263644
0.0
0.0
0.0
-0.00030186844213460736
0.0
0.0
0.0
0.0
0.0004008409170585238
0.0006561251912102204
0.0008628645649650343
0.0007645856018973164
0.0
0.0
0.0
0.0
0.0
0.0
0.0
0.0034117134877689674
0.0
0.0
-0.000800148295394358
0.0
0.000632110104369729
0.0
0.0006745898779682481
0.0
0.0
0.0
0.0006244385686406036
0.0009688887142827778
0.0
0.0008632761232187451
0.0006364454222922861
0.0
0.0
-0.00016276187214053813
0.0
0.0006454937144482727
0.0
0.0
0.0006463831775184538
0.0
0.0
0.0
0.0
0.00036444175305240013
0.0011160842950491514
0.0
0.0
0.0
0.0
0.0024354541638385526
0.0
0.0008265096606754392
0.0049963439025720174
0.0
0.0
0.0
0.0
0.0
0.0
0.0
0.0
0.0
0.0
0.0006149279134611684
0.005336135754428405
0.0
0.0
0.0051674512011532624
0.0
0.0
0.0
0.003690924509272978
0.0
0.0
0.0
0.001009589599568512
-0.00040093303527210627
0.0008278929975017732
0.0005513227037373795
0.0
0.0
0.0
0.0
0.0
0.0
0.0
0.0006207800942143125
0.0
0.0008496021281145954
0.0
0.0
0.0
0.0009405563790721234
0.0
0.0
0.0
0.0038230675317043393
0.0
0.0
0.0
0.0
0.0
0.0010398029628628039
0.0
0.0008564701588603935
0.0
0.0
0.0006329860431246839
0.0
0.0
2.4320864343075463e-6
0.0
0.0006213272307982491
0.0006261475637187993
0.0
0.0
0.0
0.0
0.0
0.0
0.0
0.0
0.0
0.0
0.0
0.0
0.002820882097066228
0.0
0.0
0.0
0.0
0.0
0.0
0.0
0.0
0.0
0.0005112579901299296
0.0
0.0005482235472717684
-0.0004939982516336751
0.005011648548526449
0.0
0.0
0.0
0.0006422464476974018
0.0
0.0
0.0
0.002847985343526643
0.0
0.0
0.0
0.0009654889226974384
0.0
0.0
-0.00031928761797253444
0.0006441815315950263
0.0
0.0
0.0
0.0
0.0025637535271551696
0.0
0.0
0.0
0.006060394417150431
0.0
0.0
0.001701241534842557
0.0
0.0
0.0
0.0007364936191792031
0.0
0.0
0.0005349422887245938
0.0
0.0
0.0
0.0009450949122458277
0.0002567304549805522
0.0
0.0
0.0
0.0
0.0
0.0
0.0
0.0
-0.0004494126331053339
0.0
0.0
0.0008205025293744609
0.0
0.0008859700305912711
0.0
0.0
0.0
0.0
0.0
0.0
0.0010494062826425996
0.0006471795067525928
0.0
0.0
0.0
0.0
0.0
0.0
0.0
0.0
0.0
0.0
0.0009936311465785464
0.0
0.0
0.0
0.0010198083498172484
0.0007114770812059492
0.0050010174190623724
0.0006544847869944648
0.00021829981020235836
0.0
0.0008098903324325894
0.0
0.0
0.0
0.0
0.0
0.0
0.0008416710845126816
0.0011144414265977782
0.0
0.0
0.0
0.0
0.004179918318409663
0.0
0.0032395783495087053
0.0
0.0
0.0010295254744124274
0.0
0.0009161998646007782
0.0006566362908760454
0.0
0.0
0.0
0.0
0.0
0.0011742545743310638
0.0
0.0
0.0
0.0009861731187312517
0.0
0.0010874148272561617
0.0
0.0
0.0
0.000646070104048728
0.004470536893403324
0.0
0.0009555250245049363
0.0005399342224569067
0.0009372734195526589
0.0
0.0
0.0
0.0
0.0
0.0
0.0
0.0
0.0
0.0
0.0
0.000625781076199633
0.00030018463456407896
0.0
0.0
0.0008893086461650814
0.004392461451410543
0.0
0.0
0.002579532782821443
0.0
0.005102404818759196
0.0006188457266904466
0.0
0.0
0.0050506842270647044
0.004947058440700969
0.0
0.0
0.0
0.0
0.0
0.0010909598560926907
0.0
0.0
0.0
0.0
-0.0011965282648015274
0.0006163592536612635
0.0006451206721125633
-4.484026203628713e-5
0.0
0.0
0.0
-0.0005598042760044888
0.005909965337031976
0.0
0.0
0.0
0.0
0.0
0.0
0.003337815366727323
0.0
0.0
-0.0010883795303735287
0.0
0.0
0.0
0.0
0.0
0.0
0.0
0.0
0.0
0.0
0.0
0.0024891953346356187
0.002366588755081466
0.0
0.0
0.0
0.0
0.0
0.0
0.0
0.0
0.0
0.0
0.0
0.000247438069741479
0.0
0.0
0.00046778783664998735
0.0
0.000841499804254563
0.0
0.0
0.0
0.0
0.0
0.0
0.0
0.0006907941736526391
0.0006321532157368446
0.0
0.0
0.0009872824341387212
0.0
0.0
0.0
0.000300646142187579
0.0
0.0
0.0009354552156000905
0.0
0.0006511024350177064
0.0007959733277734573
0.0006365823814338599
0.0
0.003702417131862652
0.0
0.0
0.0009431391524323186
0.0
0.0
0.0
0.0
0.0
0.0009709980934447609
0.0
0.0
0.0
0.0
0.0
0.0
0.0
-0.0006655807751121032
0.0
0.0
0.0
0.0
0.0
0.0
0.0
0.0
0.0
0.0
-0.0007433801057014956
0.0
0.00043601618552546615
-5.3997804062270126e-5
0.0008535405572951662
0.0
0.0006721190879121704
0.0008511247698561484
0.0
0.0
0.0
0.0
0.0
0.0
0.0
0.0
0.0
0.0006257198594502055
0.0009493930935036754
0.0
0.0
0.0
0.0
0.0006388851764943098
0.0
0.0
0.0008998722671686145
0.0
0.0007039291515246314
-0.000542260550044447
0.0028908036048724906
0.0009126642471903813
0.0
0.0
0.0
0.0
0.0
0.0024575066588469483
0.0
0.0
0.0
-0.0003434748811959477
0.0
0.0006417444930788527
0.0
0.0011886412651213672
0.0
0.0
0.0
0.0
0.0
0.0012740648006613858
0.0023471254243006886
0.0009402620686295009
0.0
0.004452275937166176
0.0
0.0
0.0
0.0
0.0010516073955497453
0.0
0.0
0.0
0.0
0.0
0.0
0.0
0.0
0.0
0.0
0.0
0.0
0.0
0.0
0.0
0.0
0.0009053862149095941
0.0
0.0008963147446360248
0.0
0.0
0.0
0.0
0.0010653251655284785
0.0
0.0
0.0
0.0
0.0006547357814692022
0.0
0.0
0.0
0.00022441688744631908
0.0
0.0
0.0
0.0
0.0
0.00015238018222690232
0.0006369683146047673
0.0
0.0009113131884903713
0.0
0.0010769723499180794
0.0
0.0
0.0
0.0
0.0
0.0
0.0009254552522772796
0.0
0.0
0.0
0.0
0.0008044501525242107
0.0
0.0005347255911167522
0.0001012685915641059
0.0
0.0
0.0
0.0
0.0
0.0
0.0
0.0
0.0
0.0
0.0
0.0
0.0
0.0
0.0
0.0
0.0
0.0
0.0
0.0
0.0
0.0
0.0
0.0
0.0
0.0026066265300341584
0.0
0.0008413854754190142
0.0012074075689651061
0.0
0.0008200814272731937
0.0010146050411192207
0.004880727710498367
0.0009141663758996166
0.00019228012147153647
0.0
0.0
0.0
0.0
-0.0004356397613665069
0.0046727720217725225
0.0
0.0
0.0
0.0
0.0
0.0
0.0
0.0
0.001364073536143263
0.0
0.0
0.0
0.0
0.0
0.0
0.0
-0.00037518649477608583
-0.0004306418627531299
0.0
0.0
0.002291895570098715
0.0
0.0006297024388621604
0.0
0.0
0.0
0.0
0.00030350536714249054
0.0
0.0
0.0
0.0035025728992782615
0.0
0.0
0.0
-0.001210275350975995
0.0
0.0
0.0008624960797088739
0.0
0.0
0.0
0.0
0.000641841011704353
0.0
0.0
0.0006432701672756376
-0.0010561152742043758
0.005007466535804458
0.0
0.0
0.002842661491311834
0.0008917642423170179
0.0009838918986156198
0.0
-0.00020092967855088922
0.0
0.0
0.0
0.0
0.0
0.0
0.0
0.0
0.0
0.0005617082687923257
0.0006308424526670351
0.0
0.0009122990425009644
0.0
0.0
0.0009509954447276124
0.0008552433229358441
0.0
0.0006428803772334036
0.0
0.0007610008800303928
0.0
0.0
0.0
0.0006398794681965923
0.0
0.0
0.0
0.0
0.0
0.0
0.0
0.004043577793503807
0.0
0.0
0.0
0.0
0.0
0.0
-0.0003608661720550169
0.0
0.0
0.005583773127483342
0.0
0.0
0.0
0.0009926005904828995
0.0
0.0008619715611308147
0.0
0.0
0.0
0.0
0.0
0.0
0.0
0.0
0.0
0.0
0.0
0.00010439417015894813
0.0
0.0
0.0029613644493932455
0.0
0.0
0.0
0.0
0.0
0.0
0.0
0.004349382300648738
0.0
0.0
0.00036041827386862384
0.0
0.0
0.0012964387055159612
0.0
0.0
0.0
0.0
4.469662426579281e-5
0.0008336562310834739
0.0
0.0
0.0
0.0
0.0
0.0006276210230631104
0.0
0.0006293589988911518
0.0015629076606204504
0.0
0.0
0.0
0.0
-0.00020892410454212364
-8.235700962651146e-5
0.0
0.0
0.00242023444625392
0.0
0.0
-0.0006022680736225913
0.0017740997265675781
0.0
0.0
0.0
0.0
0.004912053218733504
0.0008303410297418218
0.0
0.0
0.0
0.0
0.0
0.0
0.0
0.0003949263767138346
0.0
0.0
0.0
0.0
0.0021349885250898895
0.0
0.0
0.000865624502669894
0.0036078534082995663
0.0
0.0
0.001022119197960052
-0.00119151660003546
0.002137839959289979
0.00046960087743322273
0.0
0.0
0.0
0.0
0.0
0.0010137723429906572
0.0011372179050480637
0.0
0.0
0.0010481828160638792
0.0
0.0
0.0
0.0009765840072989524
0.0
0.0
0.0
0.0
0.0005172113953995698
0.0
0.0
0.0
0.0
0.0
0.0
0.0
0.003737461160326662
0.0
-0.00012179562278362226
0.0
0.0
0.0
0.0
0.0015916055706181073
0.0008118732604413221
0.0
0.0
0.0
0.0
0.002596399382598403
0.0
0.0008642316286785891
0.0
0.0008882248767878759
0.0
0.0
0.0
0.0
0.0
0.0
0.0010995873549263287
0.0
0.0
0.0010285632409398492
0.000811275375243521
0.0
0.0
0.0
0.0
0.0
0.0024988125091696526
0.0
0.0
0.0
0.0
0.0
0.0006141911704083537
0.0
0.0002742166018554684
0.0
0.002818098377408764
0.0
0.0
0.0005930243979250595
0.0
0.0
0.000856239023538039
0.0
0.0009254826671471915
0.0004026979891110381
0.0021096878290608936
0.0
0.0
0.0
0.0009424018094883996
0.000874995023129613
0.0
0.0008145995567067845
0.0
0.0
0.0
0.0
0.0
-4.724979939984682e-5
0.0
0.0
0.0006185287598414177
0.0004361472528210942
0.0008276988286386779
0.0
-0.00046527317452821235
0.0
0.0
0.0
0.0
0.0
0.0
0.0
0.0
0.0
0.0
0.0
0.0
0.0008480619440962405
0.003627549302275369
0.0
0.0
0.0
0.0
0.000850071499755417
0.0
0.0009429336435247324
0.0
0.0
0.0
0.0008339870800031763
0.0
0.0
0.0
0.0
0.0006505943650750365
0.0008641080255300752
0.0
0.0
0.0
0.0
0.0
0.0
0.0
0.0009295792643151954
0.0
0.0
0.0
-0.0007193470263864623
0.0
0.0
0.0
0.0008928137739530836
0.0
0.0
0.0
0.0009413376268784304
0.0
0.002823304640074606
0.0
0.0008697449621872737
0.0
0.0008621607433698463
0.0
0.0
0.0
0.006051932924867635
0.0
0.0
0.0
0.0022785700242674936
0.0
0.0
0.0
0.0
0.0
0.0009021574612542424
0.0
-2.8439550535176725e-5
0.0
0.0
0.0
0.0
0.0
0.0
0.005033762378463187
-0.00037366926509973847
0.0
0.004647705536544703
0.0
0.0
0.0012910898324303918
0.0
0.0
0.001374533186416255
0.0
0.0
0.0
0.0
0.0
0.0
0.0
0.0008077291510834357
0.0006497252629165967
0.0
0.0
0.001111627729582794
0.0006261733794303641
0.0
0.0008634011208034816
0.0
0.000637424602401653
0.0
-0.0003138836184479809
0.0
0.0
0.004999701694989118
0.0
0.0
0.0
0.0
0.0
0.0
0.0
0.000918228505693433
0.0
0.0009603472746195734
0.004578648873656784
0.0
0.0
0.0
0.0
0.0
0.0
0.0
0.0011208453181487047
0.0
0.00150037886457799
0.0
0.0
0.001768296627960765
0.0010681496903207843
0.0
0.0
-0.0003005592008067786
0.0009505466184337669
0.0
0.0
0.0
0.0
0.0
0.0
0.0
0.0
0.0036194470198774743
0.001158746811392545
0.0
-0.0003330713588422233
0.0
0.0
0.000935179049732666
0.0
0.0008714503603950791
0.0
0.0
0.0
0.002183308310706918
0.0
0.0
0.0
0.0
0.000597773116103839
0.0
0.0
0.0
0.0
0.0
0.0
0.0
0.0
-0.0005837960284236775
0.0
0.0
0.0
0.0
0.0
0.0
0.0
0.0
0.0
0.0006248509271658428
0.0
0.0
0.0
0.0
0.0
0.00022798902179568784
0.0
0.0
0.0
0.0008817979912489573
0.0
0.001091552820145062
0.0
0.0
0.0
0.0023013411904106067
0.0008375810845003869
0.002801578968607482
0.0
0.0
0.0
0.0
0.0009504588263572118
0.0
0.0
0.0
0.0010477900220862263
0.002654753687122987
0.0
0.0
0.0
0.0023785704918305563
0.0
0.0
0.0
0.0
0.0
0.0
0.000630911738226938
0.0003747787184390494
0.0
0.0
0.00078650940484385
0.0
-0.00017821427633676816
0.0
0.0
0.0
0.0
0.002545465767940108
0.0005797861598942941
0.001995890847503951
0.0
0.0
0.0
0.0006349899743944357
0.0
7.636747913773426e-5
0.0
0.004447729440429211
0.0
0.0
0.0
0.0
0.0
0.0
0.002959285582678403
0.002779757056994818
0.0
0.0
0.0
0.0
0.0
0.0
0.0
0.0009381361947855129
0.0
0.0
0.0
0.0
0.0
0.0
0.0
0.0018098014282414202
0.0
0.0
0.0
0.0
0.0055714445053347585
0.0
4.002185855236242e-5
-0.00020699754485694607
0.0
0.0
0.0
0.0
0.0005630340427094236
0.0
0.0004574394920222024
0.0009439205293307869
0.0
0.0
0.0
0.0
0.0
0.00038895986623041875
0.0
0.0
0.0
0.0008778270238371484
0.0
0.0
0.0
0.0
0.00046312187127717664
0.0
0.0
0.0
-0.00020921927186951365
0.0010524295264745726
0.0
0.0044767706984614065
0.0
0.0
0.0
0.0009541887989520355
0.0
0.0
0.0
0.004305607251091023
0.0024663361174179564
0.0009571198812576793
0.0006257134813755606
0.0
0.004039052672853519
0.0
0.0
0.0
0.0
0.0
0.0
0.0
0.0
0.0
0.0
0.001240634169281736
0.0
0.0
0.0008392717923848355
0.0
0.0
0.0
0.0
0.0
0.0
0.0
0.0
0.0
0.0009107049691274634
0.0
0.000989737602696975
0.0
0.0054834560995897
0.0
0.0
0.0
0.0010461406816056871
0.0
0.0008852719729545913
0.0014956507236816915
0.0
0.0
0.0
0.0
0.0014805387860252763
0.0008417467361070159
0.0
0.0
0.0008227938373936768
0.0
0.0
0.0
0.0017044480128710412
0.0
0.0006412936783644323
0.0033164017000622964
0.0
0.0009066927723163877
0.0004979640185062015
0.0
0.000359980336683747
0.0
0.0
0.0006345630185234425
0.0
0.0
0.0
0.0
0.0
0.0006249603634971703
0.0
0.0
0.0
0.0
0.0
0.0
0.0
0.0
0.0
0.0006515680154133547
0.0
0.0006562994630768716
0.0
0.0025501158909847174
0.0
0.0
-0.0003200256982444868
0.0
0.0
0.0009415039761934554
0.0
0.0
0.0
0.0
0.0
0.0
0.0
0.0
0.0
0.0
0.0
0.0
0.0
0.00015375519576923036
0.0
0.0
-0.00034980117178761637
0.0
0.0006432675577098692
0.002578142372380607
0.0
0.0
0.0
0.0003606973217098147
0.0
0.0
0.0
-0.00050693178494803
0.0006427242957164316
0.0038523746943212376
0.0
0.001702744514285524
-0.0005263938018454255
0.0
0.0008009173268536478
0.0
-0.0006407911784530077
0.0009716948355755177
0.0
0.0
0.0
0.0006179444861171242
0.0
0.0
0.004979553228978728
-0.00025022522887226486
0.0
0.0
0.0
0.00021783938301419962
0.0
0.0
0.0
0.0
-0.0005198513093445051
0.0
0.0
0.0
0.00031839581007667774
2.5391375955806185e-5
0.0010746165461368114
0.0
0.0
0.0002738877087976159
0.0
0.0
0.0
0.0
0.0
0.0
0.0
0.0008630331020600432
0.0
0.0
8.998908233370035e-6
0.0
0.0
0.0
0.0
0.0033283021676806263
0.0
0.0009633719073996032
0.0
0.0
0.0
0.0002208557922543529
0.0
0.0
0.001023951739864339
0.0
0.0006216032866013097
0.0
0.0011409364169303778
0.0
0.0
0.0
0.0
0.0008512729658078446
0.0
0.0
0.0
0.0
0.0028530667228245784
0.0010353394013219166
0.0003892230998873738
0.0008051125978472272
0.0
0.0
0.0
0.0
0.0
0.0
0.000955831740125891
0.0
0.0
0.0
0.003789486300703535
0.0
0.0
0.0
0.0
0.0
0.0
0.0
0.0
0.002360779616902548
0.0
0.0
0.0
0.0
0.0006289954372930723
0.0
0.0
0.0
0.0
0.0
0.000644696860536145
-8.059634067356634e-5
0.0
0.0
0.0
0.0015968626440164672
0.001860398631734463
0.0
0.0016195457035268902
0.0
0.0009231575773650826
0.000816564028841799
0.0004255759432439989
0.0
0.00032106565510633825
0.0
0.0006278830198391833
0.0
0.0
0.0019372281561029858
0.0011505546081064146
0.005254189447765467
0.0
0.0
0.0
0.0
0.0
0.0
0.0
0.00304768910202108
0.0
0.0
0.0
0.0
0.0004214772657985515
0.0
0.0
0.004969132383605805
0.0
0.0
2.3851706769922046e-5
0.0
0.0
0.0
0.0034201874496600213
0.0
0.0006356056162057835
0.0
0.0010896603757031267
0.0008447461767032632
0.0
0.002744372730876073
0.0
0.0007624030529356137
0.0
0.0
0.0
0.0
0.0
0.0
0.0
0.0
0.0
0.0
0.0
0.0
0.0
0.0
0.0
0.0
0.003775068372875323
0.0
0.0006996661877673199
0.0
0.0
0.0
0.0
0.0
0.0
0.0
0.0
0.0
0.0
0.0
0.0008578555553126047
0.0
0.0
-0.0007707075273595068
0.0
0.00440298846395606
0.0
0.0
0.0
0.00039702326501863023
0.0
0.0
0.006538458156049246
0.0
0.0
0.0
0.0
0.0
0.0009541639716252116
0.0
0.0
0.0
0.0
0.0
0.00020995794189829415
0.0
0.0
0.0
0.0
0.002688087064687733
0.0
0.0
0.0003734976527917421
0.0
0.0006132915103506661
0.0
0.0
0.0
0.0033910643494599046
0.0
0.0
0.0
0.0
0.0
0.0009438338813878538
0.0
0.0031457426781492104
0.0
0.0
0.0
0.0
0.0
0.0
0.0
0.0
0.0
0.0
0.0
0.0
0.002526609343313538
0.0
0.0
0.0
0.0
-0.000704971153781259
-0.0003342146725884645
0.0006200088305574159
0.0
0.0
0.0014740681153680533
0.0007113561237856661
0.0
0.0
0.0
0.0
0.0
0.0022459644858071584
-4.317606536820351e-5
0.0
0.0
0.0
0.0
0.0
0.0006368488778288315
0.0
0.0
0.0
0.0
0.0
0.0
0.0
0.0
0.0
0.0
0.001305708705898709
0.0
0.0
0.0
-0.000556650390836924
0.0
-0.0001802531280415454
-0.00035534432978607546
0.0
0.0
0.0
-0.00013985442375452997
0.0
0.0
0.0
0.0
0.0008126050363174802
0.0
0.0
0.0
0.001062244343290984
0.0
0.0017408884921833563
0.0
0.0029521079336230723
0.0
-0.0008047245193645881
0.0
0.0
0.0
0.0
0.0
-0.00016813694951045883
0.0
0.0014485296165376727
-0.0005239015433914597
0.0
0.0
0.0
0.0
0.0
0.0
0.0
0.0
0.00046136776252599923
0.0
3.4731823106474164e-5
0.0
0.0
0.0011069475743248284
0.0
0.0
0.0
0.0008823081602427368
0.0
0.0
-0.0007528459658881488
0.0
0.000804147557665268
0.0
0.0
6.437118825469853e-5
0.0004656427351525706
0.0
0.003705529442180462
0.0
0.0
0.0
0.0
0.0
0.0006141903699198883
0.0
0.0
0.0027434282791955716
0.0
0.0
0.0
0.0
0.0
-0.00075782729832675
0.0012309947541829821
0.0
0.0
0.0
0.0014163778358946392
0.0007633942782523445
0.0
0.0
0.0
0.0
0.0
0.0
0.0
0.00264253144396917
0.0006609578363540351
0.0
0.0
0.005512056801840712
0.0008106683608691727
0.0008470471865556752
0.0
0.0
0.0
0.0007358387355811234
0.0
0.0009058177599995914
0.0004662531658909818
0.0006448269862465865
0.00029201982108749435
0.0006476451252823483
0.003081453610663244
0.0
0.0
0.0
4.520223426600538e-5
0.0
0.0
0.0
0.0006330714491912977
0.0008379973757750357
0.0014687627915028552
0.0
0.0
-0.0003210451452272434
0.0
0.0
0.003423632213854375
0.0006426524147503843
0.0
0.0
0.0
-0.0011472603655551092
0.0
0.002555385923205426
0.0
-0.0003758485953653719
0.0
0.0
0.0
0.0
9.70776131394305e-5
0.0
0.0
0.0
0.004876846850499396
0.0
0.0
0.0
0.0
0.0
0.0
0.005257906374122657
0.0
0.0
0.0
0.0
0.0006241197654797448
0.0
0.0
0.002064665197824118
0.0
0.0
0.0
0.0046920344184802915
0.0
0.0
0.0
0.0
0.0
