0.0
0.0
0.0
0.0
0.0
0.0
0.0
0.0
0.0
0.0
0.0
0.0
0.0
0.00210914466565127
0.0025595869205747813
0.0
0.0
0.0
0.0
0.0
0.0
0.0
0.0024554477528439685
0.0
0.0
0.0008343574686721391
0.0008569708250894715
0.0
0.0
0.0006203177809167799
0.001213733127794303
0.0
0.0
0.0019169028441397625
0.0
0.0
0.001476333821804067
0.0
0.0
0.0
0.0
0.0
0.0
0.0
0.0010115621554121013
0.0011099775020930415
0.0
0.001118629184882892
0.0
0.0
0.0
0.0005244840575922327
0.0
0.0
0.0
0.0
0.000855780905849215
0.0
0.0
0.0
0.0
0.0
0.0
7.429294335485104e-5
0.0
0.0
-0.0003025947128174967
0.0
0.0
0.0005712562301033382
0.0
0.0
0.0
0.0
0.0
0.0
0.0
0.00013942392084380467
0.0
0.0008183875323032559
0.0
0.0
0.0
0.0007132918946521602
0.004821556894089801
0.0
0.0
0.0
0.0006492476541653778
0.0012865426027645075
0.0
0.0006150017307530378
0.0
0.0
0.0
0.0
0.0
0.0
0.0
0.0
0.0011155968959827539
0.0
0.0
0.0
0.0
0.0018812454414556226
0.0
0.0
0.0
0.0
0.0
0.0
0.0
0.002475553670196193
0.0
0.0
0.0
0.00365505664384249
0.000632874859409519
0.0004415023612823291
0.0029657252221524993
0.0
0.0
0.0003522496845316578
0.0
0.0
0.0020545341900238055
0.0025988706020170925
-0.00017015203042155294
0.0
0.0
0.0
0.0
0.0
0.0
0.002328117293659063
0.0
0.0
0.0
0.0
0.0
0.0
0.0
0.0006241198401360463
0.0
-0.0006531030778522629
0.0
0.0
0.0
0.0
0.000636383622847091
-0.00041365860990922964
0.0022466648301623714
0.0
0.0
0.0
0.0009067768314932947
0.0
0.0
0.0
0.0
0.0
0.0009339056138844966
0.0
0.0
0.0
0.0
0.0
0.0006522133264617993
0.0
0.0
0.002068937586172806
0.0
0.0
0.0
0.0
0.0
0.0
0.0
0.0
0.0008321467528031043
0.0
0.0
0.0010023069542087419
-0.000675815839852067
0.0
0.0
0.0006358349972880896
0.0005035770397818489
0.004682347369583286
0.0
0.0006379302091748
0.0
0.0
0.00172335998297923
0.0006482685259440679
-7.317693044616389e-5
0.0009846098126534426
0.0038562807941503728
0.0
0.002762450084779934
0.0
0.0
0.0018769519983723637
0.0016398690412555217
0.0
0.0
0.0
0.0
0.0
0.0
0.0
0.0
0.0
0.0
0.0
0.0
0.0
-0.00019413236664975178
-0.0005090976181993142
0.0020925666510772326
0.0
0.0
0.001032390604100344
0.0016293056281569285
0.0
0.0
0.0010093555078957786
0.0
0.0
0.0
0.0
0.0010032187301015573
0.0
0.0
0.0
0.0006791086308467753
0.0009968041139204427
0.0006407938331809956
0.0
0.0006257348035254108
0.0
0.0
0.0
-0.00023983390360259241
0.005355224376559631
-8.025841658494062e-5
-0.0012791119759887858
0.000633328708642207
0.0
0.0
0.0
0.0
0.0
0.0
0.0008468092468201525
0.0
0.0008222489438779571
0.0
0.001798635820468858
0.0
0.0010662263350968242
0.0
0.0
0.001031884928244628
0.0
0.0
0.0
0.0
0.0
0.0
0.0
0.0
7.823440767732527e-5
0.0
0.0011926857836245287
0.0
0.0
0.0
0.0
0.0
0.0
0.0
0.0
0.0009044850241544677
0.0008113067215166619
0.0
0.0
0.000412770253318661
0.001030416805467501
-7.080288997705047e-5
0.0
0.0021470910424474764
0.0
0.0008108485183414872
0.0
0.0
0.0
0.0
0.0008915527381510235
0.0
0.0
0.0
0.0
0.0001318310451900885
0.0
0.0
0.0
0.0
0.0
0.0019875608020544326
0.0
0.0
0.00011935349063027803
0.0
0.0
0.0006167933478341776
0.0
0.00491902757269817
0.0
0.0
0.0006474108048282318
0.0008209617079067406
0.0
0.0008555034880346314
0.0003355473397719104
0.0
0.0
0.0
0.0
0.0
0.0
0.0
0.0
0.0011995623317200593
0.001024902872416807
0.0009266605467993165
0.0
0.0
0.0
0.0
0.0
0.0
0.0
0.002657694722660606
0.004980333010464532
0.0
2.2994461910426257e-5
0.0
0.0
0.0
0.0
0.0008709810580818295
0.0
0.0
0.0
0.0
0.0
0.0
0.0010813805357809641
0.0
0.0008611474379797159
0.0
0.0
0.0011884541227114213
0.0
0.0
0.0007667196244075024
0.0008557122297426447
0.0
0.0
0.0
0.0
0.0
0.0
0.0
0.0
0.0
0.0
0.0
0.0
0.0
0.0
0.0
0.0
0.0
0.004067813359530409
0.0
0.0
0.0
0.0008998112797528866
0.0012275834142773299
0.0
0.0
0.0
0.0
0.0
0.0
0.0
0.0
0.0
0.0
0.0
0.0009522331425362674
0.0025329169851854706
0.0
0.0
0.0
0.0
0.0
0.004954399103701835
2.3796177378825692e-5
0.0008467410569635713
0.0
-0.00023779253719771425
0.0008796953931820787
0.001007573387329426
-0.0002962179969799352
0.0007681939539601376
2.943622342862314e-5
0.0
0.0008177569684520162
0.0004927698810539041
0.0006768793866410239
0.0
0.0
0.0
0.0
0.0006446823579302348
0.0
0.0
0.0
0.0
0.0
0.0
0.005439793674074558
0.0021941731740029516
0.004587511638037998
0.0
0.0
0.0
0.0
0.0
0.0
0.0
0.0
0.0009426163229331147
0.0
0.0
0.0
0.0
0.0009467329502719726
0.0
0.0
0.000646099676069005
0.0
-0.0012771400775806894
0.0
0.0
0.00032007542338526214
0.0
0.0
0.0
0.0006327739190244598
0.0
0.0
0.0
0.0
0.0
0.0
0.0
0.0
0.0
0.001215447181620148
0.0
0.005411145064898145
0.0
0.0
0.0
0.0
0.0
0.0
0.0
0.0
0.0004527895613002684
0.0
0.0011638046748316238
0.0
0.0
0.0
0.0
0.0
0.0
-0.0006468105309665852
0.0
0.0
0.0
0.0
0.0
0.0009883162695509748
0.0
0.0009681309420178281
0.0
0.0006250295813921772
0.0005691984728116547
0.0
0.0
0.0
0.0
0.0
0.0
0.0
0.001684970332987376
0.0
0.0
0.0
0.002850241265382448
0.0
0.0
0.0
0.0
0.0
0.0
0.0
-0.0007546747604426906
0.0
0.0
0.0
0.0009656828045896451
0.0
0.0
0.0
0.0
0.0
0.0
0.0
0.0
0.0
0.0
0.0
0.0
0.0
0.0
0.0
0.0
0.0
0.0
0.0008405359044256219
0.0
0.0
0.0
0.0
0.0
0.0
0.0
0.0
0.0
0.0007532467819900649
-0.0017831562924149657
0.0
8.77029699257134e-5
0.005405317157916737
0.0010013626100432102
0.0
0.0009756012977780186
0.0
0.000950155839245374
0.0
-0.0007395709302245373
0.0
0.0
0.0
0.0005933150272131472
0.0006335839493474872
-0.0009666319730156906
0.0
0.0
0.0
0.0
0.0
0.0
0.0010014159008062992
0.0
0.0
0.0
0.0
0.0
0.0
0.000814966363145418
0.0
0.0
0.0
0.0
0.0
0.0024106694366125706
0.000821271081332298
0.0
0.0009335702932471977
0.0
-0.0003775330055473768
0.0
0.0
0.0
0.0
0.0
0.0
0.0
0.0
0.0
0.0
0.0
0.000629796101400525
0.0
0.0
0.0
0.0
0.0
0.0002459070743005387
0.0
0.0
0.0
0.0
0.0
0.0
0.0
0.0
0.0
0.0033494273047902597
0.0032069601671623903
0.0
0.000619391057859748
0.0027801013455069305
0.0
0.0
0.0
0.003853828666460059
0.002333575305533528
0.0
0.0
0.0
0.0
0.0
0.000859090663811528
0.0
0.0
0.0044191848416388815
0.0
0.0
0.0
0.0006383757350190681
0.0028554693212992075
0.002437428556967363
0.0
0.0006295768647416115
0.0
0.0
0.0
0.0
0.0
0.0
0.0
0.0
0.0
0.0
0.0
0.0
0.0
0.00033486161398119113
0.001002025966517123
0.0
0.0008419265290758552
0.0
0.0
0.00035853547937203056
0.0
0.0
0.0012658534435170661
0.0
0.0
0.0
0.0
0.0
0.0
0.0
0.0
0.0
0.0023347505645832894
0.0
0.0
0.0
0.0
0.0
0.0
0.0
0.0
0.0
0.0
0.0
0.003894474033579864
0.0009889849603853867
0.0
0.0009903145600810633
0.0
-8.042083264592005e-5
0.0005704823582970326
0.0001247260678283219
0.0009023922519108789
0.0008326594389955397
0.0
0.0
0.00027383781345913775
0.0
0.0
0.0
0.0
0.0
0.0
0.0
0.0
0.0009325236369411448
0.0
0.0
0.0
0.001265174087471232
0.00010564287163212276
-0.00019527073016663396
0.0
0.0
0.000933106765234234
0.0
0.0
0.0
0.0
0.0
0.0
0.0
0.0006269760670806327
0.000533498776205851
0.0
0.0007389869328287393
0.0
0.0
0.0
0.0
0.0008351713570918855
0.0
0.0
0.0005259767399754759
0.00030929255519099546
0.0
0.0
0.0006467271537191688
0.0009477544000085235
0.00019151792082495084
0.0
0.0
0.001134691370392299
0.0
0.0
0.0
0.0
0.00068597594499851
0.0002085918875684573
0.0
0.0
0.0
0.0
0.0
0.00022828206635883553
0.0
0.0
0.0
0.0
-0.00012331742544830762
0.0
0.0007032443477389469
0.0
0.0
-0.0009208297333798949
0.0
0.002415754046746621
0.0
0.0
0.003872545853061381
0.0
0.0
0.001117295143573773
0.0
0.0
-0.0011043792469277738
0.0
0.0
0.0
0.0
0.0
0.0008198250628770757
0.0
0.0
0.0006391678597496637
0.0
0.0
0.0
0.0
0.0
0.0
0.0
0.002163471792191673
0.0
0.0015956174122402963
0.0006502788677904663
0.0
0.0
0.0
0.0009248030112621393
0.0
0.0
0.0
0.000866922800363969
0.0
0.0
0.0
0.0
0.0
0.0
0.0
0.0
0.0
0.0
0.0
0.0
0.0006232977435027522
0.0
0.0
0.001014935089800417
-0.0012715991171320694
0.0
0.0002245580577455579
0.0008761602635842113
0.0
0.0008370581549931962
0.0
0.0
0.0
0.0006123564776243142
0.0022538113554373784
0.0002585425705329444
0.0004693693474540585
0.0034727286010014665
0.0
0.0
0.0
0.0
0.0
0.0
0.0
0.0
0.0009194426878072361
0.0
0.0
0.0
0.0
0.0
0.0
0.0026101108658294417
0.0006089645479795192
0.0
0.0010143358774301512
0.0
0.0
0.0
-0.0009746327483127364
0.0
0.0009846905451053988
0.0007163820004016173
0.0
0.0
0.0006343437154540778
0.0
0.0
0.0
0.0022433615621119543
0.0
0.0
0.0
0.0
0.0
0.0
0.0
0.000601343466095312
0.0
0.0
0.0
0.0
0.0012331403278516488
0.004973616522996293
0.0031231168667194584
-0.001977085244715703
0.0
0.0015411958183504325
0.0
0.00019103665169301656
0.001006439515034907
0.0010038728652446188
0.0
0.0
0.0008230901323429584
0.0
0.0
0.0
0.0
0.0
0.0
0.0
0.005597925874961047
0.0028257457948310228
0.0
-0.000173314613880385
0.0
0.0
0.0
0.004919835522144375
0.0
0.0
0.0
0.0
4.203852331733355e-5
-0.0013476285583805504
0.0
0.0010501130448610427
0.0011745528813038703
0.0
0.0
0.004372583429969246
0.0
0.0
0.0
0.0
0.0
0.0
0.0
0.00088794793600902
0.0
0.0008159538760346559
0.0
0.004407394744125584
0.0
0.0
0.0
0.0
0.0
0.0
0.0010280539288795487
0.0
0.0
0.0
0.0017272882537266877
0.0
0.0
0.0
0.0
0.0010049909463794358
0.0
0.0002619418152877779
0.00034613072918628893
0.0
0.0
0.0
0.0
0.0
0.00022892762437433316
0.0
0.0
0.0
0.0
0.0
0.0
0.0026653800160716377
0.0
0.0
0.002141866293181416
0.0
0.0008455817715207528
0.0009938578880309009
0.0009105079483085917
0.0
0.0
0.0006263731017873777
0.0
0.0
0.0
-0.0005642010803237553
0.0
1.4943901466973073e-5
0.0009715528859300622
0.0006353084371062395
0.001516705978204562
0.0
0.0
0.0009221213379887855
0.0
0.0
0.0
0.0
0.0
0.0
0.0
0.0
0.0008774212824972131
0.0008552619181841862
0.0
0.0
0.0
0.0006324917923491983
0.0
0.0006881592935009402
0.0
0.0008129333979329248
0.0
0.0008382938173040372
0.0
0.0
0.0
0.0
0.0
0.0
0.0006287207905321897
0.0018303832892868845
0.0
0.0006420465094948979
0.00454172320544543
0.0
0.0
0.0
0.0
0.0
0.0
0.0
0.0
0.0017798425100912754
0.0
0.0
0.0
0.0
0.0
0.0
0.0
0.0
0.0
0.0
0.0
0.0
0.0008490061862929613
0.0
0.0
0.0008661248458465331
0.0
0.0006240333165300693
0.0
0.0010367029792592648
0.0
0.001821448284015084
0.0
0.0006210619915864438
0.0
0.0
0.0006476002763644889
0.0
0.0
0.0008935599187722957
0.0005947736817885411
0.0024997368579076007
0.0
0.0
0.0006145995774382071
0.0
0.0
0.0
0.0
0.0009185266289372073
0.0
0.0
0.0
0.0
0.0
0.0
0.0
0.0
0.0
0.0
0.0011239174930506187
0.0
0.0
0.0
0.0
0.0035193487290728995
0.0
0.001029002775853605
0.0
0.0
0.0
0.001832149771739173
0.0
0.0
0.0
0.001543723186102276
0.0
0.0
0.0
0.0
0.0006312573694254533
0.0
0.002499118664418204
0.005638952365865421
0.0
0.0
0.0
0.0008563015910205634
0.000629724791177121
0.0
0.0
0.0
0.001068961604137643
0.001859930573423203
0.0009234005501143341
0.0
0.00011497239554209851
0.0
0.0
0.0
0.0
0.0
0.0
0.0
0.00391056185021766
0.0
0.004571500622572224
0.0
0.0
0.004335127604063746
0.0
0.0
0.0
0.004780518344732115
0.0
0.0
0.0
0.0
0.0
0.0
0.0006270938144444191
0.0
0.0
0.0
0.0
0.0
-7.041624606135166e-5
0.0
0.0
0.0
0.0
0.0
0.0
-0.0007322167933178248
0.0009306805912735834
0.0
0.0008962864682587107
-0.0001298179704340806
0.0
0.0001586527164675719
0.0
0.0
0.0
0.0
0.0009700429735280509
0.0
0.0009444678960955327
0.0007720443606825064
0.0008283823243206567
0.0
0.0009072668781475719
0.0
0.0
0.0
0.001363322447325188
0.0
0.0
0.0
0.0
0.0
0.0
0.002534038916911003
0.0
0.0
0.0
0.0
0.0
0.0006287641173895807
0.0
0.0
0.0
0.0
0.0
0.0
0.004163349521508368
0.00018755801872635816
0.0
0.0013169940093805898
0.0004877262845158827
0.0
0.0009658223066149648
0.0
0.0
0.0
0.000301312476102804
0.0017488781563375674
0.0
0.0
0.0
0.0
0.0
0.0
0.0
0.0
0.0
0.0
0.0
0.0
0.0
0.0008251561717337011
0.0
0.0
0.0
0.0
0.0
0.000626412814486483
0.0
0.0
0.0
0.000620009838953789
0.0
0.0
0.0
0.0
0.003523573389872213
0.0
0.0009116296865184564
0.0
0.0
0.0006251499524360164
-5.5355222223333133e-5
0.0
0.0
0.0008540046249091869
0.0
0.0
0.0
0.0028612060075712703
0.0
0.0
0.0009633250344599728
0.0006371291486770223
0.0
0.002846874515080695
-0.0004365401890763946
0.0
0.0
0.0
0.0
0.0
0.00040723897131426744
0.0010337974872021826
0.0
0.0007892578657176
0.0007857554515554327
0.0006203277521767825
0.0
0.0
0.0
0.0
0.0
0.0006263151019441944
0.0
0.0
0.0
0.0
0.0
0.0
0.0
0.0
0.0
0.0
0.0
0.0
0.0
0.0008224812329707233
0.0
0.0
7.580440366048276e-5
0.0
0.0
0.0010218471959905337
-2.2185444529354385e-5
0.0
0.0
0.0
0.0
0.0
0.0
0.00017559669007092562
0.0
0.0
0.0009180691427758079
-0.0005833350801736528
0.0
0.0
0.0
0.0
0.002332345349900474
-0.00034373585179117667
0.0
0.0
0.0
0.0
0.0
0.0
0.0
0.0
0.0
0.0009064542498763975
0.0
0.0
0.0
0.0
0.0
0.0
0.0
0.0
0.0008184394038372144
0.0
0.0
0.0
0.0
0.0
0.0
0.0
0.0
0.0029653881649545286
0.0
0.0
0.005324570020228248
0.0
0.0
0.0
0.0
0.0
0.0007809367368418651
0.0
0.0
0.0
0.0
0.0
0.0010706884499044355
0.0
0.0
0.0
0.0
0.0
0.0
0.0
0.0
0.0
0.0
0.0001498608774653676
0.0
0.0
0.002472488564298872
-0.00015251383171115555
-0.00023547611955287236
0.0009820324004697718
0.0
-8.330159007426383e-5
0.0025203433743862212
0.0
0.0
0.0
0.0008871817709316509
0.0
0.0
0.0
0.0
0.0
0.003551301000158869
0.001127828632066839
-0.0005654720295183453
0.0
-0.00023892092787271857
0.0
0.0
0.0
0.0006338038329447168
0.0
0.0
0.0009667815701126644
0.0
0.0
0.0009029178932599769
0.0
0.0
0.0
0.0
-0.0003785760826031857
0.0
0.0
0.0
0.0
0.0
0.0
0.0
-0.00011970059532497852
0.0
0.004297423393552983
0.0009019820913747878
0.0009644819831930288
0.0
0.0
0.0
0.0
0.0
0.0
0.0
0.0
0.0
0.0
0.0
0.0
0.0
0.0
0.0007548279189737925
0.0006394737408108879
0.0
0.0
0.0006272717096394739
0.0
0.004333219347312575
0.0
0.0
0.0
0.0
0.0
0.0
0.0
0.0
0.0006366244724043809
0.0
0.0
0.0
0.0
0.0010526135895343053
0.0
0.0
0.0
0.0
0.0
0.0
0.0
0.0009026326764686815
0.0
0.0008454783820443938
0.0
0.0
0.0
0.0
0.0
0.0010084940002029641
0.0
0.0
0.0
0.0
0.0
0.0
0.0006257430281380757
0.0008274440853443843
0.0006298792463909626
0.0
0.0
0.003716096652043219
0.0
0.0
0.0
0.0
0.0005076293927401504
0.0
0.0
-0.0008653210355034725
0.0
0.0
0.0
0.0
0.0
0.0
0.0
0.0
0.0
0.0
0.0
0.0
0.0
0.0
0.0006296887547839818
0.00022069489302445794
0.0
0.0
0.0
0.0006311497354161166
0.0
0.0
0.0
0.0
0.0
0.0
0.0006348046704340901
0.0
0.0
0.0
0.0
0.0
0.0
0.0
0.0
0.0
0.0
0.0
0.0
0.0
0.0
0.0
0.0005259617673642331
0.0
0.0004786409631619107
0.0
0.0
0.0
0.0
0.0
0.0010495310916613485
0.0
2.418761650227481e-5
0.0
0.0
6.677304506970566e-5
0.0
0.0006403098643800465
0.0
0.005069143697070941
0.0
0.0
0.0
0.0
0.003944316592277646
0.0
0.0
0.0
0.0
0.0
0.0
0.0009615642292517445
0.0004938909916410029
0.0
-0.001737856751866947
0.0011488151253695256
0.0006390982009684072
0.0
0.0
0.0
0.0
0.0034531493497397827
0.0
0.0
0.0
0.0
0.0006588123674053623
0.0
0.0
0.0
0.0
0.00045344705215392213
0.0
0.0
0.0011181725365560359
0.0
0.0
0.0
0.0
0.0
0.0
0.0008363908403264813
0.0
0.0
0.0
0.0
0.0
0.0
0.0
0.0
0.0010418965932977667
0.0
-0.0013097831166915116
-1.891753136861096e-5
0.0
0.0006413069500839515
0.0020785817872427245
0.0
0.0
0.004921789780386286
0.00022862243515887022
0.0
0.0007945452079253589
0.0
0.0
0.005790618360081493
0.0
0.0
0.0
0.0
0.0
0.0
0.0
0.0014328510266916844
0.0
0.0
0.0
0.0
0.0
0.0
0.0
0.0
0.0
0.0
0.0014518186703665467
0.0016108886598381958
0.0
0.0
0.0
0.0
0.0
0.0
-0.0002975465769753275
0.0
0.0
0.0
0.0
0.0
0.0
0.0
0.0006382561852419725
0.0009883627376485646
0.0
0.0
0.0
0.0
0.0
0.0
0.0
0.0
0.0
0.0
0.0
0.0
0.0
0.0006438594790100081
0.0
0.0
0.0
0.0
0.0
0.003140456480383828
0.0
0.0
0.0
0.0
0.0
0.0
0.0
0.0002743387492513277
0.0
0.0
0.0010010365024059082
0.0
0.0
0.0
0.0
0.0
0.0
0.0
0.0
0.0
0.0
0.0
0.0
0.0
0.0
0.0
0.0
0.0
0.0
0.0
0.0
0.003333829752593986
0.0
0.0
0.0
0.0
0.0
0.0
0.0
0.0
0.0
0.0
0.0
0.0027115120791858733
0.0
0.0
0.0
0.0
0.0
0.0
0.0
-0.00046698339797379083
0.0
0.0
0.0
6.304509086153037e-5
0.0006534585842178302
0.0
0.0
0.0
0.000809980508656095
0.0
0.0010235577009399001
0.0008939418795663856
0.0
0.0
0.0
0.0
0.0
0.0
0.0028801649285375786
0.0
0.0
0.0
0.0
0.0
0.0
0.0
0.0
0.0
0.0
0.0
0.0
0.0
0.0
0.0
-0.00016873127324840343
0.0
0.0
0.0
0.0020234436215910917
0.0
0.0
0.0
0.0
0.0
0.0
0.0
0.0
0.0
0.0
0.0
0.0
0.0
0.0
0.0
0.0
0.0003267986626012895
0.0
0.0
0.0
0.0
0.0
0.0
0.0
0.0
0.0
0.0
0.0008399149369788204
0.0
0.0
0.005276589870846271
0.0
0.0009877157928127448
0.0
-0.0008246184285144876
0.0
0.0
0.0
0.0
-6.41446363785895e-5
0.0
0.0
0.0
0.0
0.0
0.0
0.0
0.0
0.0
0.0027701987913373
0.0
0.0007458249857776485
0.0
0.005455848444783871
0.0005788825281007808
0.0
0.0
0.0
0.0
0.0
0.0
0.0
0.0
0.0
0.0
0.0
0.0
-8.704668978913038e-5
0.0
0.0
0.0006534761716281799
0.0
0.0025993275764048178
0.0008560174882730255
0.0
0.0
-0.0009735522848967902
0.001215117496792027
0.0
0.0
0.0018405992820133962
0.0
0.0012830130133336197
0.0010996277002300865
0.0008798136429305075
0.0
-0.0006747366145929079
0.0
0.0
0.003171080116032105
0.0006340440692180944
0.0
0.0
0.0011221546446887347
0.0006308706508714334
0.0
0.0006276504015563857
0.0
0.0
0.0
0.0
0.0
0.0
0.004160129877112237
0.0006304394224073747
0.0
0.0
0.0
0.0
0.0
0.0
0.0
0.0006258449180769364
0.0
0.0005637484959909575
0.0
0.00023805551104157002
0.0
0.0026081263145790057
0.0
0.0
0.0
0.0006367983168448915
0.00321117087842962
0.0006392969570189096
0.0024983960779641095
0.0
0.0
0.0022924918699644926
0.0
0.0
0.0
0.0
0.0
0.000871858808705851
0.0015160056970659392
0.0
0.0009153910807671048
0.0
0.0015590746933542914
0.0
0.0
0.0
0.0004121025472134226
0.0
0.0
0.0
0.0
0.0
0.0
0.0007348289174507421
0.0
0.0
0.0
0.00205115160884831
0.0
0.0008051869720321158
0.0
0.0
0.0
0.0
0.0
0.0
0.0
0.0
0.0
0.0
0.0
0.0008142197496701192
0.00020567097448356182
0.0046187422462935675
0.0
0.0
0.0
0.0
-0.000388536189571828
0.0
0.0006368028829325042
0.0
0.0
0.0
0.0
0.0
0.0
0.0
0.0
0.0
0.0
0.0
0.0
0.0
0.0
0.0
0.0
0.0
0.0
0.00034478734561591066
0.0
0.0
0.0
0.0
0.0
0.0007688876590264992
0.0
0.0
0.0
0.0
0.0
0.0
0.0
0.002660305293843746
0.0
0.0004020156015453918
-0.0005198041309828506
0.002163551565369533
0.0011459461683278004
0.0
0.0
0.0
-0.0012292207476035247
0.0
0.0
0.0
0.0
0.0
0.0
-0.0002323342371409202
0.00011720882697600283
0.0
0.0034990906776087996
-0.0006030877415221312
0.0
0.0
0.002319462846682336
0.0
0.0
0.0
0.0
0.0
0.0
0.0
0.0
0.0
0.0
0.0
0.0
0.0
0.0
0.0
0.0010819715598056401
0.0
0.0
0.0
0.0
0.0
0.0
0.0
0.0
0.0009217860724317797
0.0
0.0
0.0
0.0
0.0
0.004321162128654751
0.0006759395193256936
0.0
0.0
0.0
-0.0006959633776385259
0.0
0.0019868954860600614
0.0
0.0
0.0009075850530339413
0.0
0.0008741683795360362
0.0
0.0
0.0
0.0
0.002383863808759917
-0.0007999681870811167
0.0
0.0006365589074094698
0.0
0.0
0.0
0.0
0.0
0.0
0.0
0.0
0.0
0.0
0.0
0.004054807208818524
0.0006536125030002012
0.0
0.0008281184170903698
0.0
0.0012223417029301508
0.0
0.0023297974319470226
0.0
0.00035878372234197264
0.0020294911623665126
0.0
0.0
0.0
0.0008533940977883147
0.0
0.0
0.0
0.0023837461431106717
0.0
0.0006363159386285255
0.0
0.0
0.0
0.0
0.0005605364574083493
0.0
0.0
0.005246878140206373
0.0
0.0
0.0
0.0
0.0009495522683262718
0.0
0.0017560534514008005
0.0
0.0
0.0
0.0008571869922425057
0.0
0.0
0.0
0.0
0.0009470428414203487
0.0
0.0
0.0
0.0
0.0
0.0
0.003419826488971007
0.0
0.0
0.0009146270608376935
0.002877270581587773
0.0
0.0
0.0
0.002816902217605032
0.0
0.0
0.0
0.001002635251184163
0.0
0.0
0.0
0.0
0.0
0.0
0.0
0.0
0.0002689500437529572
0.0
0.002467189876681188
0.0
0.0
0.0
0.0
0.0
0.0
0.0
0.0
0.0
0.0
0.0
0.0
0.0
0.0006309947195809896
0.0
0.0
0.0
0.0
0.0
0.005289154761294139
0.0
0.0
0.0
0.0
0.0
0.0
0.0
0.0009460826450794975
0.0
0.0021922908142371906
0.000943070065243725
0.0008789997864624185
0.0
0.0
0.0
0.0009402924392418697
0.0
0.0
0.0
0.0
0.0
0.0
0.0
0.0
0.0
0.0
0.0
0.0
0.0
0.0006362059018064996
0.0
0.0
0.0
0.0
0.0
0.0
0.0
0.0008993262533121576
0.0
0.0
-0.00048525788271079303
0.0
0.0
0.0
0.0
0.0
0.0
0.0
0.000982246985831755
0.000956334089154287
0.0
0.000717558467257757
0.0006592459323460478
0.0
0.0
0.00020888663675897845
0.005181800811900807
0.0037796595914675176
0.0006435230426024345
0.0
0.0
0.0
0.0
-0.00011883040104922364
0.0
0.0
0.0006304035213750408
-0.0005306631322765251
0.00029172687340433786
0.0
0.0
0.006727773864573304
0.0006278571101620767
0.0025260623197167396
0.0
0.0
0.0008363788359152791
0.0
0.0
0.0
0.0
0.0
0.0
0.0
0.0
0.0
0.0009783083457940913
0.0008477929985350911
0.0
0.0003632861392002831
0.0011783270881071436
0.0
0.0
0.0
0.0
0.0
0.0
0.0018199840200343628
0.0
0.0
0.0
0.0
0.0
0.0022851092555079113
0.0
0.004774347645741726
0.0
0.0
0.0
0.0
0.0010283006172574374
0.000878337250822567
0.0
0.0
0.0
0.0
0.0
0.0
0.0
0.0
0.0007953833809333416
0.0
0.0008430374391173016
0.0
0.0
0.0
0.0
0.0
0.0038977193901783367
0.0
0.0027721202537077565
0.0
0.0
0.0006303245919108367
0.0
0.0
0.0
0.000858280805048891
0.003880097881115369
0.0
0.0
0.0
0.0
0.0
0.0006452629637276401
0.0
0.0
0.0008613552070362173
0.0
4.184151849372008e-5
0.0
0.0
0.0010889988190279777
0.004398958298576561
0.0
0.0
0.0
0.0
0.0
0.0
0.0008260425928518268
0.0008531387275992375
0.0009212821147421847
0.0
0.0
0.0
0.0
0.0008752936919946814
0.0019236544804765413
0.0
0.0006157007944672818
0.0009071938318682544
0.0
-0.000272284980304867
0.0
0.0
0.0
0.0
0.0
0.0
0.004028449990396005
0.0
0.0
0.0
0.0011696156294580898
0.0
0.0
0.0
0.0
0.0
0.0
0.0
0.0
0.002270809975918317
0.0
0.0010176601686945168
0.0
0.0006338326154370555
0.0006361336203414131
0.0013230774652970615
0.0
0.0
0.0
0.0
0.0
0.0
0.0
0.0
0.0
0.0001233588336521137
0.0010357912348582699
0.0
0.0
0.0
0.0006442117742555101
0.0
0.0
0.0006490998392506027
0.0
0.0
0.0
0.0
0.0
0.0
0.0
-8.45641351199168e-5
0.0
0.0
0.0
0.0013647649954168077
0.0
0.0
0.0
0.0
0.0006283952829594382
0.001397420824081159
-0.00037079332107950105
0.0
0.0
0.0
0.0
0.0
0.0
0.0
0.0
0.0
0.0
0.002204333573109308
0.0008674575439708657
0.0
0.0
0.000893725104491133
0.0
0.0
0.00530177048547161
0.0
0.0
0.0
0.0008713723155964929
0.0
0.0
0.0029798460060131973
4.716369563295699e-5
0.0
0.0006233863637757712
0.0
0.0009675463585654572
0.0
0.0
0.0009244972275633617
0.0011745062824200674
-0.000287692412481896
0.0
0.0
0.0
0.0009705055497551645
0.0
0.005286764959172389
0.00419049701417655
0.0
0.0
0.0
0.0
0.0009198355245239356
0.0
0.0
0.0
0.000909214898218999
0.0
-0.001078751947207503
0.0
-0.000552805489525967
0.0
0.0010434760054067076
0.0
0.005137802848989518
0.0
0.0007003666559271257
0.0
0.0
0.0010946859478515346
0.0005195164890960378
-0.0006241576771305777
0.0006321570249858585
0.0
0.0
0.0
0.0
0.0
0.0
-0.0007091497812291633
0.0008816929225900198
0.0
0.0
0.0008714474613935409
0.0007083934822350605
0.0
0.0
0.0
0.0003151018251703302
0.0011566470752395845
0.0
0.0
0.0008837471356647244
0.0
0.0
0.0
0.0
0.0
0.0
0.0
0.0
0.0
0.0
0.0
0.0008854924793785749
0.0
0.0
0.0
0.0
0.0007696328629347273
0.0
0.0011226896684471486
0.0008086164243162287
0.0013181703503373683
0.0
0.0
0.0007372952117489992
0.0
0.0
0.0005673676152359702
0.0015424666876335663
0.0
0.0
0.0
0.0
0.0
0.0
0.0
0.0
0.0
0.001079620389316327
0.0
0.0
0.0009679324005264136
0.0
0.0
0.0
0.0
0.0
0.0
0.0
0.0
0.0009039586397941239
0.0
0.0
0.0
0.0
0.0
0.0
0.0
0.0
0.0
0.0
0.0008524782816398119
0.0008515173899644876
0.0
0.0
0.0021938812388071997
0.0
0.0
0.0
0.0
0.0
0.0
0.0030893433167647017
0.0
0.0008197228206883198
0.0
0.0032990741531693465
0.0010251051080436685
0.0
0.0
0.0
0.0
0.0
0.0
0.0
0.0
0.000798337993195524
0.0
0.0
0.0003935581066435324
0.0
0.0
0.0
0.0009892739991103961
0.0
0.0
0.0
0.0034058097067921457
0.003607791231452169
0.0008233205618961924
0.0
0.0
0.0
0.0
0.0
0.0
0.0
0.0
0.0
0.0
0.000983345844831198
0.0
0.0
0.0
0.0
0.0
0.0008957214272928276
0.0
0.0
0.0
0.0
0.0
0.0
0.0
0.0
0.002289634381759554
0.0006435699265211556
0.0
0.0
0.0
0.0
0.0
0.0021749788268520484
0.0
0.0
0.0
0.0
0.0
0.0
0.0
0.0
0.0
0.0
0.0
0.0
0.0
0.0
0.0
0.0
0.0
0.0006111296301479796
0.0
0.0033535788683128356
0.0006353184528708929
0.0
0.0
0.0
0.0
0.0008511712475715569
0.0009991086245832055
0.0
0.0
0.0
0.0006454580188173934
0.0
0.0
0.0
0.0021934999218553683
0.0
0.0
0.001030317538591963
0.000628055865179261
0.00016551456652063595
0.0
0.0
0.0
0.00038294697803168093
0.0
0.0039884036956749
0.0
0.0
0.0
0.0
0.0006435361543955995
0.00038070994606290837
0.0
0.0
0.0
0.0
0.0
0.0009150829443058091
0.0
0.0
0.0
0.0
0.0
0.0
0.0
0.0
0.0
0.0
0.0
0.0
0.0
0.0
0.0008795753388353292
0.0
0.0
0.0
0.0013611255047676922
0.0
0.0
-0.0006735275039061872
0.0
0.0
0.0
0.0
0.0008474395652967948
0.0
0.0
0.0
0.0
0.0
0.00559045276338937
0.0025360712137118273
0.0
0.0
0.0
0.0
0.000722751527271493
-0.0006249094325139027
0.0
0.0
0.0
0.0006345111153397442
0.0
0.0
0.0
0.0033136467659579294
0.0
0.0008383167782693313
0.0
0.0
0.0
0.001068552188039441
0.0
-3.648948957125338e-5
0.0
0.0
0.004833019871433687
0.0
0.0009640981682704856
0.0032024900853003233
0.0
0.0
0.0
0.0
0.0
-0.0002703752814826262
-0.0005093582235645381
0.0
0.0
0.0013234418329026343
0.0
0.00048269305233706363
0.0
0.000423491799803124
0.0
0.0
0.0
0.0
0.0
0.0011359327582805131
0.0
0.0
0.0
0.0011053178096596748
0.0
0.0
0.0
0.0
0.0
-0.0006667261563557694
0.0
0.0
0.0
0.0
0.0
0.0
0.0
0.0
0.0
0.0
0.0
0.0
0.0
0.0
0.0
0.0
0.0
0.0
0.0
0.0
0.0
0.0
0.000882702739242465
-0.001581255691763033
0.0
0.0009561448422523865
0.0
0.0
0.0009659190094311972
0.006523858562660061
-0.001292138995312961
0.001001407595661362
0.0
0.0
0.0
0.002867604103237287
0.0
-0.00013475045001100464
0.0
0.0
0.0
0.0
0.000641044699133014
0.0
0.0
0.0
0.0
0.0008958448701097228
0.0008282460606577383
-0.00038394233830114374
0.0
0.0
0.0
0.0
0.003925830371702161
0.0
0.0
0.0
0.0
0.0
0.0
0.0
0.0
0.0
0.0
0.0
0.0
0.0
0.0
0.0
-0.0009491896227316936
0.0
0.0
0.0
0.0
0.0
0.0
0.0
0.0006396939622416786
0.0
0.0
0.0
0.0010044119703933633
0.0
0.0006403611128210045
0.0
0.0
0.0
0.0
0.0006169943921474272
9.982825689281975e-5
0.0
0.0
0.0
0.0
0.0
0.0
0.0008942992264594253
0.0
0.0
0.0
0.0
0.0
0.0
0.0010743063816118325
0.0
0.0
0.0
0.0
0.0
0.0
0.0
-0.0008922493082605403
0.0011465921501564611
0.0
0.0
0.0
0.0
0.0
0.0
0.0008670087800845862
0.0
-0.0008808866380457724
0.0
0.0009394167167091489
0.0
0.0
0.0021783018570155593
0.0
-2.498740384018287e-5
0.002726216717648353
0.0
0.0
0.0
0.0
0.0
0.0
0.0
0.00024391678123581492
0.0
0.0002522494432430188
0.0
0.0
0.0
0.00047528968953396914
0.0013947663450275076
0.0010096499250992668
0.0
0.0
0.00020192792537658972
0.0
0.0
0.003230511959878409
0.0
0.0
0.0015875485946996826
0.0
0.0
0.0
0.0012147250976963322
0.0
0.0
0.0
0.0
0.0
0.0
0.0
-0.0005378699236432926
-0.0015481364996963699
0.0
0.0
0.0
0.0022208043638009723
0.0
0.0
0.0
0.0
0.0
0.0023268077664015414
0.0
0.0
0.0
0.0
0.0
0.0006291575217948947
0.0
0.0
0.0
0.0
0.0
0.0008943707099852235
0.0
0.0
0.0008428579770692946
0.0007641609712740938
0.0007993510092213576
0.0
0.0
0.0
0.0
0.0
0.0
0.0
0.0
0.0
0.0
0.0
0.0008652283880402257
0.0010741754219761755
0.0
0.00109507365259815
0.0
0.0
0.0
0.00047331963782915135
0.0
0.0
0.0
0.0006295408916152316
0.0
0.0
0.0
0.0
0.000795114000821231
0.0
0.0
0.0
0.0
0.0
0.0
0.0
0.0
0.0
0.0
0.0
0.0
0.004534555227241926
0.0
0.0009326037937649787
0.0
-0.0007618044543027334
0.0008175499743228947
0.0
0.0009081299629455222
0.0
-0.0013517681333233761
0.0
0.0
0.0007371785630545282
0.0
0.0
0.0018001786295092745
0.0
0.0
0.0
0.0
0.0
0.0
0.0
0.0
0.0006362234639408886
0.0
0.0
0.0008630673555582095
0.001985415233494874
0.0
0.0
0.0009037963677363008
0.00036855992527128095
0.0
0.0
0.0
0.0
0.0
0.0
0.0
0.00037651920644303304
0.0
-0.00018991924120292307
0.0006275772837395605
0.0
0.00064870119734155
0.0006269968189021277
0.0
0.0006313657570247316
0.0
0.0
0.0
0.0
0.00086169553520347
0.0
0.0
0.0
0.0
0.0
0.0009053672134076012
0.0
0.0
0.0007247077775761428
0.0
0.0006458267790286848
0.0
0.0010382204880416013
0.0
-0.00018764785441415286
0.0008747999675052265
0.0
0.0
0.0
0.0
-0.00034082062501379526
0.0
0.0
0.0009722720526667304
0.0
0.0
0.0003642825230186226
0.0
0.0008383244489415337
0.000263387771497517
0.0
0.0
0.002906963870461065
0.0
0.0
0.0
0.0
0.0
0.0008787428267572016
0.0
0.0
0.0
0.0
0.0012587036091465966
0.0
0.0
0.000889406448336908
0.0
0.0
0.0
0.0
0.0007856580994214391
0.0
0.0
0.0
0.0008418817140615944
0.0
0.0
0.0
0.0
0.0017039794064242833
0.0
0.0
0.0
0.0
0.0
0.0
0.0
0.0
0.0
0.0
0.001184606502244795
0.0006428137625843594
0.0
0.000802144002417395
0.0
0.0
0.0
0.0
0.0006278104822662558
0.0
0.0
0.0
0.0
0.0
-6.0280380237095655e-6
0.0
0.0
0.0
0.0008146500303880585
0.0007692842131088699
0.0006421545764042231
0.0
0.0008786557775164774
0.0
0.0008943405894577305
0.0005416778396946486
0.0
-0.000555805203445869
0.0
0.003484776994906764
0.0
0.0033951264031392304
0.0
0.0008893572481289649
0.0
0.0
0.0
0.0
0.0
0.0008420913329147685
0.0
0.0
0.0
0.0
0.0
0.0
0.000628774553808052
0.0
0.0
0.0
0.0
0.0
0.0
0.0010316565057253181
0.0
0.0
0.0007637905257972996
0.0
0.0
0.0006338296217708387
0.0
0.0005608020870928829
0.0008782978046136939
0.0
0.0
0.0
0.0
0.0
0.0
0.0
0.0
0.0
0.0
0.0
0.000996773595652094
0.0
0.0
0.0009030405937254369
0.0
0.0
0.0
0.0
0.0
0.0009633763874608908
-1.8272062574307624e-5
0.0
0.0
0.0
0.0
0.0
0.004634712716813758
0.0
0.005501568928633453
0.0
0.0
0.0
3.579755554697761e-5
0.0
0.0
0.0
0.0
0.0
0.0
0.0
0.0
0.0
0.0
0.0
0.0
6.927439892701997e-5
0.0
0.0
0.0
0.0
-0.00041550062171047327
0.0
0.0
0.0
0.0
0.0
0.0
0.0
0.0
0.0
0.0016531287210666049
0.0008917949850145006
0.0
0.000766324592236908
0.0
0.0
0.005162389400645569
0.0
0.0
0.0006342603365403627
0.0
0.0
0.0008026013113879507
-0.0003102085333146328
0.0
0.0
0.0
0.0032690966114299145
0.0
0.0
0.0
0.0
0.0
0.0
0.0
0.0
0.0
0.0
0.0030065065166969673
0.000625315666702821
0.0
0.0
0.0
0.0
0.0
0.0
0.0006551121584039536
-2.765525716581914e-6
0.0
0.0
0.0009370033589931974
0.0
0.0
0.0006304706665891626
0.0
0.0
-0.0002848316225179864
0.0
0.0012447766643756781
0.0
0.0
0.0
-0.0003710872199638058
0.0
0.0007984218147434178
0.0
0.0
0.0
0.0
0.0
0.0
0.0
0.0
0.0009867971179374697
0.001960431774882227
0.0
0.0
-2.7442805675320654e-5
0.0
0.0
0.0
0.0
0.0006399930395076627
0.0
0.0
0.0007585303991942171
0.0
0.002053650633626046
0.0
0.0
0.002169355303614743
0.0011761438209516033
0.0
0.0
0.0
0.0
0.0
0.0
0.0
0.0012259643388392502
6.673670245996131e-5
0.0
0.0
0.0
0.000860443522939521
0.0
0.0
0.00018288127611310701
0.0
0.0
0.0
0.0
0.0
0.0
0.0
0.0
0.0
-0.0007762118668958478
0.00026877915676672603
0.0
0.0
0.001064666490633359
0.0
0.0
0.0
0.0
0.00017882429463169806
0.0
0.0
0.0
0.0
0.004337611178154673
0.0
0.0
0.0
0.0006268119773442548
0.0
0.0
0.0
0.0
0.0
0.0
0.0
0.0
0.0
0.0
0.0006381124229656648
0.0
0.0
0.0
0.0
0.0025872527710736307
0.0
0.0
0.0
0.0002020785155015191
0.0
-0.000271894193713482
0.0005850171319095025
0.0004792817700898901
0.0
0.003040150254381836
0.0
0.0026102343128233145
0.0
0.0
0.0
0.0
0.0
0.0
0.000589147066159933
0.0
0.0
0.0
0.0
0.0
0.0
0.0
0.0009174784866937866
0.0
0.0
0.0
0.0
0.0
0.0
0.0
0.0
0.0
0.0
0.0
0.0
0.0
0.0
0.0003908646729910698
0.0
0.0
0.0
0.0
0.0
0.0
0.0
0.0009701590583927269
0.0
0.0
0.0
0.0
0.0
0.0005341348833797226
0.0
0.0
0.0
0.0
-4.376014477876909e-5
0.0
0.0
0.0
0.004803056489299604
0.0
0.0033290244484557685
0.0
0.0
0.0
0.0010078081044753422
0.0
0.0
0.0
0.0
0.0007252893137497714
0.002073143016052372
0.0
0.0
0.0
0.0030009720618392553
0.0
0.0008323890707240302
0.0008636243207108125
0.0
0.0
0.0006360619835799523
0.0
0.0006398089554807821
0.0
0.0
0.0
0.0
0.0
0.0
0.0
0.0
0.0
0.0
0.0
0.0
0.0
0.0006328836333425275
0.0
0.0
0.0
0.0004899116979416746
0.0
0.0
0.0
0.0
0.0
0.0
0.0009014869887456623
0.0
0.0
0.0010286057055275972
0.001336202953129061
0.0
0.0006357253662219057
-0.0009850202701044378
0.0
0.0006290001760987252
0.0
0.0
0.0010276885157733534
0.0
0.0
0.0
0.0006403598035127385
0.0
0.0
0.0
0.0
0.0
0.00014357930242263843
0.0
0.0
0.0
0.0006207030590289431
0.0
0.0
0.0021763457624256882
0.0
0.0
0.0038884460956530873
0.0009568049583615141
0.0
0.0
0.0
0.0
0.0006377164216795883
0.0
0.0
0.0
0.0006347062935521222
0.0
0.0035071129101395897
0.0
0.0
-0.0005177819609010134
0.0
0.0008611127146809047
0.0
3.119627520150107e-5
0.0
0.0
0.0
0.00013182219877184875
0.0
0.0
0.0
0.0
0.0
0.0007266024090537735
0.0
0.0017164375906081751
0.0
0.005579066724492739
0.002677939235736299
0.0
0.0
-0.0006631973488378433
0.0
0.0
0.0
0.0
0.0
0.000941882300676921
0.0
0.0
0.0016963116662993335
0.0
0.0
0.0
0.0
0.0
0.0
0.0
0.0
0.0
0.0
0.000625393802487801
0.0
0.0
0.0
0.0
0.0
0.0
0.003645070976570099
0.0
0.0
0.0
0.0
0.0007792301409910015
0.0
0.0
0.0
0.0
0.0
0.0
0.00495211233884808
0.0
0.0
-0.0002644166838220496
0.0006198734318590058
0.0
0.0
0.0
0.0
0.0
0.0010781652625465393
0.0
0.0
0.0
0.0008316287277260435
0.0
0.0
0.0
-0.00023391146978729208
0.0
0.0
0.0
0.0
0.00033149648553747516
0.0006477376083143875
0.0008064533422452087
0.0007918646357574763
0.0
0.0
0.0
0.0
0.0
0.0
0.0
0.003071035104878609
0.0
0.0
-0.0009201857187875671
0.0
0.0006343763007047987
0.0
0.0007599683396673277
0.0
0.0
0.0
0.0007451762164048052
0.0010458894436133643
0.0
0.0007794490886942838
0.0006260135918544746
0.0
0.0
0.00015863357048950837
0.0
0.0006282732475672403
0.0
0.0
0.0006521670061346303
0.0
0.0
0.0
0.0
0.0003112156286833
0.0011238538122960474
0.0
0.0
0.0
0.0
0.002409219237357763
0.0
0.0008794483620074582
0.004457759467446186
0.0
0.0
0.0
0.0
0.0
0.0
0.0
0.0
0.0
0.0
0.000636783772450215
0.005164379045951604
0.0
0.0
0.005451324135574934
0.0
0.0
0.0
0.002671327893813162
0.0
0.0
0.0
0.0010289875625983586
-0.0003724563388126143
0.00082592286379876
0.0005168348767198594
0.0
0.0
0.0
0.0
0.0
0.0
0.0
0.0006324193250393811
0.0
0.0008344069603964867
0.0
0.0
0.0
0.001122030734148999
0.0
0.0
0.0
0.0035419564221862952
0.0
0.0
0.0
0.0
0.0
0.0012041066015008098
0.0
0.0010655102257811585
0.0
0.0
0.0006375720781231789
0.0
0.0
-0.000581718864823777
0.0
0.0006285963636072107
0.0007474666082413755
0.0
0.0
0.0
0.0
0.0
0.0
0.0
0.0
0.0
0.0
0.0
0.0
0.0028600627508228627
0.0
0.0
0.0
0.0
0.0
0.0
0.0
0.0
0.0
0.0005974269457414136
0.0
0.0006454627371403703
0.000177917935996412
0.005429116481713117
0.0
0.0
0.0
0.0006415719945038802
0.0
0.0
0.0
0.0025755743165751205
0.0
0.0
0.0
0.0008911427102580521
0.0
0.0
9.486003578811405e-7
0.0006313129663614457
0.0
0.0
0.0
0.0
0.002631358856807395
0.0
0.0
0.0
0.006181719457124747
0.0
0.0
0.0019297758231031433
0.0
0.0
0.0
0.0007716120098071225
0.0
0.0
0.0008162965944974714
0.0
0.0
0.0
0.0007960832389433305
0.0001268057522930673
0.0
0.0
0.0
0.0
0.0
0.0
0.0
0.0
-0.0006802048224817431
0.0
0.0
0.0008020887510971209
0.0
0.0009240062115286891
0.0
0.0
0.0
0.0
0.0
0.0
0.000943039861155555
0.0006324898075734139
0.0
0.0
0.0
0.0
0.0
0.0
0.0
0.0
0.0
0.0
0.0010592847349495398
0.0
0.0
0.0
0.0009441234893753676
0.0005601189607895901
0.005158394380763545
0.0006457295272650947
0.00013567961620423885
0.0
0.0008360656123431176
0.0
0.0
0.0
0.0
0.0
0.0
0.0008904386669940438
0.0012177152716876633
0.0
0.0
0.0
0.0
0.003969455238292788
0.0
0.003542222153504958
0.0
0.0
0.0008551429926542656
0.0
0.0009863223170978896
0.0006474423058650681
0.0
0.0
0.0
0.0
0.0
0.0010983099777983085
0.0
0.0
0.0
0.0010728595900337146
0.0
0.000826392761748313
0.0
0.0
0.0
0.0006291260254432858
0.004985287090901455
0.0
0.0008922708427608791
0.0006227677526172132
0.0009289163412387723
0.0
0.0
0.0
0.0
0.0
0.0
0.0
0.0
0.0
0.0
0.0
0.0006336241606080989
0.0002446453728206522
0.0
0.0
0.0008797287996566192
0.004386006827264485
0.0
0.0
0.0031226506447576915
0.0
0.004707174706191708
0.0006175552170723934
0.0
0.0
0.006826313205450611
0.004734020913599176
0.0
0.0
0.0
0.0
0.0
0.0007455348190923557
0.0
0.0
0.0
0.0
-0.0004982353336602767
0.0006383423010368229
0.0006375547283750096
-0.000133995071042563
0.0
0.0
0.0
-0.0005152042933201518
0.005030242256002385
0.0
0.0
0.0
0.0
0.0
0.0
0.003249418649559926
0.0
0.0
9.831346848283433e-5
0.0
0.0
0.0
0.0
0.0
0.0
0.0
0.0
0.0
0.0
0.0
0.002836869003051274
0.0018386634526142294
0.0
0.0
0.0
0.0
0.0
0.0
0.0
0.0
0.0
0.0
0.0
6.117075071719762e-5
0.0
0.0
0.00033264856750833704
0.0
0.00087190369436671
0.0
0.0
0.0
0.0
0.0
0.0
0.0
0.000618650189686602
0.0006318147756704265
0.0
0.0
0.001001126442247139
0.0
0.0
0.0
0.0002477392702564837
0.0
0.0
0.0007968925333512017
0.0
0.0006388266121900134
0.0008477561832524579
0.000639478854061004
0.0
0.004411738256713129
0.0
0.0
0.000900997414155743
0.0
0.0
0.0
0.0
0.0
0.0009410943134878395
0.0
0.0
0.0
0.0
0.0
0.0
0.0
-0.0008809666929818887
0.0
0.0
0.0
0.0
0.0
0.0
0.0
0.0
0.0
0.0
-0.0006215771263203656
0.0
0.0004111380793736584
-9.338158644058943e-6
0.0008258859326564019
0.0
0.000672952824839504
0.0008870445380907785
0.0
0.0
0.0
0.0
0.0
0.0
0.0
0.0
0.0
0.0006258299987924907
0.0011217913930847566
0.0
0.0
0.0
0.0
0.0006416928750823437
0.0
0.0
0.00048017968137730447
0.0
0.000773583873027441
-0.0006317626412739099
0.00278753181029291
0.0008758795237975579
0.0
0.0
0.0
0.0
0.0
0.002168308518553307
0.0
0.0
0.0
-0.000120777703855697
0.0
0.0004513875835188505
0.0
0.0011879643277695573
0.0
0.0
0.0
0.0
0.0
0.0010011713482091936
0.002605375253039805
0.001059729565616758
0.0
0.00330920138425677
0.0
0.0
0.0
0.0
0.0010705065374131673
0.0
0.0
0.0
0.0
0.0
0.0
0.0
0.0
0.0
0.0
0.0
0.0
0.0
0.0
0.0
0.0
0.0009557095144367028
0.0
0.000869869522733676
0.0
0.0
0.0
0.0
0.0009132739119487781
0.0
0.0
0.0
0.0
0.0008258896899979513
0.0
0.0
0.0
0.0004569431180858314
0.0
0.0
0.0
0.0
0.0
0.0002826100193412879
0.0006236219876307871
0.0
0.0009493537638816215
0.0
0.001245886552342831
0.0
0.0
0.0
0.0
0.0
0.0
0.0009945542401485355
0.0
0.0
0.0
0.0
0.0008731022157445247
0.0
0.00020159206323310287
-9.418036720771178e-5
0.0
0.0
0.0
0.0
0.0
0.0
0.0
0.0
0.0
0.0
0.0
0.0
0.0
0.0
0.0
0.0
0.0
0.0
0.0
0.0
0.0
0.0
0.0
0.0
0.0
0.0025020479231350813
0.0
0.0007977557309520795
0.0013367774583251102
0.0
0.0007937631588296434
0.0008308072184889801
0.0055009665113386185
0.0009451815633195661
0.00011048095118765506
0.0
0.0
0.0
0.0
-0.00036216690444842417
0.00507597783675636
0.0
0.0
0.0
0.0
0.0
0.0
0.0
0.0
0.0012994275695905298
0.0
0.0
0.0
0.0
0.0
0.0
0.0
-0.0004548775501715555
-0.00033594666060871394
0.0
0.0
0.002291325823804378
0.0
0.0006245749168215762
0.0
0.0
0.0
0.0
0.0003619511085652424
0.0
0.0
0.0
0.0035133189769939984
0.0
0.0
0.0
-0.0007066664706940368
0.0
0.0
0.0008675899687194575
0.0
0.0
0.0
0.0
0.0006298287460288407
0.0
0.0
0.000632800530542779
-0.0005428587270768434
0.004448870309368152
0.0
0.0
0.0027327031909556957
0.000869706019156339
0.0009003756784852178
0.0
-0.0006590863578567297
0.0
0.0
0.0
0.0
0.0
0.0
0.0
0.0
0.0
0.0006213763943923316
0.0006376449861529363
0.0
0.0007878249137337938
0.0
0.0
0.0009863833584945632
0.000673105391339131
0.0
0.0006390197236855857
0.0
0.0007954359271089036
0.0
0.0
0.0
0.0006302462866600476
0.0
0.0
0.0
0.0
0.0
0.0
0.0
0.004098650451710513
0.0
0.0
0.0
0.0
0.0
0.0
-0.0004341500613417515
0.0
0.0
0.006264450951063112
0.0
0.0
0.0
0.0010341511843034374
0.0
0.0008634504079534647
0.0
0.0
0.0
0.0
0.0
0.0
0.0
0.0
0.0
0.0
0.0
0.00025310391342182604
0.0
0.0
0.0031006350866803205
0.0
0.0
0.0
0.0
0.0
0.0
0.0
0.0042299550322049875
0.0
0.0
0.0003378352840563676
0.0
0.0
0.0010725790724536606
0.0
0.0
0.0
0.0
-7.186361410320843e-5
0.0010984818009967003
0.0
0.0
0.0
0.0
0.0
0.000636802481726774
0.0
0.0009189102197227816
0.0017223655354013843
0.0
0.0
0.0
0.0
0.00043409976657949586
-1.8954717384330368e-5
0.0
0.0
0.002652108166581886
0.0
0.0
-0.0008231377243000941
0.0017802767305209635
0.0
0.0
0.0
0.0
0.004703312253918897
0.0008140856392272511
0.0
0.0
0.0
0.0
0.0
0.0
0.0
0.0004261395495381531
0.0
0.0
0.0
0.0
0.0023740352413702107
0.0
0.0
0.0008617579651932704
0.0031972855735669377
0.0
0.0
0.0010445653798571517
-0.0011233476506335134
0.0023898054362745413
0.0005743607481093221
0.0
0.0
0.0
0.0
0.0
0.0009786292245884901
0.0007856304589666671
0.0
0.0
0.0009978558287679796
0.0
0.0
0.0
0.0009257408592542286
0.0
0.0
0.0
0.0
0.00031610354821875417
0.0
0.0
0.0
0.0
0.0
0.0
0.0
0.004429962901280075
0.0
-0.0001973231324956619
0.0
0.0
0.0
0.0
0.001953960589737787
0.0007875726758850527
0.0
0.0
0.0
0.0
0.0021928065250979368
0.0
0.0008536532451363605
0.0
0.0009126119043839779
0.0
0.0
0.0
0.0
0.0
0.0
0.0010372790950469277
0.0
0.0
0.0009255108894823068
0.0008998256180097532
0.0
0.0
0.0
0.0
0.0
0.002831055684547082
0.0
0.0
0.0
0.0
0.0
0.0007493247443652442
0.0
0.00030342013598446966
0.0
0.0027919099538154476
0.0
0.0
0.0006237212495895396
0.0
0.0
0.0008432633177537725
0.0
0.0008153710197421497
0.0003988483103238406
0.001874366028754217
0.0
0.0
0.0
0.0008175824421102986
0.0007878235291400628
0.0
0.0009712621857186159
0.0
0.0
0.0
0.0
0.0
-0.000548425322431773
0.0
0.0
0.000632397936194137
0.00026006421422883547
0.0007900931843340867
0.0
-0.00029759283748662893
0.0
0.0
0.0
0.0
0.0
0.0
0.0
0.0
0.0
0.0
0.0
0.0
0.0008043664525498379
0.003982616048640671
0.0
0.0
0.0
0.0
0.0008161727800193588
0.0
0.0008869699205402335
0.0
0.0
0.0
0.0007994389365602984
0.0
0.0
0.0
0.0
0.0004683515109168259
0.0008493592412312991
0.0
0.0
0.0
0.0
0.0
0.0
0.0
0.000875600752061026
0.0
0.0
0.0
-0.0009842247473342437
0.0
0.0
0.0
0.001070118991631405
0.0
0.0
0.0
0.0009507433992287111
0.0
0.0023942953378885776
0.0
0.0009276407441491646
0.0
0.0007842012007524468
0.0
0.0
0.0
0.006795836066677566
0.0
0.0
0.0
0.0022924809344656086
0.0
0.0
0.0
0.0
0.0
0.0009610823458995717
0.0
-0.0006663296128092826
0.0
0.0
0.0
0.0
0.0
0.0
0.00516518867837177
-0.00035599131111477793
0.0
0.004720531124911904
0.0
0.0
0.001522350633640328
0.0
0.0
0.0013889353363854197
0.0
0.0
0.0
0.0
0.0
0.0
0.0
0.0007716111030373719
0.0006425803232543292
0.0
0.0
0.001114965581757694
0.0006333630269853319
0.0
0.0007724185635544161
0.0
0.0006379097416479075
0.0
-0.0004483288508970184
0.0
0.0
0.005024636022644839
0.0
0.0
0.0
0.0
0.0
0.0
0.0
0.0009737540390486366
0.0
0.000824845327662936
0.004396611822677935
0.0
0.0
0.0
0.0
0.0
0.0
0.0
0.0010384377775494464
0.0
0.0030527202255514587
0.0
0.0
0.0020325738438453237
0.001139961372562063
0.0
0.0
-0.00013297590639221646
0.001036351625809304
0.0
0.0
0.0
0.0
0.0
0.0
0.0
0.0
0.0041329017262435016
0.0009838733061944336
0.0
-0.0003792011587069602
0.0
0.0
0.0009524378687871351
0.0
0.0009235589860956533
0.0
0.0
0.0
0.0022698963843190566
0.0
0.0
0.0
0.0
0.0006367608791588519
0.0
0.0
0.0
0.0
0.0
0.0
0.0
0.0
-0.0005227704281764247
0.0
0.0
0.0
0.0
0.0
0.0
0.0
0.0
0.0
0.0006361709299026733
0.0
0.0
0.0
0.0
0.0
0.00021064251035426835
0.0
0.0
0.0
0.0009093221386883984
0.0
0.0010247006732075768
0.0
0.0
0.0
0.0019140835164349378
0.0009262663741586053
0.0031619727507970394
0.0
0.0
0.0
0.0
0.0008645609688941069
0.0
0.0
0.0
0.0009954057640701687
0.0030206540981054324
0.0
0.0
0.0
0.002557567840399665
0.0
0.0
0.0
0.0
0.0
0.0
0.0006226408409579512
0.00037285451468081635
0.0
0.0
0.000837688475570784
0.0
0.00010068791343770965
0.0
0.0
0.0
0.0
0.0021310255008029863
0.0006633400772900104
0.0017051528071035335
0.0
0.0
0.0
0.0006335903165384067
0.0
2.5874120620238766e-5
0.0
0.004523258582827898
0.0
0.0
0.0
0.0
0.0
0.0
0.002984781139773702
0.002548814900253733
0.0
0.0
0.0
0.0
0.0
0.0
0.0
0.0009722944136741725
0.0
0.0
0.0
0.0
0.0
0.0
0.0
0.0016405702545125597
0.0
0.0
0.0
0.0
0.0059081480499952625
0.0
0.00043793219869703857
-0.00014148698433375764
0.0
0.0
0.0
0.0
-7.486800401019792e-5
0.0
0.00026090132624969465
0.0009678326033900842
0.0
0.0
0.0
0.0
0.0
-0.00037805592791180764
0.0
0.0
0.0
0.0007748952879809235
0.0
0.0
0.0
0.0
0.00046228834952702624
0.0
0.0
0.0
-0.00021575966890938602
0.0009855039417146234
0.0
0.004615508897285477
0.0
0.0
0.0
0.0009838199777421112
0.0
0.0
0.0
0.004194850859163709
0.0024048479011081316
0.0008441526092461262
0.0006311289945289292
0.0
0.004039597360942829
0.0
0.0
0.0
0.0
0.0
0.0
0.0
0.0
0.0
0.0
0.0015379896773044788
0.0
0.0
0.0008314309052055436
0.0
0.0
0.0
0.0
0.0
0.0
0.0
0.0
0.0
0.0009084111096920507
0.0
0.0010512502120581424
0.0
0.005509477892779957
0.0
0.0
0.0
0.001022437684122572
0.0
0.0009095403579360335
0.001297093628138312
0.0
0.0
0.0
0.0
0.001530808981602027
0.0008418611792452611
0.0
0.0
0.0008113885738733316
0.0
0.0
0.0
0.0009612496966168679
0.0
0.00021857429265190748
0.0030171000883249394
0.0
0.0009387776915641036
0.0007199916462490585
0.0
0.00045860004557511295
0.0
0.0
0.0006266220347624542
0.0
0.0
0.0
0.0
0.0
0.0006264130869305107
0.0
0.0
0.0
0.0
0.0
0.0
0.0
0.0
0.0
0.0006396211420880899
0.0
0.000634168553205891
0.0
0.0032198961457614137
0.0
0.0
2.1839836006263808e-5
0.0
0.0
0.0010941722993736305
0.0
0.0
0.0
0.0
0.0
0.0
0.0
0.0
0.0
0.0
0.0
0.0
0.0
0.00012707928456616463
0.0
0.0
0.0005907870389392103
0.0
0.0006369738664671753
0.0025569174636749276
0.0
0.0
0.0
0.0002748636817764571
0.0
0.0
0.0
-0.0002669550436693659
0.0006382680999294413
0.00391216501948145
0.0
0.0018575527379476415
-0.0004005251868557668
0.0
0.0007442145911804373
0.0
-0.0005653861006296884
0.0009611538616032032
0.0
0.0
0.0
0.0006278421095173468
0.0
0.0
0.005083207043187934
7.338379466386889e-5
0.0
0.0
0.0
0.000290256538061311
0.0
0.0
0.0
0.0
-0.0005275621276379323
0.0
0.0
0.0
0.00010399010463643795
0.00019208438542982808
0.0010093373767071827
0.0
0.0
0.00021242060879291392
0.0
0.0
0.0
0.0
0.0
0.0
0.0
0.0008742277659001139
0.0
0.0
7.419870941878527e-5
0.0
0.0
0.0
0.0
0.0033102985261522127
0.0
0.00099416473038332
0.0
0.0
0.0
3.7478847333103885e-5
0.0
0.0
0.0007457977994753961
0.0
0.0006278489990345884
0.0
0.0012005954592915274
0.0
0.0
0.0
0.0
0.0008524048674829236
0.0
0.0
0.0
0.0
0.002795594873732776
0.0010403867582372362
0.0003551243535453079
0.0009341009416974284
0.0
0.0
0.0
0.0
0.0
0.0
0.0009350210745822536
0.0
0.0
0.0
0.004007129143713696
0.0
0.0
0.0
0.0
0.0
0.0
0.0
0.0
0.0020961001091056542
0.0
0.0
0.0
0.0
0.0006251892844911642
0.0
0.0
0.0
0.0
0.0
0.0006404798969003872
7.837540082482549e-5
0.0
0.0
0.0
0.0015426013146391596
0.0011444033266440204
0.0
0.001529420529518698
0.0
0.0008903108693861863
0.0008732486390148285
0.000302220704196066
0.0
0.00036089287247998965
0.0
0.0006426210947564048
0.0
0.0
0.0022462886644782154
0.0009448579754243553
0.004570821836077937
0.0
0.0
0.0
0.0
0.0
0.0
0.0
0.0027199689293804395
0.0
0.0
0.0
0.0
0.0004457657277671876
0.0
0.0
0.0056296509946275565
0.0
0.0
-0.00041578759165017984
0.0
0.0
0.0
0.0030206638220589437
0.0
0.000630468555423426
0.0
0.0010242798969993098
0.0008852371496471795
0.0
0.002698968547650691
0.0
0.0007020996500014403
0.0
0.0
0.0
0.0
0.0
0.0
0.0
0.0
0.0
0.0
0.0
0.0
0.0
0.0
0.0
0.0
0.0036858613306140105
0.0
0.0007100479409867935
0.0
0.0
0.0
0.0
0.0
0.0
0.0
0.0
0.0
0.0
0.0
0.0010162799490512032
0.0
0.0
-0.00122836236003393
0.0
0.004307334166106469
0.0
0.0
0.0
0.0005598752023859273
0.0
0.0
0.005871853517353257
0.0
0.0
0.0
0.0
0.0
0.0008753111457336181
0.0
0.0
0.0
0.0
0.0
0.00033975759061687864
0.0
0.0
0.0
0.0
0.002826402758050259
0.0
0.0
6.666072519861329e-6
0.0
0.0008943628168531807
0.0
0.0
0.0
0.004744993930808408
0.0
0.0
0.0
0.0
0.0
0.000949789138384146
0.0
0.0030028996806799775
0.0
0.0
0.0
0.0
0.0
0.0
0.0
0.0
0.0
0.0
0.0
0.0
0.0023276166307224355
0.0
0.0
0.0
0.0
-0.0002739447857351344
-4.123951392229777e-5
0.0006330549048451197
0.0
0.0
0.0019154716632080408
0.0008228880523844401
0.0
0.0
0.0
0.0
0.0
0.002114028056501875
0.00017641817371604165
0.0
0.0
0.0
0.0
0.0
0.00040394017843752185
0.0
0.0
0.0
0.0
0.0
0.0
0.0
0.0
0.0
0.0
0.001486964467947636
0.0
0.0
0.0
-0.0005546583739744246
0.0
3.279147836944971e-5
-0.0008507361869566552
0.0
0.0
0.0
-9.497581634774249e-5
0.0
0.0
0.0
0.0
0.0008712674427739398
0.0
0.0
0.0
0.0009756309312514432
0.0
0.0013923561521981213
0.0
0.0029060149157255385
0.0
-0.0010682142370362423
0.0
0.0
0.0
0.0
0.0
-0.0007563646462297012
0.0
0.0014117701660032575
-0.0006374497727171414
0.0
0.0
0.0
0.0
0.0
0.0
0.0
0.0
0.0005893080417026764
0.0
-0.0003085183746872967
0.0
0.0
0.0014345424517140297
0.0
0.0
0.0
0.0008643897455630356
0.0
0.0
-0.00028763416230265714
0.0
0.0008890870283827977
0.0
0.0
0.00014904478550606127
0.000602613508991742
0.0
0.00370006209834674
0.0
0.0
0.0
0.0
0.0
0.0006303249159727173
0.0
0.0
0.0030957138152687175
0.0
0.0
0.0
0.0
0.0
0.00042724534979291065
0.0008906851947788778
0.0
0.0
0.0
0.0019264282317679724
0.0008706171465140151
0.0
0.0
0.0
0.0
0.0
0.0
0.0
0.0029065512854038592
0.0006759834998452619
0.0
0.0
0.004622177358608856
0.0007959858173946369
0.0009024954418995509
0.0
0.0
0.0
0.000717880683106031
0.0
0.0008262826428686825
-0.0006443109971511564
0.0006315282989411625
0.0001398164788113972
0.000632967746403001
0.0025624992232565124
0.0
0.0
0.0
-0.00036148563889007787
0.0
0.0
0.0
0.0006349107883631681
0.0008008935444320486
0.0017215312127391164
0.0
0.0
-0.00031099062192260324
0.0
0.0
0.002990523948497081
0.0006914507080447314
0.0
0.0
0.0
-0.0013613153228614321
0.0
0.002698167062693092
0.0
-0.00016731020289331236
0.0
0.0
0.0
0.0
0.00020684527918624434
0.0
0.0
0.0
0.004752792602707721
0.0
0.0
0.0
0.0
0.0
0.0
0.00528815518744251
0.0
0.0
0.0
0.0
0.0006418201826916906
0.0
0.0
0.002383508202158499
0.0
0.0
0.0
0.004296134533546604
0.0
0.0
0.0
0.0
0.0
