0.0
0.0
0.0
0.0
0.0
0.0
0.0
0.0
0.0
0.0
0.0
0.0
0.0
0.0017996052643042507
0.00251659168592265
0.0
0.0
0.0
0.0
0.0
0.0
0.0
0.00202976839466235
0.0
0.0
0.0008455590140188546
0.0008243284726192208
0.0
0.0
0.0006211281299165078
0.0011424221235455262
0.0
0.0
0.0017930971572858716
0.0
0.0
0.0013994567293564109
0.0
0.0
0.0
0.0
0.0
0.0
0.0
0.0009646820163591361
0.0006788951203684979
0.0
0.0002999823233596704
0.0
0.0
0.0
0.0004117748673935799
0.0
0.0
0.0
0.0
0.000887826941652701
0.0
0.0
0.0
0.0
0.0
0.0
0.00014529250846765464
0.0
0.0
2.4512670604600247e-5
0.0
0.0
0.0006845460069446417
0.0
0.0
0.0
0.0
0.0
0.0
0.0
-0.0001122562066119602
0.0
0.0009228101506084689
0.0
0.0
0.0
0.0008777174294591847
0.005448754346489952
0.0
0.0
0.0
0.0006479134947442823
0.0013535340778301243
0.0
0.0006033669156036732
0.0
0.0
0.0
0.0
0.0
0.0
0.0
0.0
0.00089083543419384
0.0
0.0
0.0
0.0
0.0014991948064317529
0.0
0.0
0.0
0.0
0.0
0.0
0.0
0.002211120734468197
0.0
0.0
0.0
0.003723156626338217
0.0006333228054162305
0.0004368679904456798
0.002994918965702498
0.0
0.0
0.00026309770186810986
0.0
0.0
0.0019457408037565059
0.002506075168367729
-0.0005143960831034121
0.0
0.0
0.0
0.0
0.0
0.0
0.0022944104282499214
0.0
0.0
0.0
0.0
0.0
0.0
0.0
0.0006425200035758831
0.0
-0.0008978360498510762
0.0
0.0
0.0
0.0
0.000652785193714598
-0.00034142260266940903
0.0021824732368629705
0.0
0.0
0.0
0.0008745122401629476
0.0
0.0
0.0
0.0
0.0
0.0011962299601702715
0.0
0.0
0.0
0.0
0.0
0.0006967090908343087
0.0
0.0
0.0018337467916262741
0.0
0.0
0.0
0.0
0.0
0.0
0.0
0.0
0.0008553040581374928
0.0
0.0
0.0009360269865662368
-0.0004341943411532592
0.0
0.0
0.0006307232524396483
0.00041816156280324504
0.004912675777878173
0.0
0.0006419374986922435
0.0
0.0
0.001773248980394899
0.0006290554815726623
0.00013188395363610014
0.00100290593804296
0.0023568293776813323
0.0
0.0024806400514750964
0.0
0.0
0.0022025241575243477
0.001441364108461196
0.0
0.0
0.0
0.0
0.0
0.0
0.0
0.0
0.0
0.0
0.0
0.0
0.0
-0.00013442546811000193
-0.0005753155015672152
0.0017704071637374393
0.0
0.0
0.0009534253444319703
0.0017271122186744074
0.0
0.0
0.0009521511361504494
0.0
0.0
0.0
0.0
0.0008282725617303537
0.0
0.0
0.0
0.001118956547308522
0.000997221411564054
0.0006520394389038982
0.0
0.0006368972174787634
0.0
0.0
0.0
-0.0003187488201828681
0.005141683511629718
0.00011037331306748721
-0.002100066039351349
0.0006361493638026801
0.0
0.0
0.0
0.0
0.0
0.0
0.0008671759514811854
0.0
0.0008566396216495186
0.0
0.00214191867759243
0.0
0.0009945121699132544
0.0
0.0
0.0011315416737217175
0.0
0.0
0.0
0.0
0.0
0.0
0.0
0.0
7.611039941201472e-5
0.0
0.0009961193640582032
0.0
0.0
0.0
0.0
0.0
0.0
0.0
0.0
0.0007258714858215745
0.0007764160192673717
0.0
0.0
0.0004075362252074233
0.0008351196191948761
-0.00024392119122625648
0.0
0.0020447287998991226
0.0
0.0007844232866755268
0.0
0.0
0.0
0.0
0.0007740333291705452
0.0
0.0
0.0
0.0
-0.00015309593484640792
0.0
0.0
0.0
0.0
0.0
0.0019449159581954216
0.0
0.0
-5.160876774293987e-5
0.0
0.0
0.0006466994888583265
0.0
0.0049578446040003995
0.0
0.0
0.0006341804883331858
0.0008075122791415017
0.0
0.0009101535474937941
0.0004361090865120565
0.0
0.0
0.0
0.0
0.0
0.0
0.0
0.0
0.0011675842138993706
0.0010016380381696124
0.0009461733945737924
0.0
0.0
0.0
0.0
0.0
0.0
0.0
0.0029558748959311455
0.00564334128232633
0.0
-0.00012995838096070908
0.0
0.0
0.0
0.0
0.0008317423299213329
0.0
0.0
0.0
0.0
0.0
0.0
0.0011413248155051905
0.0
0.000830793571124221
0.0
0.0
0.001269536715753693
0.0
0.0
0.0008673907197781825
0.000826342529946095
0.0
0.0
0.0
0.0
0.0
0.0
0.0
0.0
0.0
0.0
0.0
0.0
0.0
0.0
0.0
0.0
0.0
0.00285898872935128
0.0
0.0
0.0
0.0008150294853012978
0.001128441632679972
0.0
0.0
0.0
0.0
0.0
0.0
0.0
0.0
0.0
0.0
0.0
0.0009137468773581713
0.002499555695521995
0.0
0.0
0.0
0.0
0.0
0.00581326383929722
-3.4642404516479434e-5
0.0008425138098365519
0.0
-0.0003840981370516728
0.0008881867263983687
0.0010959651418926922
-4.647682270504079e-5
0.0009125583348359055
0.0001232517430390029
0.0
0.0008260114452739224
0.0005088928982781483
0.0002445114216405764
0.0
0.0
0.0
0.0
0.00065143459191638
0.0
0.0
0.0
0.0
0.0
0.0
0.005133352512161428
0.0023099197355471797
0.0046954415143346424
0.0
0.0
0.0
0.0
0.0
0.0
0.0
0.0
0.0009531813634159441
0.0
0.0
0.0
0.0
0.0009165415816212547
0.0
0.0
0.0006437638946561034
0.0
-0.001260312309727375
0.0
0.0
8.413079433610097e-5
0.0
0.0
0.0
0.0006472843476957294
0.0
0.0
0.0
0.0
0.0
0.0
0.0
0.0
0.0
0.0012423008285568139
0.0
0.005443357625918184
0.0
0.0
0.0
0.0
0.0
0.0
0.0
0.0
0.000501900773284937
0.0
0.001123258350246527
0.0
0.0
0.0
0.0
0.0
0.0
-0.0004774994532975756
0.0
0.0
0.0
0.0
0.0
0.0008209243358955396
0.0
0.0010612822033675047
0.0
0.0006403834932143703
0.000908862103035744
0.0
0.0
0.0
0.0
0.0
0.0
0.0
0.0017218701578636153
0.0
0.0
0.0
0.00317504019737836
0.0
0.0
0.0
0.0
0.0
0.0
0.0
-0.0014962483517815478
0.0
0.0
0.0
0.0008384577600920819
0.0
0.0
0.0
0.0
0.0
0.0
0.0
0.0
0.0
0.0
0.0
0.0
0.0
0.0
0.0
0.0
0.0
0.0
0.0008382767537633444
0.0
0.0
0.0
0.0
0.0
0.0
0.0
0.0
0.0
0.000611450558108
-0.0014871763556047694
0.0
-0.00013918285868721065
0.005674153246550282
0.0009481193922161817
0.0
0.0009109955700732802
0.0
0.0017315188374646504
0.0
-0.0005160877667621142
0.0
0.0
0.0
0.0005935504288743707
0.0006471597098445263
-0.0006069435785000413
0.0
0.0
0.0
0.0
0.0
0.0
0.0009732798586924033
0.0
0.0
0.0
0.0
0.0
0.0
0.0008280656507258586
0.0
0.0
0.0
0.0
0.0
0.0024006970650984616
0.0009164916429248572
0.0
0.0007141675437314305
0.0
-0.00011875530037920394
0.0
0.0
0.0
0.0
0.0
0.0
0.0
0.0
0.0
0.0
0.0
0.0006344674042437661
0.0
0.0
0.0
0.0
0.0
0.0005951993006651978
0.0
0.0
0.0
0.0
0.0
0.0
0.0
0.0
0.0
0.0028215187098629556
0.003971107046894117
0.0
0.0006322164364130216
0.002732670729998644
0.0
0.0
0.0
0.00347981457677702
0.0029322653379720534
0.0
0.0
0.0
0.0
0.0
0.0008719604742176935
0.0
0.0
0.00471945145967762
0.0
0.0
0.0
0.0006386942403187515
0.0026987057067582895
0.002869727805935059
0.0
0.0006493796681638164
0.0
0.0
0.0
0.0
0.0
0.0
0.0
0.0
0.0
0.0
0.0
0.0
0.0
0.0003072768408000545
0.0009101215405888072
0.0
0.0008681912489928232
0.0
0.0
0.0004266681296510307
0.0
0.0
0.001222341142721022
0.0
0.0
0.0
0.0
0.0
0.0
0.0
0.0
0.0
0.0023450667005568146
0.0
0.0
0.0
0.0
0.0
0.0
0.0
0.0
0.0
0.0
0.0
0.0036235101967637567
0.0008445778647029907
0.0
0.001047917788983889
0.0
-0.00039355909713219885
0.0005408483120695893
-5.417045724015781e-5
0.0009405090923429997
0.0008493156654080549
0.0
0.0
8.681113089879978e-5
0.0
0.0
0.0
0.0
0.0
0.0
0.0
0.0
0.0008574348235608522
0.0
0.0
0.0
0.0014395091907247754
-0.0001744957929129388
-0.00024741888041639176
0.0
0.0
0.0008102341906350959
0.0
0.0
0.0
0.0
0.0
0.0
0.0
0.0006378858467045629
0.0007144057979727307
0.0
0.0007896262466018102
0.0
0.0
0.0
0.0
0.0007109752918492856
0.0
0.0
0.0005611717751639943
0.00046525260573116925
0.0
0.0
0.0006165432646607583
0.0009916945675200412
0.00045895221676181736
0.0
0.0
0.001091346988573075
0.0
0.0
0.0
0.0
0.0006184053670907486
9.234752034846178e-5
0.0
0.0
0.0
0.0
0.0
-9.072256338272183e-5
0.0
0.0
0.0
0.0
-0.00014581878132063987
0.0
0.0005259676969855645
0.0
0.0
-0.000926589723687754
0.0
0.0032497086670796567
0.0
0.0
0.0039504133783069845
0.0
0.0
0.0009952407992140939
0.0
0.0
-0.0011235172807096724
0.0
0.0
0.0
0.0
0.0
0.0007632916957826566
0.0
0.0
0.00064372680597917
0.0
0.0
0.0
0.0
0.0
0.0
0.0
0.0022218243037371976
0.0
0.001825283455228715
0.0006463680363912101
0.0
0.0
0.0
0.0009145729275732542
0.0
0.0
0.0
0.0009035134754855638
0.0
0.0
0.0
0.0
0.0
0.0
0.0
0.0
0.0
0.0
0.0
0.0
0.0006301510301741428
0.0
0.0
0.0007012694084630018
-0.0011498709260364544
0.0
0.00021345831348582977
0.0009219255802510605
0.0
0.0008344689382704776
0.0
0.0
0.0
0.0005934865126444237
0.0027801446561076353
0.0003512514254616357
0.0006094304994091222
0.002927138490973666
0.0
0.0
0.0
0.0
0.0
0.0
0.0
0.0
0.0008918979533907953
0.0
0.0
0.0
0.0
0.0
0.0
0.0026739150836215483
0.0005423574831786703
0.0
0.0008643486215582129
0.0
0.0
0.0
-0.0011615531244990973
0.0
0.000864172441544211
0.0005459567724446372
0.0
0.0
0.0006320354143895436
0.0
0.0
0.0
0.002127294822321633
0.0
0.0
0.0
0.0
0.0
0.0
0.0
0.0005713119463361258
0.0
0.0
0.0
0.0
0.0012822880217845571
0.004467652112043016
0.003073700515427239
-0.00112279381163724
0.0
0.001747925823001376
0.0
0.00026521057253495157
0.0008474282602105767
0.0010960552501689293
0.0
0.0
0.0009409832972716449
0.0
0.0
0.0
0.0
0.0
0.0
0.0
0.0057757180817513566
0.002566393298419711
0.0
-0.00012180818729017906
0.0
0.0
0.0
0.0044803162049676095
0.0
0.0
0.0
0.0
0.00034953398380342795
-0.0013664307304851564
0.0
0.0009936707250415393
0.0010438871613097842
0.0
0.0
0.004147048771484655
0.0
0.0
0.0
0.0
0.0
0.0
0.0
0.0009300402768816575
0.0
0.0008381309756689301
0.0
0.00468921962483588
0.0
0.0
0.0
0.0
0.0
0.0
0.0009498307958350365
0.0
0.0
0.0
0.0014623798935167029
0.0
0.0
0.0
0.0
0.000816415768166243
0.0
0.0003871445230056738
0.0006021734519356346
0.0
0.0
0.0
0.0
0.0
0.0001726274312363979
0.0
0.0
0.0
0.0
0.0
0.0
0.0029304645457737177
0.0
0.0
0.002231886832511834
0.0
0.000786330552310657
0.0009726566388863231
0.0009368463270210846
0.0
0.0
0.0006391849803126452
0.0
0.0
0.0
-3.297724336039262e-5
0.0
0.0002057303306882455
0.0008470287483457084
0.0006453083205756923
0.0008043302503646293
0.0
0.0
0.0010216472961269343
0.0
0.0
0.0
0.0
0.0
0.0
0.0
0.0
0.0008755338864640237
0.0008621578338641497
0.0
0.0
0.0
0.0006341373499548131
0.0
0.0005351187636152171
0.0
0.0007747065909673454
0.0
0.0012301938851802042
0.0
0.0
0.0
0.0
0.0
0.0
0.0006336618128688872
0.0020778183558464473
0.0
0.000616270050586495
0.004229273110007054
0.0
0.0
0.0
0.0
0.0
0.0
0.0
0.0
0.001835040795618289
0.0
0.0
0.0
0.0
0.0
0.0
0.0
0.0
0.0
0.0
0.0
0.0
0.0009748329769634366
0.0
0.0
0.0009093317614225296
0.0
0.0006452846421277928
0.0
0.0009334697771269214
0.0
0.0017905986717585455
0.0
0.0006482741939300215
0.0
0.0
0.0005801538563405821
0.0
0.0
0.0008377975984583985
0.0005791647281029294
0.002790906636624419
0.0
0.0
0.000623174818292029
0.0
0.0
0.0
0.0
0.0010664627491171596
0.0
0.0
0.0
0.0
0.0
0.0
0.0
0.0
0.0
0.0
0.0009176283958784251
0.0
0.0
0.0
0.0
0.003485792171815478
0.0
0.0009951430880950633
0.0
0.0
0.0
0.0018327112658321292
0.0
0.0
0.0
0.002349458149089051
0.0
0.0
0.0
0.0
0.0006484674815614746
0.0
0.003010292201367284
0.005371810291836725
0.0
0.0
0.0
0.0008266073805572579
0.0006431772418280477
0.0
0.0
0.0
0.0008812456931161633
0.0020590299066097282
0.0008680448538038341
0.0
0.00020772202667997927
0.0
0.0
0.0
0.0
0.0
0.0
0.0
0.0038040903607964725
0.0
0.004239777496112784
0.0
0.0
0.004079878903145677
0.0
0.0
0.0
0.004019606247218108
0.0
0.0
0.0
0.0
0.0
0.0
0.0006340644292989794
0.0
0.0
0.0
0.0
0.0
-9.90978134286769e-5
0.0
0.0
0.0
0.0
0.0
0.0
-0.0008351945447894384
0.0009240450987446262
0.0
0.0009402121681812814
3.464144633375049e-5
0.0
0.0005033039651528866
0.0
0.0
0.0
0.0
0.0009506257487423014
0.0
0.0009280076401273891
0.0009027730678101053
0.0008035624984412635
0.0
0.0008502665689518021
0.0
0.0
0.0
0.0013540294041862677
0.0
0.0
0.0
0.0
0.0
0.0
0.002507486315991432
0.0
0.0
0.0
0.0
0.0
0.0006341264977441918
0.0
0.0
0.0
0.0
0.0
0.0
0.0042790911083049775
0.0005856278948162419
0.0
0.0011231373060734155
0.00042177324385969477
0.0
0.0009487082379508397
0.0
0.0
0.0
0.0005234400784867937
0.0013735292268825829
0.0
0.0
0.0
0.0
0.0
0.0
0.0
0.0
0.0
0.0
0.0
0.0
0.0
0.0008400108257725268
0.0
0.0
0.0
0.0
0.0
0.0006146882927266955
0.0
0.0
0.0
0.0006352721648315216
0.0
0.0
0.0
0.0
0.0036566639435323084
0.0
0.0008186042919832979
0.0
0.0
0.0006249648114274313
-0.0002593544690769188
0.0
0.0
0.000861067291864718
0.0
0.0
0.0
0.002618785330568293
0.0
0.0
0.0008515195946943657
0.000643408448318473
0.0
0.0023235843906033826
-0.0003428238344463568
0.0
0.0
0.0
0.0
0.0
0.00033903305779073615
0.0011513541255427089
0.0
0.0008601490909927516
0.000786802175250075
0.00063564717869747
0.0
0.0
0.0
0.0
0.0
0.0006403220984296217
0.0
0.0
0.0
0.0
0.0
0.0
0.0
0.0
0.0
0.0
0.0
0.0
0.0
0.0006600985400028531
0.0
0.0
1.3055400876126549e-5
0.0
0.0
0.0009272931165682192
-2.7291797581472523e-5
0.0
0.0
0.0
0.0
0.0
0.0
0.00014143367424701225
0.0
0.0
0.000935844207144435
-0.0007169534506121605
0.0
0.0
0.0
0.0
0.002380508495957341
-0.00045361142981418194
0.0
0.0
0.0
0.0
0.0
0.0
0.0
0.0
0.0
0.0008295908294682792
0.0
0.0
0.0
0.0
0.0
0.0
0.0
0.0
0.0009146700831749959
0.0
0.0
0.0
0.0
0.0
0.0
0.0
0.0
0.0029569993348507813
0.0
0.0
0.005165795481913717
0.0
0.0
0.0
0.0
0.0
0.0007635583269293849
0.0
0.0
0.0
0.0
0.0
0.001128159166908544
0.0
0.0
0.0
0.0
0.0
0.0
0.0
0.0
0.0
0.0
0.0002042314340515173
0.0
0.0
0.0028618018734526385
-0.00011412768256762514
-9.75153045813222e-5
0.0010177676834438728
0.0
-1.1858324819459538e-5
0.00221355089169852
0.0
0.0
0.0
0.0008707482771919363
0.0
0.0
0.0
0.0
0.0
0.0036158435757112435
0.0008017346654275562
-0.0005360500204378728
0.0
-0.00043056514506521044
0.0
0.0
0.0
0.0006202638515466904
0.0
0.0
0.0009187723684891787
0.0
0.0
0.000918061329433483
0.0
0.0
0.0
0.0
1.2220356441528454e-6
0.0
0.0
0.0
0.0
0.0
0.0
0.0
-1.4679996905198077e-5
0.0
0.004048470409340122
0.0008740399587039912
0.0009129647142097899
0.0
0.0
0.0
0.0
0.0
0.0
0.0
0.0
0.0
0.0
0.0
0.0
0.0
0.0
0.0007617439178674908
0.0006180955433719949
0.0
0.0
0.0006289875590848201
0.0
0.00428905520233956
0.0
0.0
0.0
0.0
0.0
0.0
0.0
0.0
0.0006382910462089078
0.0
0.0
0.0
0.0
0.0009040488546269002
0.0
0.0
0.0
0.0
0.0
0.0
0.0
0.0008926487343498736
0.0
0.0007612024884654735
0.0
0.0
0.0
0.0
0.0
0.0010181624133269245
0.0
0.0
0.0
0.0
0.0
0.0
0.0006366043902009836
0.000879944121888947
0.0006427527562228429
0.0
0.0
0.004581985028153366
0.0
0.0
0.0
0.0
0.0007971857070920395
0.0
0.0
-0.0006115688800939067
0.0
0.0
0.0
0.0
0.0
0.0
0.0
0.0
0.0
0.0
0.0
0.0
0.0
0.0
0.0006418141563912665
0.0005025712406350872
0.0
0.0
0.0
0.0006530969052423919
0.0
0.0
0.0
0.0
0.0
0.0
0.000663260134493269
0.0
0.0
0.0
0.0
0.0
0.0
0.0
0.0
0.0
0.0
0.0
0.0
0.0
0.0
0.0
0.0005767343762247518
0.0
0.00039303236487149047
0.0
0.0
0.0
0.0
0.0
0.00092368489313238
0.0
0.000499926386750332
0.0
0.0
0.00022980013558959478
0.0
0.0006327736611580417
0.0
0.0048959101167173075
0.0
0.0
0.0
0.0
0.004304603077349128
0.0
0.0
0.0
0.0
0.0
0.0
0.0009303856980264248
0.0007245511836143369
0.0
-0.0017101096899452123
0.0010633731978087501
0.0006383297330532612
0.0
0.0
0.0
0.0
0.003130741725076813
0.0
0.0
0.0
0.0
0.0006255124786964352
0.0
0.0
0.0
0.0
0.0006980098791497895
0.0
0.0
0.0008333066984292427
0.0
0.0
0.0
0.0
0.0
0.0
0.0008396037040029397
0.0
0.0
0.0
0.0
0.0
0.0
0.0
0.0
0.001106526980989439
0.0
-0.001223234693472682
-0.00021981574136063667
0.0
0.0006136043486673218
0.0019509629938669656
0.0
0.0
0.0029129246935075933
0.00032858880900963505
0.0
0.0009471825137245371
0.0
0.0
0.006692942914829095
0.0
0.0
0.0
0.0
0.0
0.0
0.0
0.0013315408692035082
0.0
0.0
0.0
0.0
0.0
0.0
0.0
0.0
0.0
0.0
0.0017619856021686253
0.0018497422414586332
0.0
0.0
0.0
0.0
0.0
0.0
-0.0005753066154132842
0.0
0.0
0.0
0.0
0.0
0.0
0.0
0.0006504584143670404
0.0009012530038624855
0.0
0.0
0.0
0.0
0.0
0.0
0.0
0.0
0.0
0.0
0.0
0.0
0.0
0.0006390463581315831
0.0
0.0
0.0
0.0
0.0
0.0037177444990032595
0.0
0.0
0.0
0.0
0.0
0.0
0.0
0.00042776846784304135
0.0
0.0
0.0009890187500825427
0.0
0.0
0.0
0.0
0.0
0.0
0.0
0.0
0.0
0.0
0.0
0.0
0.0
0.0
0.0
0.0
0.0
0.0
0.0
0.0
0.0030116563432094987
0.0
0.0
0.0
0.0
0.0
0.0
0.0
0.0
0.0
0.0
0.0
0.002628007010028777
0.0
0.0
0.0
0.0
0.0
0.0
0.0
-0.0004001521065110053
0.0
0.0
0.0
-0.00020147098234350253
0.000643283550432914
0.0
0.0
0.0
0.0008085399443230291
0.0
0.001052032718988741
0.000966070511768218
0.0
0.0
0.0
0.0
0.0
0.0
0.003494227694176158
0.0
0.0
0.0
0.0
0.0
0.0
0.0
0.0
0.0
0.0
0.0
0.0
0.0
0.0
0.0
-0.00031622775920827755
0.0
0.0
0.0
0.002524409745318521
0.0
0.0
0.0
0.0
0.0
0.0
0.0
0.0
0.0
0.0
0.0
0.0
0.0
0.0
0.0
0.0
0.00033438755050437284
0.0
0.0
0.0
0.0
0.0
0.0
0.0
0.0
0.0
0.0
0.0007821194273079651
0.0
0.0
0.005053565731990189
0.0
0.0008904138458530285
0.0
-0.0006670484212122227
0.0
0.0
0.0
0.0
-8.166185709412875e-5
0.0
0.0
0.0
0.0
0.0
0.0
0.0
0.0
0.0
0.0027453819988096824
0.0
0.0005091401608583557
0.0
0.005429286385101329
0.00109538564337174
0.0
0.0
0.0
0.0
0.0
0.0
0.0
0.0
0.0
0.0
0.0
0.0
-0.00020996791814882393
0.0
0.0
0.0008115984324183731
0.0
0.003518401009982709
0.0008979939386868666
0.0
0.0
-0.0013424158547938748
0.0008817651769330433
0.0
0.0
0.0013242769985053289
0.0
0.0013820773121201526
0.0010623958427559408
0.0008582374337536801
0.0
-0.0008371906140965075
0.0
0.0
0.002999797890493446
0.0005209372126572592
0.0
0.0
0.0010463164338168805
0.0006505873452724059
0.0
0.0006406095836848528
0.0
0.0
0.0
0.0
0.0
0.0
0.004239446792488939
0.0006518461076015971
0.0
0.0
0.0
0.0
0.0
0.0
0.0
0.0006418409428599128
0.0
0.0005805054030018096
0.0
-3.692258096613531e-5
0.0
0.0024886641449459296
0.0
0.0
0.0
0.0006357453325819646
0.0034292972839104117
0.0006241340991399621
0.0027141286577289556
0.0
0.0
0.002229265022780381
0.0
0.0
0.0
0.0
0.0
0.000814237296921927
0.0015751848787616415
0.0
0.0010319117518834216
0.0
0.0018538792506327705
0.0
0.0
0.0
0.0010528794393215644
0.0
0.0
0.0
0.0
0.0
0.0
0.0005764262962642161
0.0
0.0
0.0
0.0017904470604349326
0.0
0.0008349845471240023
0.0
0.0
0.0
0.0
0.0
0.0
0.0
0.0
0.0
0.0
0.0
0.000691493841314344
0.00023767356220087568
0.004326128852849342
0.0
0.0
0.0
0.0
-1.5431414613648375e-5
0.0
0.0006219748541959202
0.0
0.0
0.0
0.0
0.0
0.0
0.0
0.0
0.0
0.0
0.0
0.0
0.0
0.0
0.0
0.0
0.0
0.0
0.00010512246377841902
0.0
0.0
0.0
0.0
0.0
0.0008286010469286
0.0
0.0
0.0
0.0
0.0
0.0
0.0
0.00256431302285028
0.0
0.0006685601086910654
-0.0013941704681154463
0.0024177727068174022
0.0011469199962476082
0.0
0.0
0.0
-0.0013924996251267832
0.0
0.0
0.0
0.0
0.0
0.0
-0.00035389894010283196
0.00018030270946279593
0.0
0.0029422515273574584
-0.0007634673799833503
0.0
0.0
0.001987904772389027
0.0
0.0
0.0
0.0
0.0
0.0
0.0
0.0
0.0
0.0
0.0
0.0
0.0
0.0
0.0
0.0010928388274061187
0.0
0.0
0.0
0.0
0.0
0.0
0.0
0.0
0.0009571298551255309
0.0
0.0
0.0
0.0
0.0
0.0042476932364688925
0.0004579303646535964
0.0
0.0
0.0
-0.0009799617984727256
0.0
0.002083981801318728
0.0
0.0
0.0008720743020473344
0.0
0.0009520286939703771
0.0
0.0
0.0
0.0
0.0023431604997524906
-0.0009219074983590032
0.0
0.0006440042819681281
0.0
0.0
0.0
0.0
0.0
0.0
0.0
0.0
0.0
0.0
0.0
0.003966353579908285
0.0006290491612093757
0.0
0.0009058381906266033
0.0
0.0009580491971695337
0.0
0.0035629913717690294
0.0
1.125946845876891e-5
0.001350905960229826
0.0
0.0
0.0
0.0009939981714818921
0.0
0.0
0.0
0.0024649257789530125
0.0
0.0006506764420088639
0.0
0.0
0.0
0.0
0.0007062671794475924
0.0
0.0
0.00571338286736787
0.0
0.0
0.0
0.0
0.0009709541519266531
0.0
0.0015255468787737942
0.0
0.0
0.0
0.0007913959242839074
0.0
0.0
0.0
0.0
0.0009316737466980358
0.0
0.0
0.0
0.0
0.0
0.0
0.0029104162949434575
0.0
0.0
0.0009092290399116962
0.0028512431876690177
0.0
0.0
0.0
0.002872672626383876
0.0
0.0
0.0
0.0009263531799991789
0.0
0.0
0.0
0.0
0.0
0.0
0.0
0.0
0.0003391612125208879
0.0
0.0024910496592187655
0.0
0.0
0.0
0.0
0.0
0.0
0.0
0.0
0.0
0.0
0.0
0.0
0.0
0.0006393180979246909
0.0
0.0
0.0
0.0
0.0
0.005893356596328547
0.0
0.0
0.0
0.0
0.0
0.0
0.0
0.001031594469313711
0.0
0.002422881259128684
0.0009127288423616852
0.0009186886000807675
0.0
0.0
0.0
0.0008940359099510448
0.0
0.0
0.0
0.0
0.0
0.0
0.0
0.0
0.0
0.0
0.0
0.0
0.0
0.000636692791602566
0.0
0.0
0.0
0.0
0.0
0.0
0.0
0.0008486464082208442
0.0
0.0
-0.0005740247374510735
0.0
0.0
0.0
0.0
0.0
0.0
0.0
0.0008843722752122629
0.0009758665006716041
0.0
0.0007974156934432568
0.0006212037404165398
0.0
0.0
7.369732934517279e-6
0.00471454899517295
0.003792399780418383
0.0006261129788372397
0.0
0.0
0.0
0.0
-0.00016419580300358069
0.0
0.0
0.0006365406081771681
-0.0003610545213913894
0.00020637865101985603
0.0
0.0
0.005013607154317774
0.0006346418673460814
0.0024221253517490824
0.0
0.0
0.0009613505309756059
0.0
0.0
0.0
0.0
0.0
0.0
0.0
0.0
0.0
0.0010251083686417034
0.0007943079098194713
0.0
0.0003281690663551805
0.001070868465472281
0.0
0.0
0.0
0.0
0.0
0.0
0.0020084928850398255
0.0
0.0
0.0
0.0
0.0
0.0025589373140314955
0.0
0.004726323389023368
0.0
0.0
0.0
0.0
0.0009608301123197873
0.0009863678928989756
0.0
0.0
0.0
0.0
0.0
0.0
0.0
0.0
0.0005348635933647407
0.0
0.0007030032718477794
0.0
0.0
0.0
0.0
0.0
0.0037589351316718745
0.0
0.002500991856282432
0.0
0.0
0.0006429383435836028
0.0
0.0
0.0
0.0008638126280708912
0.004305583824458769
0.0
0.0
0.0
0.0
0.0
0.0006089464847080449
0.0
0.0
0.0007489272988702929
0.0
-0.0001033311806618018
0.0
0.0
0.0008965195782389308
0.003957612151446917
0.0
0.0
0.0
0.0
0.0
0.0
0.0009279564033352985
0.0009269583594671947
0.000995392711994783
0.0
0.0
0.0
0.0
0.0008295610155261213
0.00195044453360358
0.0
0.0005926572827664231
0.0007972051195555627
0.0
-0.0003062505754947061
0.0
0.0
0.0
0.0
0.0
0.0
0.0037052578733949575
0.0
0.0
0.0
0.000652909033151083
0.0
0.0
0.0
0.0
0.0
0.0
0.0
0.0
0.002138150652900037
0.0
0.0009445031155860312
0.0
0.0006379780763894351
0.0006396886261676322
0.001145762378983635
0.0
0.0
0.0
0.0
0.0
0.0
0.0
0.0
0.0
-0.0010491696640379244
0.0010662558739328479
0.0
0.0
0.0
0.0006099289107683677
0.0
0.0
0.0006452946930993576
0.0
0.0
0.0
0.0
0.0
0.0
0.0
-0.0002842761289510483
0.0
0.0
0.0
0.001476163906851237
0.0
0.0
0.0
0.0
0.0006361800293675338
0.00103937437192028
-0.0002918515589718095
0.0
0.0
0.0
0.0
0.0
0.0
0.0
0.0
0.0
0.0
0.0024013150231991407
0.0008395267085759396
0.0
0.0
0.0008213725410377535
0.0
0.0
0.00501322715209695
0.0
0.0
0.0
0.0008672747451494237
0.0
0.0
0.002714242769068281
0.0004875987223509568
0.0
0.0006273462311292283
0.0
0.0008457849476110818
0.0
0.0
0.0008806348758326138
0.0009126681607619446
1.5798247819845896e-5
0.0
0.0
0.0
0.0008801029928185907
0.0
0.0052794398006818155
0.004996893730281014
0.0
0.0
0.0
0.0
0.000896661360011367
0.0
0.0
0.0
0.0010219902189556093
0.0
-0.0010454545643946921
0.0
-0.00027575999675956403
0.0
0.000979140040157328
0.0
0.0051631512711694276
0.0
0.0008051732924000338
0.0
0.0
0.001162050289113067
0.00052618858237344
-0.0004812843765313576
0.0006373144003934503
0.0
0.0
0.0
0.0
0.0
0.0
-0.0004901778492251545
0.0009084476937456645
0.0
0.0
0.0008540673542647052
0.0011226847826223635
0.0
0.0
0.0
0.000979819276585519
0.001222315310434288
0.0
0.0
0.0009969613703011023
0.0
0.0
0.0
0.0
0.0
0.0
0.0
0.0
0.0
0.0
0.0
0.0009083919539308017
0.0
0.0
0.0
0.0
0.0006259062621701398
0.0
0.002174413895805554
0.0009385060762041649
0.0010203847402333436
0.0
0.0
0.0008635625715236777
0.0
0.0
0.0006186753229964041
0.001633812617560438
0.0
0.0
0.0
0.0
0.0
0.0
0.0
0.0
0.0
0.0009275253188434308
0.0
0.0
0.0008423555406525165
0.0
0.0
0.0
0.0
0.0
0.0
0.0
0.0
0.0009337278261408056
0.0
0.0
0.0
0.0
0.0
0.0
0.0
0.0
0.0
0.0
0.000839130322619677
0.00086773085437463
0.0
0.0
0.0019919789172207244
0.0
0.0
0.0
0.0
0.0
0.0
0.0030452481610370482
0.0
0.0008169189882022533
0.0
0.0028240965527709314
0.0008869267540798233
0.0
0.0
0.0
0.0
0.0
0.0
0.0
0.0
0.00080300704162173
0.0
0.0
0.0004787364920962006
0.0
0.0
0.0
0.0008509702616699698
0.0
0.0
0.0
0.0036429635034275487
0.004308435764378925
0.0008727397795443245
0.0
0.0
0.0
0.0
0.0
0.0
0.0
0.0
0.0
0.0
0.0007903491516891543
0.0
0.0
0.0
0.0
0.0
0.0008894148474710283
0.0
0.0
0.0
0.0
0.0
0.0
0.0
0.0
0.002367380500597166
0.000642050333016172
0.0
0.0
0.0
0.0
0.0
0.0022807360619262326
0.0
0.0
0.0
0.0
0.0
0.0
0.0
0.0
0.0
0.0
0.0
0.0
0.0
0.0
0.0
0.0
0.0
0.0006193592455797138
0.0
0.0037891873540706403
0.0006389851075109083
0.0
0.0
0.0
0.0
0.0008057427240134621
0.0009641805123812249
0.0
0.0
0.0
0.0006292718592873386
0.0
0.0
0.0
0.0024364041197525825
0.0
0.0
0.0009220013312578978
0.0006370306238393785
0.00014790599998915673
0.0
0.0
0.0
0.00045933890737714103
0.0
0.004105306649287378
0.0
0.0
0.0
0.0
0.0006598840544516249
0.0003130807489827136
0.0
0.0
0.0
0.0
0.0
0.0008442746224632225
0.0
0.0
0.0
0.0
0.0
0.0
0.0
0.0
0.0
0.0
0.0
0.0
0.0
0.0
0.0008915233484209596
0.0
0.0
0.0
0.0009694324097023758
0.0
0.0
-0.0008294783814664743
0.0
0.0
0.0
0.0
0.000822586086220463
0.0
0.0
0.0
0.0
0.0
0.005292721440289648
0.0024834908992260587
0.0
0.0
0.0
0.0
0.0004717438174942833
-0.00043540088963663564
0.0
0.0
0.0
0.0006343094527022012
0.0
0.0
0.0
0.003072193773950614
0.0
0.0008319279092365862
0.0
0.0
0.0
0.0008223641618954996
0.0
-8.176793942482074e-5
0.0
0.0
0.004492267485908461
0.0
0.0010106087318415577
0.003472812627262487
0.0
0.0
0.0
0.0
0.0
-0.0006577802389873997
-0.0003587666827686284
0.0
0.0
0.0011828440312002739
0.0
0.0003652438639418872
0.0
0.0002259586690550391
0.0
0.0
0.0
0.0
0.0
0.0007955233369791472
0.0
0.0
0.0
0.0011474652640457931
0.0
0.0
0.0
0.0
0.0
-0.0006474333186518691
0.0
0.0
0.0
0.0
0.0
0.0
0.0
0.0
0.0
0.0
0.0
0.0
0.0
0.0
0.0
0.0
0.0
0.0
0.0
0.0
0.0
0.0
0.0009125138018115091
-0.0013131916475514007
0.0
0.0009763829773664752
0.0
0.0
0.0009816976152030176
0.006060332671725161
-0.0004735014743918718
0.0009067205537724331
0.0
0.0
0.0
0.002844487084052755
0.0
-0.00038408329466288585
0.0
0.0
0.0
0.0
0.0010066620661360775
0.0
0.0
0.0
0.0
0.0009582975361846077
0.0009716173263913046
-0.0005473902212776417
0.0
0.0
0.0
0.0
0.004223872923124478
0.0
0.0
0.0
0.0
0.0
0.0
0.0
0.0
0.0
0.0
0.0
0.0
0.0
0.0
0.0
-0.0004859119967128012
0.0
0.0
0.0
0.0
0.0
0.0
0.0
0.0006524344384385589
0.0
0.0
0.0
0.0009935240410672858
0.0
0.0006317614033247678
0.0
0.0
0.0
0.0
0.0006247183787410008
5.276808862698329e-5
0.0
0.0
0.0
0.0
0.0
0.0
0.00039936436917704953
0.0
0.0
0.0
0.0
0.0
0.0
0.0009865554954677706
0.0
0.0
0.0
0.0
0.0
0.0
0.0
-0.0012413819967186887
0.001160051927992245
0.0
0.0
0.0
0.0
0.0
0.0
0.0008197967908461775
0.0
-0.0008534134780206055
0.0
0.000990189403848104
0.0
0.0
0.0020225832400249653
0.0
-4.090902500620563e-5
0.0031104262259959094
0.0
0.0
0.0
0.0
0.0
0.0
0.0
0.0002688061733022873
0.0
0.0002846060059486431
0.0
0.0
0.0
0.0004588771354897235
0.001291253650285089
0.0010873068319982287
0.0
0.0
0.00017687461828134833
0.0
0.0
0.00288979207938447
0.0
0.0
0.0015100375438988865
0.0
0.0
0.0
0.0009383779523598584
0.0
0.0
0.0
0.0
0.0
0.0
0.0
0.0001438964708383401
0.00016246466463114664
0.0
0.0
0.0
0.0018462532601844558
0.0
0.0
0.0
0.0
0.0
0.0022116765044201173
0.0
0.0
0.0
0.0
0.0
0.0006207558852802328
0.0
0.0
0.0
0.0
0.0
0.0009548368437824473
0.0
0.0
0.0009158008477095125
0.0008502879568514794
0.0007577472677417122
0.0
0.0
0.0
0.0
0.0
0.0
0.0
0.0
0.0
0.0
0.0
0.0008217259319966527
0.0008409494561057971
0.0
0.0007906863110934542
0.0
0.0
0.0
0.0003952747983412163
0.0
0.0
0.0
0.0006553127743512846
0.0
0.0
0.0
0.0
0.0010304203888148455
0.0
0.0
0.0
0.0
0.0
0.0
0.0
0.0
0.0
0.0
0.0
0.0
0.00462569398279266
0.0
0.000884334480507602
0.0
-0.0011589607632459555
0.0008460914991154231
0.0
0.0007918517692785543
0.0
-0.0013059080675084651
0.0
0.0
0.0008530217282126427
0.0
0.0
0.0012818028319065546
0.0
0.0
0.0
0.0
0.0
0.0
0.0
0.0
0.0006201950869348143
0.0
0.0
0.0009286671234798474
0.0018920145985014444
0.0
0.0
0.0009759690987206822
0.00015492479139965064
0.0
0.0
0.0
0.0
0.0
0.0
0.0
0.00038607794367831043
0.0
-0.00044606247124570885
0.0006322195163396069
0.0
0.0006332207088232228
0.0006303095536564755
0.0
0.0006390562481461886
0.0
0.0
0.0
0.0
0.0008701972052547666
0.0
0.0
0.0
0.0
0.0
0.000894385355508791
0.0
0.0
0.0008143334290863818
0.0
0.0006329409815012136
0.0
0.0008499412260120951
0.0
-0.0002612123578674412
0.0009517793267258632
0.0
0.0
0.0
0.0
-0.00017676686745854447
0.0
0.0
0.0005560049260273305
0.0
0.0
0.00045652009341952464
0.0
0.0008821308651559945
0.0001205321571289203
0.0
0.0
0.002892533943812453
0.0
0.0
0.0
0.0
0.0
0.0008918840513711501
0.0
0.0
0.0
0.0
0.0012043479090144864
0.0
0.0
0.0008589910304632352
0.0
0.0
0.0
0.0
0.0008008280859548953
0.0
0.0
0.0
0.0008254375052174066
0.0
0.0
0.0
0.0
0.0014837528495909816
0.0
0.0
0.0
0.0
0.0
0.0
0.0
0.0
0.0
0.0
0.0010880723244520614
0.0006319104991020172
0.0
0.0008549640789329216
0.0
0.0
0.0
0.0
0.0006296658661397347
0.0
0.0
0.0
0.0
0.0
0.0005354586830450331
0.0
0.0
0.0
0.0009666473903483968
0.0007988099731103401
0.0006153354918732311
0.0
0.0008055752263282654
0.0
0.0008248113234902798
0.000576798492721443
0.0
-0.0005275050088216954
0.0
0.0027255672085028217
0.0
0.003524179498757261
0.0
0.0009706480169736595
0.0
0.0
0.0
0.0
0.0
0.0008051379478296602
0.0
0.0
0.0
0.0
0.0
0.0
0.0006381922668442395
0.0
0.0
0.0
0.0
0.0
0.0
0.001093047074286333
0.0
0.0
0.0008921601689140487
0.0
0.0
0.0006562444323321349
0.0
0.0004583713079213654
0.0007932262692097999
0.0
0.0
0.0
0.0
0.0
0.0
0.0
0.0
0.0
0.0
0.0
0.0009755630123718782
0.0
0.0
0.001009294573168691
0.0
0.0
0.0
0.0
0.0
0.0009905111321897695
3.4481492469999124e-5
0.0
0.0
0.0
0.0
0.0
0.004687651521836672
0.0
0.005376036713042929
0.0
0.0
0.0
-3.452983395567289e-6
0.0
0.0
0.0
0.0
0.0
0.0
0.0
0.0
0.0
0.0
0.0
0.0
-8.154780631279236e-6
0.0
0.0
0.0
0.0
-0.00044346156834495034
0.0
0.0
0.0
0.0
0.0
0.0
0.0
0.0
0.0
0.0014885851802369592
0.000992445316198571
0.0
0.0008037090529654663
0.0
0.0
0.004895211909873553
0.0
0.0
0.0006222723600032391
0.0
0.0
0.0008731717429870696
-0.000545501879090205
0.0
0.0
0.0
0.003745316690602273
0.0
0.0
0.0
0.0
0.0
0.0
0.0
0.0
0.0
0.0
0.002952839699939629
0.0006359170440949928
0.0
0.0
0.0
0.0
0.0
0.0
0.0006139333187979608
0.0001259757281463314
0.0
0.0
0.0008799876859915058
0.0
0.0
0.0006280581763178437
0.0
0.0
-0.0006472055017789247
0.0
0.0013186012083885707
0.0
0.0
0.0
-0.00024529187774539684
0.0
0.0008033065270595672
0.0
0.0
0.0
0.0
0.0
0.0
0.0
0.0
0.0010615226454525264
0.0018134488665969182
0.0
0.0
3.2458239899040235e-5
0.0
0.0
0.0
0.0
0.0006146687737047058
0.0
0.0
0.0007851251023412115
0.0
0.001890328359135668
0.0
0.0
0.002578411068789913
0.0010773500743517471
0.0
0.0
0.0
0.0
0.0
0.0
0.0
0.0011772637745437492
-5.122393389661295e-5
0.0
0.0
0.0
0.0008960319567737315
0.0
0.0
0.0001428053428563407
0.0
0.0
0.0
0.0
0.0
0.0
0.0
0.0
0.0
-0.0007773284026168357
0.00028718327570706866
0.0
0.0
0.0010393758642519638
0.0
0.0
0.0
0.0
0.0003188822790820133
0.0
0.0
0.0
0.0
0.0035779704213186212
0.0
0.0
0.0
0.0006425851381943801
0.0
0.0
0.0
0.0
0.0
0.0
0.0
0.0
0.0
0.0
0.0006445891836962715
0.0
0.0
0.0
0.0
0.0022304860081029465
0.0
0.0
0.0
0.0004426906149927199
0.0
0.0001979181821894324
0.0009169058855161236
0.0006854805285158376
0.0
0.0038576256063903233
0.0
0.002444288977549178
0.0
0.0
0.0
0.0
0.0
0.0
0.000577881064661726
0.0
0.0
0.0
0.0
0.0
0.0
0.0
0.000803115681201383
0.0
0.0
0.0
0.0
0.0
0.0
0.0
0.0
0.0
0.0
0.0
0.0
0.0
0.0
0.0005623195758431735
0.0
0.0
0.0
0.0
0.0
0.0
0.0
0.0009376783576328488
0.0
0.0
0.0
0.0
0.0
0.0006574751531917294
0.0
0.0
0.0
0.0
-0.0003176224959984063
0.0
0.0
0.0
0.00482767770383583
0.0
0.0037788917270978636
0.0
0.0
0.0
0.0009439547076460754
0.0
0.0
0.0
0.0
0.0007969787864340093
0.0020869342954805623
0.0
0.0
0.0
0.0024988429898821405
0.0
0.0008102572306865609
0.0008939645858109018
0.0
0.0
0.00044860425587847104
0.0
0.0006316636938281368
0.0
0.0
0.0
0.0
0.0
0.0
0.0
0.0
0.0
0.0
0.0
0.0
0.0
0.0006401190014295077
0.0
0.0
0.0
0.0006678215901497681
0.0
0.0
0.0
0.0
0.0
0.0
0.0008855278088322659
0.0
0.0
0.0009356452105618223
0.001394213130878288
0.0
0.0006375314341424133
-0.0009819344026338948
0.0
0.0006352296419159549
0.0
0.0
0.0011105013500711624
0.0
0.0
0.0
0.0006166958799405086
0.0
0.0
0.0
0.0
0.0
0.00029678606484092327
0.0
0.0
0.0
0.000635642803782827
0.0
0.0
0.002421608402353059
0.0
0.0
0.004656302574435787
0.0010083274905499605
0.0
0.0
0.0
0.0
0.0006377444078937942
0.0
0.0
0.0
0.0006505191490097212
0.0
0.0038052559540012543
0.0
0.0
-0.0004330249288742739
0.0
0.0008064190039945166
0.0
0.0004419427428153916
0.0
0.0
0.0
3.48185735947038e-5
0.0
0.0
0.0
0.0
0.0
0.0014353189826321487
0.0
0.0019374954825614999
0.0
0.005785777994306068
0.0030317626438002825
0.0
0.0
-0.0008656543139109719
0.0
0.0
0.0
0.0
0.0
0.001051930098218319
0.0
0.0
0.0015678032464046586
0.0
0.0
0.0
0.0
0.0
0.0
0.0
0.0
0.0
0.0
0.0006369070397262518
0.0
0.0
0.0
0.0
0.0
0.0
0.0035891476444891335
0.0
0.0
0.0
0.0
0.0008718402956730288
0.0
0.0
0.0
0.0
0.0
0.0
0.004106696621688923
0.0
0.0
0.00015608348710070802
0.0006860193035163258
0.0
0.0
0.0
0.0
0.0
0.000940695739551992
0.0
0.0
0.0
0.0008448674260269827
0.0
0.0
0.0
-0.00038708727161010235
0.0
0.0
0.0
0.0
0.0005066948239479486
0.0006212846862514956
0.0007533906287634099
0.000822032984358063
0.0
0.0
0.0
0.0
0.0
0.0
0.0
0.00266553797301695
0.0
0.0
-0.0007757511050131352
0.0
0.0006266113594525582
0.0
0.0009018180879928252
0.0
0.0
0.0
0.0006023740893999813
0.0009256404563533198
0.0
0.0009662139866950868
0.000632137923140046
0.0
0.0
4.953373540585106e-5
0.0
0.0006394371591579211
0.0
0.0
0.0006302482263033451
0.0
0.0
0.0
0.0
0.00037904415528277024
0.0014007068328453088
0.0
0.0
0.0
0.0
0.0023325206912942556
0.0
0.0009635648395149165
0.00406313339477472
0.0
0.0
0.0
0.0
0.0
0.0
0.0
0.0
0.0
0.0
0.0006328474118105293
0.0056126627697463205
0.0
0.0
0.005132316612790696
0.0
0.0
0.0
0.0026873790651387223
0.0
0.0
0.0
0.001004206517820115
-0.0002013412775628344
0.00053196328767249
0.00043044105530423634
0.0
0.0
0.0
0.0
0.0
0.0
0.0
0.0006321033863583008
0.0
0.0008525471349991127
0.0
0.0
0.0
0.0012627902614236834
0.0
0.0
0.0
0.003909937935517642
0.0
0.0
0.0
0.0
0.0
0.0009175912230969615
0.0
0.0009337906297840877
0.0
0.0
0.0006409278575562734
0.0
0.0
-8.027449795964594e-5
0.0
0.0006381150473031395
0.0005768243971783982
0.0
0.0
0.0
0.0
0.0
0.0
0.0
0.0
0.0
0.0
0.0
0.0
0.0030570113720968413
0.0
0.0
0.0
0.0
0.0
0.0
0.0
0.0
0.0
0.0005698659314313736
0.0
0.00014969620852414337
-0.0007025269202150857
0.005599657616897102
0.0
0.0
0.0
0.0006291649487839567
0.0
0.0
0.0
0.0026796533345999716
0.0
0.0
0.0
0.0009205225908952027
0.0
0.0
2.081651024806775e-5
0.0006396332233341699
0.0
0.0
0.0
0.0
0.0023860882777442514
0.0
0.0
0.0
0.005478873491615505
0.0
0.0
0.0016531577330731663
0.0
0.0
0.0
0.0007977888864738522
0.0
0.0
0.0006652416088208227
0.0
0.0
0.0
0.0006787768758642563
0.000171685440232602
0.0
0.0
0.0
0.0
0.0
0.0
0.0
0.0
-0.00011011544611958344
0.0
0.0
0.0008555287557487847
0.0
0.0008481402947959486
0.0
0.0
0.0
0.0
0.0
0.0
0.001064357751665482
0.0006334229323611337
0.0
0.0
0.0
0.0
0.0
0.0
0.0
0.0
0.0
0.0
0.0009167344545427501
0.0
0.0
0.0
0.001070214524619263
0.0007321160281849957
0.005792761975999036
0.0006464501428960098
-4.195832512887415e-6
0.0
0.0008593680597393115
0.0
0.0
0.0
0.0
0.0
0.0
0.0008704032872872874
0.0016401923443530243
0.0
0.0
0.0
0.0
0.004214935626102174
0.0
0.00327355961378308
0.0
0.0
0.0008927234812755863
0.0
0.0010593518219068198
0.0006293239354807898
0.0
0.0
0.0
0.0
0.0
0.0010496113341152554
0.0
0.0
0.0
0.000989213147159941
0.0
0.0007522703277843004
0.0
0.0
0.0
0.0006331039676287648
0.004799991266178149
0.0
0.0008844407270412965
0.000646970847894891
0.0009786281976040343
0.0
0.0
0.0
0.0
0.0
0.0
0.0
0.0
0.0
0.0
0.0
0.0006544371695240131
0.0002603555383019702
0.0
0.0
0.0009322094351170199
0.004224607856851121
0.0
0.0
0.003086018304884747
0.0
0.0048292628081318435
0.0006532921552312898
0.0
0.0
0.005981399260317439
0.00526408393099169
0.0
0.0
0.0
0.0
0.0
0.000983684092488044
0.0
0.0
0.0
0.0
-0.00015154480868218983
0.000634332190301289
0.0006456867678870605
-5.3681495846390345e-5
0.0
0.0
0.0
-0.0007039857155330769
0.005393196654790529
0.0
0.0
0.0
0.0
0.0
0.0
0.0035847939360534853
0.0
0.0
0.0005824569603597212
0.0
0.0
0.0
0.0
0.0
0.0
0.0
0.0
0.0
0.0
0.0
0.0022480587822386756
0.0022212640154662456
0.0
0.0
0.0
0.0
0.0
0.0
0.0
0.0
0.0
0.0
0.0
0.0003618611871136068
0.0
0.0
0.00024624230973435777
0.0
0.0008256292153602427
0.0
0.0
0.0
0.0
0.0
0.0
0.0
0.0008579802875487982
0.0006386506122611872
0.0
0.0
0.0013443816329534446
0.0
0.0
0.0
0.00016711943240186184
0.0
0.0
0.0008518462392910305
0.0
0.0006348733952232441
0.0003875456509336139
0.0006586707309262827
0.0
0.004230286200907156
0.0
0.0
0.0012382670355464852
0.0
0.0
0.0
0.0
0.0
0.0009334864999236981
0.0
0.0
0.0
0.0
0.0
0.0
0.0
-0.0007273113434625233
0.0
0.0
0.0
0.0
0.0
0.0
0.0
0.0
0.0
0.0
-0.00028702490570075347
0.0
0.000430503013028245
0.0001823188446961558
0.0008624789282570633
0.0
0.0006983071352391321
0.0008131062199883557
0.0
0.0
0.0
0.0
0.0
0.0
0.0
0.0
0.0
0.0006275476821929699
0.0009469121063999192
0.0
0.0
0.0
0.0
0.0006288700702517797
0.0
0.0
0.00039951012961113866
0.0
0.000589441624838981
-0.0005058068350642411
0.002424396278161793
0.0008982943743862624
0.0
0.0
0.0
0.0
0.0
0.0021557578027851217
0.0
0.0
0.0
-0.0005178689445323044
0.0
0.0005788748409493968
0.0
0.0011447874682381158
0.0
0.0
0.0
0.0
0.0
0.0013865551360661772
0.0020312416529567564
0.0006042128826226883
0.0
0.0032936313978712455
0.0
0.0
0.0
0.0
0.0010090760920711333
0.0
0.0
0.0
0.0
0.0
0.0
0.0
0.0
0.0
0.0
0.0
0.0
0.0
0.0
0.0
0.0
0.0009525389321485252
0.0
0.0009563186022224147
0.0
0.0
0.0
0.0
0.0008924540449929247
0.0
0.0
0.0
0.0
0.0005636046041964652
0.0
0.0
0.0
0.0005312684898737115
0.0
0.0
0.0
0.0
0.0
0.0002061562846923181
0.0006329040723814727
0.0
0.0008935376853049104
0.0
0.0010592355389229188
0.0
0.0
0.0
0.0
0.0
0.0
0.0009240731724013451
0.0
0.0
0.0
0.0
0.0009824542267913244
0.0
-1.2867415235138856e-5
-0.00040924109942451953
0.0
0.0
0.0
0.0
0.0
0.0
0.0
0.0
0.0
0.0
0.0
0.0
0.0
0.0
0.0
0.0
0.0
0.0
0.0
0.0
0.0
0.0
0.0
0.0
0.0
0.002465187010798955
0.0
0.0008394194531804554
0.0010927947477667418
0.0
0.0008758323113121716
0.0008011818425369344
0.005250180875785488
0.0009229713515094189
2.254202504376049e-5
0.0
0.0
0.0
0.0
-4.658079167963849e-5
0.00481221151762388
0.0
0.0
0.0
0.0
0.0
0.0
0.0
0.0
0.0014511356948032441
0.0
0.0
0.0
0.0
0.0
0.0
0.0
-0.0007545953942326167
-0.00021453862804336226
0.0
0.0
0.002355608112713783
0.0
0.0006321028378663996
0.0
0.0
0.0
0.0
0.00021344817753513653
0.0
0.0
0.0
0.003025913559800182
0.0
0.0
0.0
-0.0008845670949281396
0.0
0.0
0.0008114509727800419
0.0
0.0
0.0
0.0
0.0006489655239023645
0.0
0.0
0.0006316284620158049
-0.0008211806621543621
0.005060953544534786
0.0
0.0
0.0028321592896969556
0.0007751182670443812
0.000989597439236742
0.0
-0.0004369269550507353
0.0
0.0
0.0
0.0
0.0
0.0
0.0
0.0
0.0
0.0006287471095560729
0.0006065994598467528
0.0
0.0010426966922851087
0.0
0.0
0.001070725651907992
0.001194709915032291
0.0
0.000631859129421825
0.0
0.0008361973249199029
0.0
0.0
0.0
0.0006376197055790253
0.0
0.0
0.0
0.0
0.0
0.0
0.0
0.004298456397591194
0.0
0.0
0.0
0.0
0.0
0.0
-0.00042911109909600574
0.0
0.0
0.005952911268852208
0.0
0.0
0.0
0.0009054854426982935
0.0
0.0008232487522391605
0.0
0.0
0.0
0.0
0.0
0.0
0.0
0.0
0.0
0.0
0.0
0.00017740018750515176
0.0
0.0
0.0027118702156099734
0.0
0.0
0.0
0.0
0.0
0.0
0.0
0.0038335826388574447
0.0
0.0
0.00037890143324307695
0.0
0.0
0.0011006140368084473
0.0
0.0
0.0
0.0
0.0001095225498001779
0.0011525188445343272
0.0
0.0
0.0
0.0
0.0
0.0006402984823325139
0.0
0.0003959226005968464
0.0017971690451685572
0.0
0.0
0.0
0.0
-6.171341509755419e-5
-0.00048088814247201125
0.0
0.0
0.0024497712915160976
0.0
0.0
-0.0004032571068676668
0.0015635287162971822
0.0
0.0
0.0
0.0
0.004594302845347549
0.0008691958107381204
0.0
0.0
0.0
0.0
0.0
0.0
0.0
0.0003701095793415912
0.0
0.0
0.0
0.0
0.0021901371094863514
0.0
0.0
0.0008916877338650206
0.0036828306231591434
0.0
0.0
0.0009536104625256688
-0.0011745551201520535
0.0025284969406719083
0.0005825511890635449
0.0
0.0
0.0
0.0
0.0
0.0010030051810616908
0.0009389522943640688
0.0
0.0
0.0009095193763548018
0.0
0.0
0.0
0.0009562008380102479
0.0
0.0
0.0
0.0
0.0013371014538464006
0.0
0.0
0.0
0.0
0.0
0.0
0.0
0.0039576000735937
0.0
-0.0001290302622879932
0.0
0.0
0.0
0.0
0.0016490373961946193
0.0008366965845760145
0.0
0.0
0.0
0.0
0.002169474386342656
0.0
0.0008199808507018386
0.0
0.0008923630245803769
0.0
0.0
0.0
0.0
0.0
0.0
0.0010589971820433718
0.0
0.0
0.0009404612374305986
0.0008510057001851734
0.0
0.0
0.0
0.0
0.0
0.0024404208988853524
0.0
0.0
0.0
0.0
0.0
0.0008006145974263005
0.0
0.0001481635670784932
0.0
0.0031002462459379793
0.0
0.0
0.0006208529934197797
0.0
0.0
0.0007859646402700771
0.0
0.001062509656959393
0.0003303515500150421
0.0016852065177815514
0.0
0.0
0.0
0.0009380020854842161
0.0008613695314331568
0.0
0.0009350819018693267
0.0
0.0
0.0
0.0
0.0
-0.00045485691503842227
0.0
0.0
0.0006393096261989017
0.00036277167972441837
0.0008012550918927248
0.0
-0.0007133083965705131
0.0
0.0
0.0
0.0
0.0
0.0
0.0
0.0
0.0
0.0
0.0
0.0
0.0010162405215404598
0.00384570889566145
0.0
0.0
0.0
0.0
0.0008551551245882801
0.0
0.0007984636079498178
0.0
0.0
0.0
0.0008354067661974615
0.0
0.0
0.0
0.0
0.0005872543618339693
0.0008849282514826796
0.0
0.0
0.0
0.0
0.0
0.0
0.0
0.0008792278316631836
0.0
0.0
0.0
-0.001002457137204141
0.0
0.0
0.0
0.0009409021457768775
0.0
0.0
0.0
0.001007660831275906
0.0
0.002479446747542792
0.0
0.0009113112680604715
0.0
0.0008584538626329275
0.0
0.0
0.0
0.006636721734947533
0.0
0.0
0.0
0.0024254967952653523
0.0
0.0
0.0
0.0
0.0
0.0008411310940870103
0.0
-0.00027529171209040963
0.0
0.0
0.0
0.0
0.0
0.0
0.00537902392837754
-0.0005859423703956442
0.0
0.004692049030145706
0.0
0.0
0.0016980216291504757
0.0
0.0
0.00151537744395949
0.0
0.0
0.0
0.0
0.0
0.0
0.0
0.0008583230636919737
0.0006233378704069218
0.0
0.0
0.0011890348487927948
0.0006394504635443667
0.0
0.0007544027760941006
0.0
0.0006453063995466935
0.0
-0.000510976892585043
0.0
0.0
0.005291867500072488
0.0
0.0
0.0
0.0
0.0
0.0
0.0
0.0009098722169182695
0.0
0.0008464114127643478
0.004637538002875182
0.0
0.0
0.0
0.0
0.0
0.0
0.0
0.0009172662613960285
0.0
0.0021928477990234016
0.0
0.0
0.002401324329941737
0.001259018953154895
0.0
0.0
-0.0003833611658789916
0.0010044291281795217
0.0
0.0
0.0
0.0
0.0
0.0
0.0
0.0
0.0025455514110949568
0.0011488698827796723
0.0
-0.0008776815630650503
0.0
0.0
0.0008938030929926704
0.0
0.0007918416966545765
0.0
0.0
0.0
0.0020342034281091714
0.0
0.0
0.0
0.0
0.0006294849201547658
0.0
0.0
0.0
0.0
0.0
0.0
0.0
0.0
-0.0011473352594451591
0.0
0.0
0.0
0.0
0.0
0.0
0.0
0.0
0.0
0.0006109355198429714
0.0
0.0
0.0
0.0
0.0
6.488040789401406e-5
0.0
0.0
0.0
0.0008615018983316445
0.0
0.0009835022627063125
0.0
0.0
0.0
0.002242428415984367
0.000883812070120865
0.0030144403480938057
0.0
0.0
0.0
0.0
0.0009034930031141662
0.0
0.0
0.0
0.000957477164180768
0.002924486846720993
0.0
0.0
0.0
0.0024264902534210896
0.0
0.0
0.0
0.0
0.0
0.0
0.0006266918731833392
0.000581407902657746
0.0
0.0
0.0009223000103647331
0.0
-0.00018945699901944902
0.0
0.0
0.0
0.0
0.0025406465330096778
0.0005144570612376717
0.001893116650121506
0.0
0.0
0.0
0.0006485396749662443
0.0
-0.00031535368697240473
0.0
0.004727151370666341
0.0
0.0
0.0
0.0
0.0
0.0
0.0029342509070337227
0.0029993298528672935
0.0
0.0
0.0
0.0
0.0
0.0
0.0
0.0009382743831744481
0.0
0.0
0.0
0.0
0.0
0.0
0.0
0.001743697483503215
0.0
0.0
0.0
0.0
0.005944384811829825
0.0
0.00017572118284648887
-0.00013464032432154003
0.0
0.0
0.0
0.0
0.0008094163367288481
0.0
0.00037252920295342086
0.0008773421723850261
0.0
0.0
0.0
0.0
0.0
-0.00021972402557118398
0.0
0.0
0.0
0.0007529918345142592
0.0
0.0
0.0
0.0
0.000470861876134113
0.0
0.0
0.0
0.00022490322330966052
0.0009641739998779609
0.0
0.004442938949914489
0.0
0.0
0.0
0.0009231377995735992
0.0
0.0
0.0
0.004126614398380955
0.002889744658009695
0.0009507839127023745
0.0006313254205428647
0.0
0.00403833334109788
0.0
0.0
0.0
0.0
0.0
0.0
0.0
0.0
0.0
0.0
0.0012499076419047565
0.0
0.0
0.0009113426369139096
0.0
0.0
0.0
0.0
0.0
0.0
0.0
0.0
0.0
0.0008728883725455153
0.0
0.0007844660218489873
0.0
0.0058961079699838695
0.0
0.0
0.0
0.0009527281948158356
0.0
0.0007529441547440539
0.0015934685394408345
0.0
0.0
0.0
0.0
0.0018338737975399373
0.0008339370465481301
0.0
0.0
0.0008662458921286577
0.0
0.0
0.0
0.0006335854282404008
0.0
0.00033139971740047324
0.003694569919954285
0.0
0.0009174436752316498
0.0005614091741176964
0.0
0.0002584848691834417
0.0
0.0
0.0006544045200042582
0.0
0.0
0.0
0.0
0.0
0.0006397189168078613
0.0
0.0
0.0
0.0
0.0
0.0
0.0
0.0
0.0
0.0006185754787300773
0.0
0.0006392356271841565
0.0
0.003013355076409343
0.0
0.0
0.00013547159353032376
0.0
0.0
0.0007811620389132445
0.0
0.0
0.0
0.0
0.0
0.0
0.0
0.0
0.0
0.0
0.0
0.0
0.0
0.00016979325985310345
0.0
0.0
2.5709074454087864e-5
0.0
0.0006408270809316276
0.0025630385954970953
0.0
0.0
0.0
0.00032060199595732746
0.0
0.0
0.0
-0.00028128814988707913
0.000635916668465544
0.004016067536729662
0.0
0.0016566696648913778
-0.000378202974545011
0.0
0.0008227911482002534
0.0
-0.0005538999490905623
0.000903328486600413
0.0
0.0
0.0
0.0006514932165257837
0.0
0.0
0.004679342682390615
-0.0002958548743107595
0.0
0.0
0.0
0.00035236366599859293
0.0
0.0
0.0
0.0
-0.0007124440586632577
0.0
0.0
0.0
0.0001972666466282188
0.0003442439255058834
0.001048636857756206
0.0
0.0
0.00012792211288528056
0.0
0.0
0.0
0.0
0.0
0.0
0.0
0.0009287907672079108
0.0
0.0
0.0001104262108887956
0.0
0.0
0.0
0.0
0.0030855144561282577
0.0
0.0008968798302708947
0.0
0.0
0.0
-0.00014002081464470212
0.0
0.0
0.0007905945037110987
0.0
0.0006352720997555187
0.0
0.001166239858601434
0.0
0.0
0.0
0.0
0.0009105482809442118
0.0
0.0
0.0
0.0
0.0026690650363835806
0.0010109541701505667
0.0003925365362116042
0.0008041498499844474
0.0
0.0
0.0
0.0
0.0
0.0
0.0009689693335301915
0.0
0.0
0.0
0.003923274138213833
0.0
0.0
0.0
0.0
0.0
0.0
0.0
0.0
0.002529808115523538
0.0
0.0
0.0
0.0
0.0006337232619609878
0.0
0.0
0.0
0.0
0.0
0.0006255874336398652
-2.9077845200064435e-6
0.0
0.0
0.0
0.0014789267523128622
0.0017463595650575368
0.0
0.001377535989474586
0.0
0.0008799397226910407
0.0008641678271833278
0.00047825019987764335
0.0
0.00026651261732063986
0.0
0.0006106911481558855
0.0
0.0
0.0016735590888029722
0.0011241091051699729
0.004424310256816401
0.0
0.0
0.0
0.0
0.0
0.0
0.0
0.003001663875169023
0.0
0.0
0.0
0.0
0.00040655160558745237
0.0
0.0
0.005572630392509061
0.0
0.0
-5.902912095292939e-5
0.0
0.0
0.0
0.0023410314494310015
0.0
0.0006476221841453111
0.0
0.001215249719892085
0.0008276060131266259
0.0
0.0029157491292200652
0.0
0.0007760918689001074
0.0
0.0
0.0
0.0
0.0
0.0
0.0
0.0
0.0
0.0
0.0
0.0
0.0
0.0
0.0
0.0
0.0033321617467414392
0.0
0.000650179315322824
0.0
0.0
0.0
0.0
0.0
0.0
0.0
0.0
0.0
0.0
0.0
0.000891557008655556
0.0
0.0
-0.0009789101304252944
0.0
0.003629831281339187
0.0
0.0
0.0
0.0005039832468205656
0.0
0.0
0.0061247809419682905
0.0
0.0
0.0
0.0
0.0
0.0008440881322213942
0.0
0.0
0.0
0.0
0.0
0.00021411879677107518
0.0
0.0
0.0
0.0
0.0030731630802377247
0.0
0.0
-6.91078609803047e-5
0.0
0.000622335061324251
0.0
0.0
0.0
0.003265821822358412
0.0
0.0
0.0
0.0
0.0
0.0008611607579974468
0.0
0.0025684060074566075
0.0
0.0
0.0
0.0
0.0
0.0
0.0
0.0
0.0
0.0
0.0
0.0
0.002692131750978031
0.0
0.0
0.0
0.0
-0.0004954178582228959
-0.0004063513132483188
0.0006422131295229754
0.0
0.0
0.0017631696236942102
0.000873606106350166
0.0
0.0
0.0
0.0
0.0
0.002527508503990479
9.00297005842348e-5
0.0
0.0
0.0
0.0
0.0
0.0005182316902774595
0.0
0.0
0.0
0.0
0.0
0.0
0.0
0.0
0.0
0.0
0.0017062152670547326
0.0
0.0
0.0
-0.0008369427872495369
0.0
5.2503766070039376e-5
-0.0004491816051346891
0.0
0.0
0.0
-0.00015934098052016878
0.0
0.0
0.0
0.0
0.0008570035980106051
0.0
0.0
0.0
0.0011675374110441505
0.0
0.0012660099178059161
0.0
0.003131774801012441
0.0
-0.0009389263803124898
0.0
0.0
0.0
0.0
0.0
-0.00011537342715669299
0.0
0.0015103516831610007
-0.0009078869576075602
0.0
0.0
0.0
0.0
0.0
0.0
0.0
0.0
0.0005402135288373219
0.0
-0.00015650924436770333
0.0
0.0
0.0014602640841857941
0.0
0.0
0.0
0.0008968956045996526
0.0
0.0
-0.00047329203197957973
0.0
0.0008565916639991701
0.0
0.0
0.0002941314896507598
0.00036610936035262376
0.0
0.002137211272403751
0.0
0.0
0.0
0.0
0.0
0.0006462081020769001
0.0
0.0
0.002963134543186141
0.0
0.0
0.0
0.0
0.0
-0.0005766407953034942
0.0013071170270815093
0.0
0.0
0.0
0.0014478899873433375
0.0007788299070208705
0.0
0.0
0.0
0.0
0.0
0.0
0.0
0.003462961657575943
0.001218912748200896
0.0
0.0
0.00536826388399277
0.0009161891819419673
0.0009056333326084097
0.0
0.0
0.0
0.0007880111007895565
0.0
0.0008704220623758065
-0.0010968109352313318
0.000654220913992819
0.0001228440554861385
0.0006370347297423494
0.002433899743049023
0.0
0.0
0.0
-0.00041552674744877284
0.0
0.0
0.0
0.0006386261378874078
0.0009025932300468165
0.0011913601319990597
0.0
0.0
-0.00020788781512518238
0.0
0.0
0.00350355229003607
0.00046698255929542677
0.0
0.0
0.0
-0.0010705037887037332
0.0
0.0026079826825487597
0.0
-0.0001212432061569799
0.0
0.0
0.0
0.0
0.00015095238928046413
0.0
0.0
0.0
0.004702014966882975
0.0
0.0
0.0
0.0
0.0
0.0
0.005603407537944033
0.0
0.0
0.0
0.0
0.0006407189295413848
0.0
0.0
0.0026932502869918325
0.0
0.0
0.0
0.00455088214556693
0.0
0.0
0.0
0.0
0.0
