0.0
0.0
0.0
0.0
0.0
0.0
0.0
0.0
0.0
0.0
0.0
0.0
0.0
0.0015705791759510093
0.0024618962175807077
0.0
0.0
0.0
0.0
0.0
0.0
0.0
0.0020590891642129575
0.0
0.0
0.0008885700195478626
0.0008228715038303609
0.0
0.0
0.0006308115781446536
0.0011693584841164838
0.0
0.0
0.001880990259067922
0.0
0.0
0.0018559813789542413
0.0
0.0
0.0
0.0
0.0
0.0
0.0
0.0008089871125688406
0.0007944181009587154
0.0
0.0006927686695770217
0.0
0.0
0.0
0.0005776075531260663
0.0
0.0
0.0
0.0
0.0009393083035247375
0.0
0.0
0.0
0.0
0.0
0.0
-0.00019992764782424412
0.0
0.0
9.878073951628926e-5
0.0
0.0
0.0005714307848315645
0.0
0.0
0.0
0.0
0.0
0.0
0.0
-6.637618269187888e-5
0.0
0.0008126095912417247
0.0
0.0
0.0
0.0008284479023459945
0.005001702344313263
0.0
0.0
0.0
0.0006376809111162029
0.0011415896347507339
0.0
0.0006422323901638612
0.0
0.0
0.0
0.0
0.0
0.0
0.0
0.0
0.000888857156139833
0.0
0.0
0.0
0.0
0.0014435361711759044
0.0
0.0
0.0
0.0
0.0
0.0
0.0
0.002444440014407817
0.0
0.0
0.0
0.002970905642076003
0.0006299393501865923
0.0005901976781841307
0.003280369725766203
0.0
0.0
0.00019825660230109776
0.0
0.0
0.001997433304679271
0.0024710538548816164
-9.893645401141709e-5
0.0
0.0
0.0
0.0
0.0
0.0
0.0021587511782780087
0.0
0.0
0.0
0.0
0.0
0.0
0.0
0.000631905382313967
0.0
-0.0008005516862945503
0.0
0.0
0.0
0.0
0.0006328193375633704
-0.00034365165772985766
0.0019855059476022343
0.0
0.0
0.0
0.0008580368997262617
0.0
0.0
0.0
0.0
0.0
0.0010849264168377405
0.0
0.0
0.0
0.0
0.0
0.0005914376888126255
0.0
0.0
0.0017042867738213277
0.0
0.0
0.0
0.0
0.0
0.0
0.0
0.0
0.0007863184083042168
0.0
0.0
0.0009450686889403144
-0.0004032226028024492
0.0
0.0
0.000631098292498084
0.0004276728420471635
0.0048256167139026735
0.0
0.000639553976369598
0.0
0.0
0.0017165428521174842
0.0006350206056473923
-6.801174648211317e-5
0.001002294541065988
0.003093137469205753
0.0
0.0025335673023311103
0.0
0.0
0.0022035643738722677
0.0017283299472331723
0.0
0.0
0.0
0.0
0.0
0.0
0.0
0.0
0.0
0.0
0.0
0.0
0.0
0.0004346119976836523
-0.0005060276104880299
0.0016430177707742865
0.0
0.0
0.0008648886846336222
0.0019642117419104285
0.0
0.0
0.0010046916917965702
0.0
0.0
0.0
0.0
0.0010274278177224577
0.0
0.0
0.0
0.000934676546851054
0.0010555828411193742
0.0006207447784346758
0.0
0.000637458958375364
0.0
0.0
0.0
-0.0003641394160367344
0.004717297401055529
0.00022320540621490888
-0.001169239418153677
0.0006395261251247274
0.0
0.0
0.0
0.0
0.0
0.0
0.0007963566952187438
0.0
0.000861239119860215
0.0
0.001979182599949301
0.0
0.0009354395385445982
0.0
0.0
0.0010445606732098923
0.0
0.0
0.0
0.0
0.0
0.0
0.0
0.0
0.0002806975814031092
0.0
0.000968041592586438
0.0
0.0
0.0
0.0
0.0
0.0
0.0
0.0
0.0008063175738988495
0.0007469716379285088
0.0
0.0
0.00033444424854148073
0.0009443753175707346
-0.0004493318646986469
0.0
0.002046501171748305
0.0
0.0007137053510591771
0.0
0.0
0.0
0.0
0.0010021267185897798
0.0
0.0
0.0
0.0
-0.00024457965068266154
0.0
0.0
0.0
0.0
0.0
0.0019580118673542405
0.0
0.0
0.0005347568608829344
0.0
0.0
0.0006441412186682387
0.0
0.0056257075583524534
0.0
0.0
0.0006338594021245362
0.0008407644666623561
0.0
0.0007404920163648375
0.00036602049576231124
0.0
0.0
0.0
0.0
0.0
0.0
0.0
0.0
0.0011063573801999708
0.0009766140089396416
0.000981020923066997
0.0
0.0
0.0
0.0
0.0
0.0
0.0
0.0024801129406550972
0.005646751686399375
0.0
-0.00026586832413933695
0.0
0.0
0.0
0.0
0.0008761111379376183
0.0
0.0
0.0
0.0
0.0
0.0
0.001045047612902838
0.0
0.0008842763344369221
0.0
0.0
0.0009729538290167813
0.0
0.0
0.000839785308112862
0.0007447709360674879
0.0
0.0
0.0
0.0
0.0
0.0
0.0
0.0
0.0
0.0
0.0
0.0
0.0
0.0
0.0
0.0
0.0
0.003341785114260029
0.0
0.0
0.0
0.0009082705295190394
0.0010229566509301063
0.0
0.0
0.0
0.0
0.0
0.0
0.0
0.0
0.0
0.0
0.0
0.0009590064397171469
0.0024391990081914423
0.0
0.0
0.0
0.0
0.0
0.006355563114325081
9.789065873309398e-5
0.0008445473906336388
0.0
-0.000440261054279768
0.0007591549423874564
0.0011190860925429293
-0.00018008203145133652
0.0007913590919429258
0.0004475291710768132
0.0
0.0007972572584721177
0.0004938827579490852
0.0008116115890786574
0.0
0.0
0.0
0.0
0.0006215453385512271
0.0
0.0
0.0
0.0
0.0
0.0
0.005080354168427846
0.0022972252310273374
0.004699368378132467
0.0
0.0
0.0
0.0
0.0
0.0
0.0
0.0
0.0007658366854723268
0.0
0.0
0.0
0.0
0.0009562728819105287
0.0
0.0
0.0006384740811824451
0.0
-0.0013574152934347167
0.0
0.0
0.00034790702415570885
0.0
0.0
0.0
0.0006374083894478702
0.0
0.0
0.0
0.0
0.0
0.0
0.0
0.0
0.0
0.0009607161561021722
0.0
0.005686138424623346
0.0
0.0
0.0
0.0
0.0
0.0
0.0
0.0
0.00045713967098072813
0.0
0.0011186973682402264
0.0
0.0
0.0
0.0
0.0
0.0
-0.0005325200689057791
0.0
0.0
0.0
0.0
0.0
0.0009393185506857855
0.0
0.0010410990367674768
0.0
0.0006318483583999168
0.0009093132804930776
0.0
0.0
0.0
0.0
0.0
0.0
0.0
0.0018305347492572229
0.0
0.0
0.0
0.002247175309154368
0.0
0.0
0.0
0.0
0.0
0.0
0.0
-0.0007880779707511008
0.0
0.0
0.0
0.0009742225384564216
0.0
0.0
0.0
0.0
0.0
0.0
0.0
0.0
0.0
0.0
0.0
0.0
0.0
0.0
0.0
0.0
0.0
0.0
0.0009671518664133016
0.0
0.0
0.0
0.0
0.0
0.0
0.0
0.0
0.0
0.0007495509064475093
-0.0016791663776560474
0.0
-0.0009585081523023008
0.0053582434068179955
0.0008644129978585094
0.0
0.000951474222524846
0.0
0.001733595145610698
0.0
-0.000728525019594751
0.0
0.0
0.0
0.0006574276041613814
0.0006329565255653654
-0.0013766923601665057
0.0
0.0
0.0
0.0
0.0
0.0
0.0010335705206144174
0.0
0.0
0.0
0.0
0.0
0.0
0.0010158632820537346
0.0
0.0
0.0
0.0
0.0
0.002909608876320858
0.0008137053664106638
0.0
0.0008833177600156935
0.0
-0.0003878450624035302
0.0
0.0
0.0
0.0
0.0
0.0
0.0
0.0
0.0
0.0
0.0
0.00064082126556135
0.0
0.0
0.0
0.0
0.0
0.0005300908150309462
0.0
0.0
0.0
0.0
0.0
0.0
0.0
0.0
0.0
0.0030911602146812007
0.0035201729957613425
0.0
0.0006272914699857916
0.0028425790726348257
0.0
0.0
0.0
0.0038135066771023437
0.0026671883148354602
0.0
0.0
0.0
0.0
0.0
0.000959307744566801
0.0
0.0
0.0044323180092852785
0.0
0.0
0.0
0.0006320456800966654
0.0024459753581327305
0.002752754322174604
0.0
0.0006355847198041188
0.0
0.0
0.0
0.0
0.0
0.0
0.0
0.0
0.0
0.0
0.0
0.0
0.0
0.00041282603578353107
0.0008302863891736983
0.0
0.0007521672300488829
0.0
0.0
0.0003857037041489094
0.0
0.0
0.0012000241413256286
0.0
0.0
0.0
0.0
0.0
0.0
0.0
0.0
0.0
0.002045066629868621
0.0
0.0
0.0
0.0
0.0
0.0
0.0
0.0
0.0
0.0
0.0
0.003605953350010825
0.0007917708882419425
0.0
0.0009328442975014263
0.0
0.00022999147957094928
0.000733735882546965
9.602242727833311e-5
0.0008730911831361572
0.000840705931456573
0.0
0.0
0.00013976193592166785
0.0
0.0
0.0
0.0
0.0
0.0
0.0
0.0
0.0008054873695615631
0.0
0.0
0.0
0.0010322538934246488
-1.3657943477279304e-5
-8.784622531334572e-5
0.0
0.0
0.000974717369999233
0.0
0.0
0.0
0.0
0.0
0.0
0.0
0.0006336128304981161
0.0003947051976083952
0.0
0.0006921422096067273
0.0
0.0
0.0
0.0
0.0005077979880677656
0.0
0.0
0.0005305854754718811
0.0004526002340542845
0.0
0.0
0.0006283893937086235
0.0009573890890163561
0.0006317335396272373
0.0
0.0
0.0011238732560510706
0.0
0.0
0.0
0.0
0.0005868277703186748
9.488318045103403e-5
0.0
0.0
0.0
0.0
0.0
8.302481933445145e-5
0.0
0.0
0.0
0.0
-0.00025804852221034943
0.0
0.0010014486643242146
0.0
0.0
-0.0009319403353536872
0.0
0.0031371748689620347
0.0
0.0
0.003907806542391861
0.0
0.0
0.0010725679580263362
0.0
0.0
-0.0005006865588051596
0.0
0.0
0.0
0.0
0.0
0.000780812898689292
0.0
0.0
0.000625225337882353
0.0
0.0
0.0
0.0
0.0
0.0
0.0
0.0022423175392725595
0.0
0.0018370567017315553
0.000627213272128076
0.0
0.0
0.0
0.0008631075751910309
0.0
0.0
0.0
0.0008928644918215429
0.0
0.0
0.0
0.0
0.0
0.0
0.0
0.0
0.0
0.0
0.0
0.0
0.0006310073155068809
0.0
0.0
0.0010864932394310492
-0.0014236966534807416
0.0
0.0005044759516699991
0.0009144709375857441
0.0
0.0008541010218629013
0.0
0.0
0.0
0.00048721168873334123
0.0024082616033995934
0.00024607011852652766
0.0005512570979243391
0.002574262307839699
0.0
0.0
0.0
0.0
0.0
0.0
0.0
0.0
0.0009903959627788645
0.0
0.0
0.0
0.0
0.0
0.0
0.0023579708961891654
0.00060398294561867
0.0
0.0008099538340789101
0.0
0.0
0.0
-0.0009298097400317376
0.0
0.0010123617506244624
0.0006074197767561315
0.0
0.0
0.0006280930048655004
0.0
0.0
0.0
0.0021685361023912977
0.0
0.0
0.0
0.0
0.0
0.0
0.0
0.0004498559950119854
0.0
0.0
0.0
0.0
0.001230256178124253
0.00497072463050918
0.002835515016235283
-0.0008110455262034352
0.0
0.0015304026567004349
0.0
0.0002641162203163397
0.0008035820818397771
0.000974312576080687
0.0
0.0
0.0007362712301841708
0.0
0.0
0.0
0.0
0.0
0.0
0.0
0.005252162963968967
0.0027549336549617318
0.0
-8.693615921016955e-5
0.0
0.0
0.0
0.005993316130554854
0.0
0.0
0.0
0.0
0.0006274695143169766
-0.001445837303965515
0.0
0.0009244249455411047
0.0009597645611539154
0.0
0.0
0.004026033338359909
0.0
0.0
0.0
0.0
0.0
0.0
0.0
0.0007822535639992727
0.0
0.0008608605641535271
0.0
0.0047140974989037365
0.0
0.0
0.0
0.0
0.0
0.0
0.001085756685099217
0.0
0.0
0.0
0.0013624927950847973
0.0
0.0
0.0
0.0
0.0008584851012655837
0.0
0.0006268649052375211
0.0003793443408377056
0.0
0.0
0.0
0.0
0.0
0.00020942760383939346
0.0
0.0
0.0
0.0
0.0
0.0
0.002934488812422218
0.0
0.0
0.0022694052034074774
0.0
0.0008896384999567996
0.00102973295027169
0.0008880402171580824
0.0
0.0
0.0006344462545424383
0.0
0.0
0.0
-0.000525948920139837
0.0
8.164234051541222e-5
0.0008414140489095208
0.0006339194458024452
0.0010883609424837655
0.0
0.0
0.0010931082208431222
0.0
0.0
0.0
0.0
0.0
0.0
0.0
0.0
0.0008139139898215103
0.0008473479575350568
0.0
0.0
0.0
0.0006364472120843475
0.0
0.0007345828553900553
0.0
0.0008131923144055857
0.0
0.0007488651719037077
0.0
0.0
0.0
0.0
0.0
0.0
0.0006440349047871818
0.0020334807946726543
0.0
0.0006257995511413865
0.004083063024149739
0.0
0.0
0.0
0.0
0.0
0.0
0.0
0.0
0.0017993861902721889
0.0
0.0
0.0
0.0
0.0
0.0
0.0
0.0
0.0
0.0
0.0
0.0
0.0009641299714847064
0.0
0.0
0.0008640861987004964
0.0
0.0006287939518878726
0.0
0.0009203525046803322
0.0
0.001572620439388714
0.0
0.0006402750118411437
0.0
0.0
0.0004809831231415292
0.0
0.0
0.0009253435137582069
0.00045745322651070475
0.0022114243333361855
0.0
0.0
0.0006235495113551075
0.0
0.0
0.0
0.0
0.0009990950970624483
0.0
0.0
0.0
0.0
0.0
0.0
0.0
0.0
0.0
0.0
0.0009509221483450785
0.0
0.0
0.0
0.0
0.003342239605628149
0.0
0.0008739134450102771
0.0
0.0
0.0
0.0019940404380695696
0.0
0.0
0.0
0.0019810793405990214
0.0
0.0
0.0
0.0
0.0006405303739738847
0.0
0.002939556968075037
0.005063429926534932
0.0
0.0
0.0
0.0008311672596521221
0.0006377640898781014
0.0
0.0
0.0
0.000766263872470166
0.0018331511993461386
0.0007990294747173089
0.0
0.00027678464741149667
0.0
0.0
0.0
0.0
0.0
0.0
0.0
0.0038061485929531437
0.0
0.004259205722350144
0.0
0.0
0.004437815705904166
0.0
0.0
0.0
0.004152282942022384
0.0
0.0
0.0
0.0
0.0
0.0
0.0006301518169609099
0.0
0.0
0.0
0.0
0.0
0.00011054019381585713
0.0
0.0
0.0
0.0
0.0
0.0
-0.0006931042438489952
0.0008851293363156003
0.0
0.0009404333218961918
8.838673201344116e-7
0.0
-4.808139910241871e-5
0.0
0.0
0.0
0.0
0.0008983896640155158
0.0
0.0009469824713264917
0.0009119148649283106
0.0007889937567067276
0.0
0.000889463068328822
0.0
0.0
0.0
0.001289208737779047
0.0
0.0
0.0
0.0
0.0
0.0
0.002419333415702863
0.0
0.0
0.0
0.0
0.0
0.0006414466187710693
0.0
0.0
0.0
0.0
0.0
0.0
0.003576377757024771
-0.00013905582858261505
0.0
0.001370553316738797
0.0006076258212032017
0.0
0.0008672971397015919
0.0
0.0
0.0
0.0003055725667173592
0.0017191810519295836
0.0
0.0
0.0
0.0
0.0
0.0
0.0
0.0
0.0
0.0
0.0
0.0
0.0
0.0008578721536404414
0.0
0.0
0.0
0.0
0.0
0.0006354375214831329
0.0
0.0
0.0
0.00063049013639603
0.0
0.0
0.0
0.0
0.00387348634795199
0.0
0.0008622539188632052
0.0
0.0
0.0006376401076498164
-0.00039173789643476775
0.0
0.0
0.0009074345666162741
0.0
0.0
0.0
0.0020859513574370404
0.0
0.0
0.000907738878180754
0.0006269866501871403
0.0
0.002439805827889752
-0.0003171276769604276
0.0
0.0
0.0
0.0
0.0
8.634219361410708e-5
0.0010463518299118652
0.0
0.0008971705889246189
0.0007637509268112409
0.0006472940993129297
0.0
0.0
0.0
0.0
0.0
0.0006319993914664659
0.0
0.0
0.0
0.0
0.0
0.0
0.0
0.0
0.0
0.0
0.0
0.0
0.0
0.0008119799630139659
0.0
0.0
0.00016305959710388054
0.0
0.0
0.0009004958327540027
0.00015612651548943174
0.0
0.0
0.0
0.0
0.0
0.0
7.596301097801189e-5
0.0
0.0
0.0009342534947486087
-0.0004853943202587208
0.0
0.0
0.0
0.0
0.002028558682007485
-0.000525798170981138
0.0
0.0
0.0
0.0
0.0
0.0
0.0
0.0
0.0
0.0008672410688651975
0.0
0.0
0.0
0.0
0.0
0.0
0.0
0.0
0.0007798724532572225
0.0
0.0
0.0
0.0
0.0
0.0
0.0
0.0
0.0031171178467941873
0.0
0.0
0.004864829504098861
0.0
0.0
0.0
0.0
0.0
0.0007717618886785697
0.0
0.0
0.0
0.0
0.0
0.0011122301438903361
0.0
0.0
0.0
0.0
0.0
0.0
0.0
0.0
0.0
0.0
0.0002869218711114502
0.0
0.0
0.0027161319732864338
-0.0003375987527645989
-0.0002682300925653481
0.0010104600715796234
0.0
-0.0005391913154868768
0.002915283862936786
0.0
0.0
0.0
0.0008418616209467499
0.0
0.0
0.0
0.0
0.0
0.003633540725045245
0.0010277298334823233
-0.0004065839477525881
0.0
-0.00013705799602436
0.0
0.0
0.0
0.0006167711923154482
0.0
0.0
0.0009659552913532818
0.0
0.0
0.0009016697726633543
0.0
0.0
0.0
0.0
-3.516671723517889e-5
0.0
0.0
0.0
0.0
0.0
0.0
0.0
5.526189995067831e-5
0.0
0.0041864283693671045
0.0009444828817086141
0.0009171101657382872
0.0
0.0
0.0
0.0
0.0
0.0
0.0
0.0
0.0
0.0
0.0
0.0
0.0
0.0
0.000761469020151635
0.0006170658039995554
0.0
0.0
0.0006390518536980245
0.0
0.004360073918502174
0.0
0.0
0.0
0.0
0.0
0.0
0.0
0.0
0.0006332400444657441
0.0
0.0
0.0
0.0
0.0010893786353792755
0.0
0.0
0.0
0.0
0.0
0.0
0.0
0.0008941636345024664
0.0
0.0007863978454107979
0.0
0.0
0.0
0.0
0.0
0.0010176385387262769
0.0
0.0
0.0
0.0
0.0
0.0
0.0006317038671454141
0.0009023559705947569
0.0006330293730072155
0.0
0.0
0.0037470479800923067
0.0
0.0
0.0
0.0
0.00045226444651059653
0.0
0.0
-0.001112474153645085
0.0
0.0
0.0
0.0
0.0
0.0
0.0
0.0
0.0
0.0
0.0
0.0
0.0
0.0
0.0006360596642701925
0.000800730308162644
0.0
0.0
0.0
0.0006378789728906647
0.0
0.0
0.0
0.0
0.0
0.0
0.0006387992611565871
0.0
0.0
0.0
0.0
0.0
0.0
0.0
0.0
0.0
0.0
0.0
0.0
0.0
0.0
0.0
0.0006011635895490903
0.0
0.00047669102440762816
0.0
0.0
0.0
0.0
0.0
0.000861925083909631
0.0
0.00033303345584197094
0.0
0.0
-0.0004563229783355187
0.0
0.0006267095282713887
0.0
0.0046959390451694364
0.0
0.0
0.0
0.0
0.004354261490019598
0.0
0.0
0.0
0.0
0.0
0.0
0.0009102017356100516
0.0005065424608228948
0.0
-0.0011347140436813914
0.001024046595198061
0.0006355495666261164
0.0
0.0
0.0
0.0
0.003290602482279267
0.0
0.0
0.0
0.0
0.0006351816728097117
0.0
0.0
0.0
0.0
0.0011260016157806974
0.0
0.0
0.0010392750034258704
0.0
0.0
0.0
0.0
0.0
0.0
0.0008736121705297407
0.0
0.0
0.0
0.0
0.0
0.0
0.0
0.0
0.0011143393776959284
0.0
-0.0014691797734351405
-0.0004484757512995822
0.0
0.0006259965672108833
0.0019512368661678567
0.0
0.0
0.0028079762748088504
0.00032038210133930264
0.0
0.0008838329393026768
0.0
0.0
0.005737143131147414
0.0
0.0
0.0
0.0
0.0
0.0
0.0
0.0014020592855840109
0.0
0.0
0.0
0.0
0.0
0.0
0.0
0.0
0.0
0.0
0.0016723312530534567
0.00169133761447952
0.0
0.0
0.0
0.0
0.0
0.0
-0.0002795736208416191
0.0
0.0
0.0
0.0
0.0
0.0
0.0
0.0006304563566413719
0.0008695788682839767
0.0
0.0
0.0
0.0
0.0
0.0
0.0
0.0
0.0
0.0
0.0
0.0
0.0
0.0006244668700610428
0.0
0.0
0.0
0.0
0.0
0.003072386128818526
0.0
0.0
0.0
0.0
0.0
0.0
0.0
0.00016001804413773478
0.0
0.0
0.0009184151309548239
0.0
0.0
0.0
0.0
0.0
0.0
0.0
0.0
0.0
0.0
0.0
0.0
0.0
0.0
0.0
0.0
0.0
0.0
0.0
0.0
0.003638831036278572
0.0
0.0
0.0
0.0
0.0
0.0
0.0
0.0
0.0
0.0
0.0
0.0025146848605409645
0.0
0.0
0.0
0.0
0.0
0.0
0.0
0.00016481224881282003
0.0
0.0
0.0
-0.00029291061286058396
0.000643025127093219
0.0
0.0
0.0
0.0008835163075540939
0.0
0.0009732074396346876
0.0009398398217770991
0.0
0.0
0.0
0.0
0.0
0.0
0.002704517057275328
0.0
0.0
0.0
0.0
0.0
0.0
0.0
0.0
0.0
0.0
0.0
0.0
0.0
0.0
0.0
-0.0002125972715666458
0.0
0.0
0.0
0.0029289120841429544
0.0
0.0
0.0
0.0
0.0
0.0
0.0
0.0
0.0
0.0
0.0
0.0
0.0
0.0
0.0
0.0
0.00028914456920883493
0.0
0.0
0.0
0.0
0.0
0.0
0.0
0.0
0.0
0.0
0.0006241528702781293
0.0
0.0
0.005336993355972372
0.0
0.0008925627729382633
0.0
-0.0010557970395938864
0.0
0.0
0.0
0.0
0.0001516048997423318
0.0
0.0
0.0
0.0
0.0
0.0
0.0
0.0
0.0
0.002959980699236826
0.0
0.000393000498107376
0.0
0.004908083648816479
0.0010422926510389582
0.0
0.0
0.0
0.0
0.0
0.0
0.0
0.0
0.0
0.0
0.0
0.0
-0.0001253444201760547
0.0
0.0
0.0008135882926018945
0.0
0.003243635833223043
0.0008405704175619399
0.0
0.0
-0.0012232267273318668
0.0013443756508305072
0.0
0.0
0.0018043967922944052
0.0
0.0011730736022642057
0.0010281786173513645
0.0008318592406558939
0.0
-0.0009937854709919603
0.0
0.0
0.003351345529559398
0.0008092205377112088
0.0
0.0
0.0010452925954537889
0.0006251668999875796
0.0
0.0006332682704000343
0.0
0.0
0.0
0.0
0.0
0.0
0.004179688227927888
0.0006291376004868527
0.0
0.0
0.0
0.0
0.0
0.0
0.0
0.0006348123108241366
0.0
0.0004500667720302336
0.0
0.0002927721548683526
0.0
0.0025410571759888196
0.0
0.0
0.0
0.0006346950616364958
0.003163473310329523
0.0006300650587335394
0.002637144366971624
0.0
0.0
0.0025465470892010933
0.0
0.0
0.0
0.0
0.0
0.0008371757729876928
0.001690510741627895
0.0
0.0008884184624489074
0.0
0.0019044605486669976
0.0
0.0
0.0
0.0012722860560223873
0.0
0.0
0.0
0.0
0.0
0.0
0.0007501038596390854
0.0
0.0
0.0
0.0019478694164305808
0.0
0.000855295667010194
0.0
0.0
0.0
0.0
0.0
0.0
0.0
0.0
0.0
0.0
0.0
0.0008953281547147245
0.00022545990935693796
0.0043623806168402255
0.0
0.0
0.0
0.0
-0.00023053878749949427
0.0
0.0006242174469393092
0.0
0.0
0.0
0.0
0.0
0.0
0.0
0.0
0.0
0.0
0.0
0.0
0.0
0.0
0.0
0.0
0.0
0.0
-6.39913329030785e-5
0.0
0.0
0.0
0.0
0.0
0.0008632253100973893
0.0
0.0
0.0
0.0
0.0
0.0
0.0
0.0029726921267423274
0.0
7.757208646530784e-5
-0.0015175934425528548
0.0022030023717098447
0.0010551563028105158
0.0
0.0
0.0
-0.0013278039720736284
0.0
0.0
0.0
0.0
0.0
0.0
0.0002116226502968021
-0.00014139432722008757
0.0
0.002759704254119725
-0.0006370273949448521
0.0
0.0
0.0016035558082250188
0.0
0.0
0.0
0.0
0.0
0.0
0.0
0.0
0.0
0.0
0.0
0.0
0.0
0.0
0.0
0.0011121080154271976
0.0
0.0
0.0
0.0
0.0
0.0
0.0
0.0
0.0008302948371481752
0.0
0.0
0.0
0.0
0.0
0.0037807613537534962
0.0004779283388681667
0.0
0.0
0.0
-0.0004966404674922713
0.0
0.0017856082405002763
0.0
0.0
0.0008613376634606146
0.0
0.0009603267583929391
0.0
0.0
0.0
0.0
0.0023155205894708464
-0.0009644069163675186
0.0
0.0006431397713113753
0.0
0.0
0.0
0.0
0.0
0.0
0.0
0.0
0.0
0.0
0.0
0.004374365603096417
0.0006419695466754859
0.0
0.0008207910115301275
0.0
0.0009417651272903287
0.0
0.0024000743125694815
0.0
0.0002979689938719564
0.0016204843863721352
0.0
0.0
0.0
0.0009156901328246367
0.0
0.0
0.0
0.0020169833544660797
0.0
0.0006387823695354325
0.0
0.0
0.0
0.0
0.0006589598673746349
0.0
0.0
0.005468901515394721
0.0
0.0
0.0
0.0
0.0010958873173034438
0.0
0.002111491376671952
0.0
0.0
0.0
0.0008037290967955763
0.0
0.0
0.0
0.0
0.0010951925939413805
0.0
0.0
0.0
0.0
0.0
0.0
0.003846692185312254
0.0
0.0
0.0009233214710706857
0.0029293461693073804
0.0
0.0
0.0
0.0028734795632206016
0.0
0.0
0.0
0.0009423258124674871
0.0
0.0
0.0
0.0
0.0
0.0
0.0
0.0
1.837277294793521e-5
0.0
0.002772519762394689
0.0
0.0
0.0
0.0
0.0
0.0
0.0
0.0
0.0
0.0
0.0
0.0
0.0
0.0006356630508793768
0.0
0.0
0.0
0.0
0.0
0.005043483725063947
0.0
0.0
0.0
0.0
0.0
0.0
0.0
0.0008253281285073627
0.0
0.002598098954820255
0.0008682768928900061
0.0007692963320304309
0.0
0.0
0.0
0.0008704896333089606
0.0
0.0
0.0
0.0
0.0
0.0
0.0
0.0
0.0
0.0
0.0
0.0
0.0
0.000629749220738187
0.0
0.0
0.0
0.0
0.0
0.0
0.0
0.0009419301924664232
0.0
0.0
-0.00022469881493804831
0.0
0.0
0.0
0.0
0.0
0.0
0.0
0.0004560727780725576
0.0009728754434327099
0.0
0.0007617740097575766
0.0006306147556784771
0.0
0.0
-1.1275848646936747e-5
0.00478136068022094
0.0038419579100932777
0.0006304834230018053
0.0
0.0
0.0
0.0
0.00019096161217994567
0.0
0.0
0.0006287189440563279
-9.060819993360569e-5
4.7945564726882054e-5
0.0
0.0
0.005423147061399351
0.0006460940967416397
0.002431711072294159
0.0
0.0
0.0008879790720450803
0.0
0.0
0.0
0.0
0.0
0.0
0.0
0.0
0.0
0.0009487023980756805
0.0016683299693950927
0.0
0.0005161011107208923
0.0011212827127954393
0.0
0.0
0.0
0.0
0.0
0.0
0.0019178199917337753
0.0
0.0
0.0
0.0
0.0
0.0020460087450549524
0.0
0.004549817048670608
0.0
0.0
0.0
0.0
0.0011049268216111825
0.0009664129097578189
0.0
0.0
0.0
0.0
0.0
0.0
0.0
0.0
0.0006316206886758446
0.0
0.0008551989010920674
0.0
0.0
0.0
0.0
0.0
0.0033897061007822993
0.0
0.002346624973373768
0.0
0.0
0.0006328795722602497
0.0
0.0
0.0
0.0008632823485029797
0.0037220002370738827
0.0
0.0
0.0
0.0
0.0
0.0006256602057494596
0.0
0.0
0.0008232329717503908
0.0
4.5784042488424475e-5
0.0
0.0
0.0010509733616049356
0.004343063678638887
0.0
0.0
0.0
0.0
0.0
0.0
0.0008947741426363357
0.0009355266011809531
0.0009223864812346475
0.0
0.0
0.0
0.0
0.0008350314797911082
0.002434854769224904
0.0
0.0006318442393462637
0.0007173011849494645
0.0
0.0002567923138063438
0.0
0.0
0.0
0.0
0.0
0.0
0.004260081068289492
0.0
0.0
0.0
0.0009176377574420431
0.0
0.0
0.0
0.0
0.0
0.0
0.0
0.0
0.002207633477097647
0.0
0.0010353980626863716
0.0
0.0006189156007107792
0.0006393385605573792
0.0013942554106976637
0.0
0.0
0.0
0.0
0.0
0.0
0.0
0.0
0.0
-6.312238969797919e-5
0.0010117193455475364
0.0
0.0
0.0
0.0006212276790525448
0.0
0.0
0.0006473195765347164
0.0
0.0
0.0
0.0
0.0
0.0
0.0
0.00015742661801165873
0.0
0.0
0.0
0.0014358385725608109
0.0
0.0
0.0
0.0
0.0006271664293540099
0.0010783474085584496
-0.0004573952410071156
0.0
0.0
0.0
0.0
0.0
0.0
0.0
0.0
0.0
0.0
0.002505066895595233
0.0009050799160350961
0.0
0.0
0.0008595323804999605
0.0
0.0
0.004936665179353503
0.0
0.0
0.0
0.000926474622911169
0.0
0.0
0.003368506740796648
9.690352643932288e-5
0.0
0.0006353834894358174
0.0
0.0008611168315749909
0.0
0.0
0.0009224340649449642
0.0012460928283010604
-0.00016135849187643304
0.0
0.0
0.0
0.0009140046435030747
0.0
0.005788892996593899
0.004805148565167912
0.0
0.0
0.0
0.0
0.0009203552944065826
0.0
0.0
0.0
0.0011247049309689764
0.0
-0.0010729939618157758
0.0
-0.0009453563298251385
0.0
0.0008839719408171111
0.0
0.004921927272611246
0.0
0.0007981834160326269
0.0
0.0
0.0011306364334831896
0.0006111331810873794
-0.0006493765192047993
0.0006338485099749734
0.0
0.0
0.0
0.0
0.0
0.0
-0.0003015630038876591
0.0009839803049121072
0.0
0.0
0.0008253013860089519
0.0008684068254190487
0.0
0.0
0.0
0.0008291297388700563
0.0012289308022965335
0.0
0.0
0.0009498757782139997
0.0
0.0
0.0
0.0
0.0
0.0
0.0
0.0
0.0
0.0
0.0
0.0009528987103883527
0.0
0.0
0.0
0.0
0.0007702748538096665
0.0
0.0015006303234821185
0.0007437352808850347
0.0011867706145752505
0.0
0.0
0.0007940418367181489
0.0
0.0
0.0006291238453425396
0.0017468214478878923
0.0
0.0
0.0
0.0
0.0
0.0
0.0
0.0
0.0
0.001097321753442043
0.0
0.0
0.0008913298968343366
0.0
0.0
0.0
0.0
0.0
0.0
0.0
0.0
0.0009850283786064582
0.0
0.0
0.0
0.0
0.0
0.0
0.0
0.0
0.0
0.0
0.0008851322329916699
0.0008809714396987771
0.0
0.0
0.002018194218305719
0.0
0.0
0.0
0.0
0.0
0.0
0.0031298026346448255
0.0
0.0008328317486014476
0.0
0.003006991500374383
0.0008711102426283813
0.0
0.0
0.0
0.0
0.0
0.0
0.0
0.0
0.0008674397626821271
0.0
0.0
0.0005142589752732497
0.0
0.0
0.0
0.0009843502493876131
0.0
0.0
0.0
0.003067580602374772
0.0039141271770185134
0.0008458172088809207
0.0
0.0
0.0
0.0
0.0
0.0
0.0
0.0
0.0
0.0
0.0008173454177474787
0.0
0.0
0.0
0.0
0.0
0.0008381940859966923
0.0
0.0
0.0
0.0
0.0
0.0
0.0
0.0
0.0025404936288128135
0.0006380360793306066
0.0
0.0
0.0
0.0
0.0
0.002002977479586657
0.0
0.0
0.0
0.0
0.0
0.0
0.0
0.0
0.0
0.0
0.0
0.0
0.0
0.0
0.0
0.0
0.0
0.0006156600107828309
0.0
0.0036987430657563947
0.0006130928700684862
0.0
0.0
0.0
0.0
0.000815617040158649
0.001042844655149148
0.0
0.0
0.0
0.0006337893885470245
0.0
0.0
0.0
0.0026510739542691952
0.0
0.0
0.0010030072771198195
0.0006418283008978237
4.09945710111574e-5
0.0
0.0
0.0
0.0005281573861236243
0.0
0.0042848375035584516
0.0
0.0
0.0
0.0
0.0006300216642984005
9.658732797160737e-6
0.0
0.0
0.0
0.0
0.0
0.0009448385427394397
0.0
0.0
0.0
0.0
0.0
0.0
0.0
0.0
0.0
0.0
0.0
0.0
0.0
0.0
0.0007843993862120935
0.0
0.0
0.0
0.0014006421394766537
0.0
0.0
-0.0006227787923292737
0.0
0.0
0.0
0.0
0.0008274581044871026
0.0
0.0
0.0
0.0
0.0
0.00501867407880925
0.002743867393232706
0.0
0.0
0.0
0.0
0.00029531558591010194
-0.0004347034971881277
0.0
0.0
0.0
0.0006423191746063341
0.0
0.0
0.0
0.00453942354195087
0.0
0.000835710590537428
0.0
0.0
0.0
0.0008606365993513585
0.0
-0.000228299739194088
0.0
0.0
0.004552324972555098
0.0
0.001066761005563353
0.0035132043646320115
0.0
0.0
0.0
0.0
0.0
-0.000629572809327284
-0.000439309633842201
0.0
0.0
0.0009333960093402585
0.0
0.0001033550597641804
0.0
0.0004662973566527393
0.0
0.0
0.0
0.0
0.0
0.001017754255530025
0.0
0.0
0.0
0.001200431938276718
0.0
0.0
0.0
0.0
0.0
-0.0005615646461950962
0.0
0.0
0.0
0.0
0.0
0.0
0.0
0.0
0.0
0.0
0.0
0.0
0.0
0.0
0.0
0.0
0.0
0.0
0.0
0.0
0.0
0.0
0.0007747209758913497
-0.000893135769396093
0.0
0.0009231797927399711
0.0
0.0
0.000879107824597332
0.005833364984535731
-0.00046499746631085184
0.0007783680377003098
0.0
0.0
0.0
0.0030779117135826557
0.0
-0.00011143599732383135
0.0
0.0
0.0
0.0
0.0006358103994489022
0.0
0.0
0.0
0.0
0.0008838563260299648
0.0008026802516767719
-0.0006850777377940487
0.0
0.0
0.0
0.0
0.004683094732668734
0.0
0.0
0.0
0.0
0.0
0.0
0.0
0.0
0.0
0.0
0.0
0.0
0.0
0.0
0.0
-0.000598546634957181
0.0
0.0
0.0
0.0
0.0
0.0
0.0
0.0006342165028662453
0.0
0.0
0.0
0.0010497492161788545
0.0
0.0006374489862188305
0.0
0.0
0.0
0.0
0.0006218637691820861
5.544308923465339e-5
0.0
0.0
0.0
0.0
0.0
0.0
0.00045884578491761543
0.0
0.0
0.0
0.0
0.0
0.0
0.0009066346736867445
0.0
0.0
0.0
0.0
0.0
0.0
0.0
-0.0010703043421261321
0.0011411724739106865
0.0
0.0
0.0
0.0
0.0
0.0
0.0008589569437398462
0.0
-0.0006358735655561036
0.0
0.0010450219356201653
0.0
0.0
0.0018427132191772369
0.0
0.0002643146238073171
0.0030490549510603406
0.0
0.0
0.0
0.0
0.0
0.0
0.0
0.00022862776574313808
0.0
0.00032103977361791215
0.0
0.0
0.0
0.0005153366242817149
0.0012868977963033839
0.0010768991846892902
0.0
0.0
0.00017117759370853885
0.0
0.0
0.003045315935131525
0.0
0.0
0.0012460509850185978
0.0
0.0
0.0
0.0011644093232363918
0.0
0.0
0.0
0.0
0.0
0.0
0.0
-0.00029974646960107134
-0.0006791311947913747
0.0
0.0
0.0
0.0018745059309660782
0.0
0.0
0.0
0.0
0.0
0.0023454288788015195
0.0
0.0
0.0
0.0
0.0
0.000638100880075616
0.0
0.0
0.0
0.0
0.0
0.0009309772380352238
0.0
0.0
0.0008220176327684167
0.0008109677945403997
0.0006200418141420255
0.0
0.0
0.0
0.0
0.0
0.0
0.0
0.0
0.0
0.0
0.0
0.0008854235931674374
0.0009911970769489868
0.0
0.0010542820232476503
0.0
0.0
0.0
0.0004369005139280497
0.0
0.0
0.0
0.0006401741001214106
0.0
0.0
0.0
0.0
0.000575824786612987
0.0
0.0
0.0
0.0
0.0
0.0
0.0
0.0
0.0
0.0
0.0
0.0
0.004534920854670858
0.0
0.0009186257624688048
0.0
-0.0006882161704588912
0.0008233705967456627
0.0
0.0009503775808271715
0.0
-0.0016009825843937475
0.0
0.0
0.000681223594826202
0.0
0.0
0.001626799147781731
0.0
0.0
0.0
0.0
0.0
0.0
0.0
0.0
0.0006267231651681931
0.0
0.0
0.0009608564020918683
0.00183891038523862
0.0
0.0
0.0010802127275776324
0.0002159570888618622
0.0
0.0
0.0
0.0
0.0
0.0
0.0
0.0003983025427765216
0.0
-0.00043913165521697697
0.0006200089056749103
0.0
0.0006352898150077705
0.0006328525518013264
0.0
0.0006438290407306171
0.0
0.0
0.0
0.0
0.0008508946967308737
0.0
0.0
0.0
0.0
0.0
0.0008670755594597761
0.0
0.0
0.0006917488136289642
0.0
0.0006290853984132394
0.0
0.0009392258082064631
0.0
-0.00031871535487520443
0.0009560744891945025
0.0
0.0
0.0
0.0
-5.66904761150987e-5
0.0
0.0
0.0006580948244888794
0.0
0.0
8.409789953826521e-5
0.0
0.0009701972739172698
0.0003375698879806215
0.0
0.0
0.002403266373979747
0.0
0.0
0.0
0.0
0.0
0.0009137377807051356
0.0
0.0
0.0
0.0
0.0011215815885479564
0.0
0.0
0.000970829340339792
0.0
0.0
0.0
0.0
0.0008772286700087689
0.0
0.0
0.0
0.0008213776732241046
0.0
0.0
0.0
0.0
0.0013606082449111375
0.0
0.0
0.0
0.0
0.0
0.0
0.0
0.0
0.0
0.0
0.0010824428724330972
0.0006363917992548681
0.0
0.0008516252751294631
0.0
0.0
0.0
0.0
0.0006249911896741246
0.0
0.0
0.0
0.0
0.0
0.0001839883638415645
0.0
0.0
0.0
0.0007162431133358651
0.0008796408522754207
0.0006303513441780567
0.0
0.0009010701862839668
0.0
0.0009331329339783809
0.0004465984440187879
0.0
-0.00036058516628677636
0.0
0.0031072484807154964
0.0
0.0035303865259787197
0.0
0.0010203401075968364
0.0
0.0
0.0
0.0
0.0
0.0008017613331584935
0.0
0.0
0.0
0.0
0.0
0.0
0.000635326707266955
0.0
0.0
0.0
0.0
0.0
0.0
0.0010509686678962075
0.0
0.0
0.0009702035656343064
0.0
0.0
0.0006309045166764029
0.0
7.990984852477331e-5
0.0008253129988449354
0.0
0.0
0.0
0.0
0.0
0.0
0.0
0.0
0.0
0.0
0.0
0.0009730849070479089
0.0
0.0
0.0007924621577113338
0.0
0.0
0.0
0.0
0.0
0.0010043077943349128
-0.00022717450520133215
0.0
0.0
0.0
0.0
0.0
0.0050226305989290775
0.0
0.005201505301638076
0.0
0.0
0.0
-6.2930019852728e-5
0.0
0.0
0.0
0.0
0.0
0.0
0.0
0.0
0.0
0.0
0.0
0.0
4.4673529775704924e-5
0.0
0.0
0.0
0.0
-0.00047406949560489456
0.0
0.0
0.0
0.0
0.0
0.0
0.0
0.0
0.0
0.0015611598648017757
0.000851066567051769
0.0
0.0009483972832764875
0.0
0.0
0.005084047849098368
0.0
0.0
0.0006306591092339471
0.0
0.0
0.000908184690661183
-0.00018806976462046928
0.0
0.0
0.0
0.0030798207914071785
0.0
0.0
0.0
0.0
0.0
0.0
0.0
0.0
0.0
0.0
0.0034337517944361827
0.0006336753767814394
0.0
0.0
0.0
0.0
0.0
0.0
0.0007078152742282193
0.00021568683087531452
0.0
0.0
0.0009250633541075646
0.0
0.0
0.0006395762753474691
0.0
0.0
-0.0005675150944864035
0.0
0.001227407444364491
0.0
0.0
0.0
-0.00040499336528494154
0.0
0.0008476592210735483
0.0
0.0
0.0
0.0
0.0
0.0
0.0
0.0
0.0010029082177102026
0.002708778136387829
0.0
0.0
0.00014661674731916957
0.0
0.0
0.0
0.0
0.000624156791145066
0.0
0.0
0.0006900329911339357
0.0
0.0015966647031888414
0.0
0.0
0.0023134232419355634
0.0011268786228651071
0.0
0.0
0.0
0.0
0.0
0.0
0.0
0.001330512823442173
0.0002407668127758022
0.0
0.0
0.0
0.0008601209936406452
0.0
0.0
4.291642557030012e-5
0.0
0.0
0.0
0.0
0.0
0.0
0.0
0.0
0.0
-0.0006564916203648457
0.0003083461634607742
0.0
0.0
0.0010986584358140415
0.0
0.0
0.0
0.0
0.00027677751200294717
0.0
0.0
0.0
0.0
0.0035517696270964084
0.0
0.0
0.0
0.0006368265481027926
0.0
0.0
0.0
0.0
0.0
0.0
0.0
0.0
0.0
0.0
0.0006310262329807984
0.0
0.0
0.0
0.0
0.0023371149965428087
0.0
0.0
0.0
0.00012180611001703825
0.0
-9.909285131228391e-5
0.001429031737690975
0.0007339342046238228
0.0
0.003420404427937745
0.0
0.00260016688595994
0.0
0.0
0.0
0.0
0.0
0.0
0.0005676648859606828
0.0
0.0
0.0
0.0
0.0
0.0
0.0
0.0009272641232470442
0.0
0.0
0.0
0.0
0.0
0.0
0.0
0.0
0.0
0.0
0.0
0.0
0.0
0.0
0.0002175487680102731
0.0
0.0
0.0
0.0
0.0
0.0
0.0
0.0008806632184318687
0.0
0.0
0.0
0.0
0.0
0.0007372349840911456
0.0
0.0
0.0
0.0
-0.00019673962879792793
0.0
0.0
0.0
0.004499784639597951
0.0
0.0034826438864306746
0.0
0.0
0.0
0.0009620775200128776
0.0
0.0
0.0
0.0
0.000867005114257024
0.0019796038274980214
0.0
0.0
0.0
0.0022845631982954086
0.0
0.0007673050944819771
0.0008516907246782471
0.0
0.0
0.0005767368265087787
0.0
0.0006270187465010644
0.0
0.0
0.0
0.0
0.0
0.0
0.0
0.0
0.0
0.0
0.0
0.0
0.0
0.0006260448827134112
0.0
0.0
0.0
0.0006359230744531894
0.0
0.0
0.0
0.0
0.0
0.0
0.0007797047383598217
0.0
0.0
0.0009021051651379893
0.0011273627952681955
0.0
0.0006400674987247443
-0.0010711706489123978
0.0
0.00063537934483256
0.0
0.0
0.0011025040317577382
0.0
0.0
0.0
0.0006174222371784687
0.0
0.0
0.0
0.0
0.0
0.00023323870145845643
0.0
0.0
0.0
0.0006465852932948892
0.0
0.0
0.0017122762812788808
0.0
0.0
0.0038176612972145607
0.0010618725969405685
0.0
0.0
0.0
0.0
0.0006297784775010266
0.0
0.0
0.0
0.0006219089618131645
0.0
0.0035181277993573605
0.0
0.0
-7.285526039825594e-5
0.0
0.000756276142219229
0.0
-9.425447358951401e-5
0.0
0.0
0.0
5.297313445691769e-5
0.0
0.0
0.0
0.0
0.0
0.0009637991572369305
0.0
0.0022830771600798106
0.0
0.005316727791122652
0.002714133404666962
0.0
0.0
-0.0010029171518964296
0.0
0.0
0.0
0.0
0.0
0.0008721029756998802
0.0
0.0
0.0015826542421537384
0.0
0.0
0.0
0.0
0.0
0.0
0.0
0.0
0.0
0.0
0.0006232857231458108
0.0
0.0
0.0
0.0
0.0
0.0
0.003538547574081548
0.0
0.0
0.0
0.0
0.0007721491176503368
0.0
0.0
0.0
0.0
0.0
0.0
0.004287912285764103
0.0
0.0
7.843323259771591e-5
0.0007843764054574976
0.0
0.0
0.0
0.0
0.0
0.000931169843187367
0.0
0.0
0.0
0.0008209305781370261
0.0
0.0
0.0
0.00012496239892083308
0.0
0.0
0.0
0.0
0.00013740160524050682
0.0006186696431657514
0.0008939326924430902
0.0008438738063268698
0.0
0.0
0.0
0.0
0.0
0.0
0.0
0.003100258174721195
0.0
0.0
-0.0006131998139643283
0.0
0.0006317234217963712
0.0
0.000906141246816155
0.0
0.0
0.0
0.0006796195830367508
0.0010017998512705717
0.0
0.0008009399517114104
0.0006295784912143286
0.0
0.0
0.00016196913102241656
0.0
0.000631101485101021
0.0
0.0
0.0006291200542363151
0.0
0.0
0.0
0.0
0.00045412930378567815
0.0011346632389704827
0.0
0.0
0.0
0.0
0.0029031078681738508
0.0
0.0009431427164801065
0.004348309260623516
0.0
0.0
0.0
0.0
0.0
0.0
0.0
0.0
0.0
0.0
0.0006282324698955899
0.005828924981732051
0.0
0.0
0.005021248706565941
0.0
0.0
0.0
0.0023516658230579475
0.0
0.0
0.0
0.0010606985435333734
-0.00032265592122681063
0.0008234976348604327
0.0005582349977568475
0.0
0.0
0.0
0.0
0.0
0.0
0.0
0.0006426560212833823
0.0
0.0008170199486898898
0.0
0.0
0.0
0.0013629579963849608
0.0
0.0
0.0
0.005064848964723457
0.0
0.0
0.0
0.0
0.0
0.0012453438359415181
0.0
0.0008635506212480786
0.0
0.0
0.0006415335795324814
0.0
0.0
-0.00031541375491806655
0.0
0.0006373321706188946
0.0005188138569398972
0.0
0.0
0.0
0.0
0.0
0.0
0.0
0.0
0.0
0.0
0.0
0.0
0.0030059926659687887
0.0
0.0
0.0
0.0
0.0
0.0
0.0
0.0
0.0
0.0006304809140837062
0.0
0.0003138213326043241
-0.0007203822574517604
0.005286635514257122
0.0
0.0
0.0
0.0006365990808133847
0.0
0.0
0.0
0.0028081340725603725
0.0
0.0
0.0
0.0009546725019631216
0.0
0.0
-0.0001840526608964887
0.0006449743336887788
0.0
0.0
0.0
0.0
0.002722174112827567
0.0
0.0
0.0
0.005979765688492376
0.0
0.0
0.001717584331293004
0.0
0.0
0.0
0.0007095791449893527
0.0
0.0
0.0006576783713570712
0.0
0.0
0.0
0.0005947672271317547
3.097819276416192e-5
0.0
0.0
0.0
0.0
0.0
0.0
0.0
0.0
-0.00046586054672184023
0.0
0.0
0.000801996649174801
0.0
0.0009343435583553954
0.0
0.0
0.0
0.0
0.0
0.0
0.0010176238676150495
0.0006345330671092891
0.0
0.0
0.0
0.0
0.0
0.0
0.0
0.0
0.0
0.0
0.0009744071300541494
0.0
0.0
0.0
0.0010349437548901887
0.0005996959734285768
0.0045639322246720715
0.0006391914358688366
0.00014458254413240591
0.0
0.0008400972109298007
0.0
0.0
0.0
0.0
0.0
0.0
0.0008378727411805106
0.0011514289055519422
0.0
0.0
0.0
0.0
0.004232984624467364
0.0
0.0029254979368500953
0.0
0.0
0.0009747313527675197
0.0
0.0008651269740127571
0.0006401966416610683
0.0
0.0
0.0
0.0
0.0
0.0011414349416877909
0.0
0.0
0.0
0.0010004220556270897
0.0
0.0007284078285443566
0.0
0.0
0.0
0.0006358396560576336
0.004513125569647623
0.0
0.0008180818853663348
0.0006176845985728241
0.0008915717888572633
0.0
0.0
0.0
0.0
0.0
0.0
0.0
0.0
0.0
0.0
0.0
0.0006479173251878627
0.00025613146360287933
0.0
0.0
0.0009171730118263262
0.004195676105278506
0.0
0.0
0.0028507063350780067
0.0
0.004812017028380436
0.0006395993156935357
0.0
0.0
0.005560630424164849
0.00451249058692368
0.0
0.0
0.0
0.0
0.0
0.0009734030310739284
0.0
0.0
0.0
0.0
-0.0003992197530526557
0.0006334077393340379
0.0006365977123739492
9.998904274401751e-5
0.0
0.0
0.0
-0.00042829591565716975
0.005867068270327425
0.0
0.0
0.0
0.0
0.0
0.0
0.003167954120513784
0.0
0.0
0.0003617889304697321
0.0
0.0
0.0
0.0
0.0
0.0
0.0
0.0
0.0
0.0
0.0
0.002694682096744966
0.0020844891563294786
0.0
0.0
0.0
0.0
0.0
0.0
0.0
0.0
0.0
0.0
0.0
-0.0005816567521835558
0.0
0.0
0.00024752114031572763
0.0
0.0009505417932193975
0.0
0.0
0.0
0.0
0.0
0.0
0.0
0.0009280097551421661
0.0006254775878698648
0.0
0.0
0.0009078186012455523
0.0
0.0
0.0
0.00032117319532661785
0.0
0.0
0.000844402836517098
0.0
0.0006341713181204562
0.0008243661876170286
0.0006416609425700461
0.0
0.00412893501916288
0.0
0.0
0.0013192426995725245
0.0
0.0
0.0
0.0
0.0
0.0009233940322732042
0.0
0.0
0.0
0.0
0.0
0.0
0.0
-0.00047548655590219066
0.0
0.0
0.0
0.0
0.0
0.0
0.0
0.0
0.0
0.0
-0.00047299885317241713
0.0
0.0004095521937991187
0.00010756536946689567
0.0008707747754201998
0.0
0.0005442473664950214
0.0007670549771695207
0.0
0.0
0.0
0.0
0.0
0.0
0.0
0.0
0.0
0.000624117751898335
0.000986909614277679
0.0
0.0
0.0
0.0
0.00063326016030955
0.0
0.0
0.0005242550425208602
0.0
0.0009287582224560511
-0.00025813567665058647
0.0023741317222397093
0.0008197942482486056
0.0
0.0
0.0
0.0
0.0
0.002475626715035484
0.0
0.0
0.0
-0.0001873506118640312
0.0
0.0006634489371354699
0.0
0.001239499408725901
0.0
0.0
0.0
0.0
0.0
0.0011526612263084409
0.0020555545274526243
0.0009443958342163674
0.0
0.0030928189005783842
0.0
0.0
0.0
0.0
0.001031971012150905
0.0
0.0
0.0
0.0
0.0
0.0
0.0
0.0
0.0
0.0
0.0
0.0
0.0
0.0
0.0
0.0
0.0009301656440385814
0.0
0.0008476059346564782
0.0
0.0
0.0
0.0
0.000825339201046547
0.0
0.0
0.0
0.0
0.0007539106754096296
0.0
0.0
0.0
0.00022452730111221646
0.0
0.0
0.0
0.0
0.0
0.00014362141497102382
0.0006356244936321126
0.0
0.0009030374426296024
0.0
0.0017387146153020816
0.0
0.0
0.0
0.0
0.0
0.0
0.0010263006564862206
0.0
0.0
0.0
0.0
0.0008177603944877027
0.0
0.0004852754987062515
0.00016853831719881445
0.0
0.0
0.0
0.0
0.0
0.0
0.0
0.0
0.0
0.0
0.0
0.0
0.0
0.0
0.0
0.0
0.0
0.0
0.0
0.0
0.0
0.0
0.0
0.0
0.0
0.002609811394651659
0.0
0.0008710257656546172
0.0008320235323345459
0.0
0.0008408126665990378
0.0010032742172132257
0.0053246496276143866
0.0008602949591252526
-6.070665810573965e-5
0.0
0.0
0.0
0.0
-0.0014494119797412671
0.005442486789745513
0.0
0.0
0.0
0.0
0.0
0.0
0.0
0.0
0.0012026444371782414
0.0
0.0
0.0
0.0
0.0
0.0
0.0
-0.0007858194535453679
-0.00033087201691806863
0.0
0.0
0.002086136685660071
0.0
0.0006224081741572808
0.0
0.0
0.0
0.0
0.00037361113659284287
0.0
0.0
0.0
0.0030096072000465584
0.0
0.0
0.0
-0.0005272937672106856
0.0
0.0
0.0009915274460409699
0.0
0.0
0.0
0.0
0.0006209757383445627
0.0
0.0
0.0006376561758433871
-0.0006096396233705723
0.004319764062226947
0.0
0.0
0.0028303834103145906
0.0008173402773656323
0.0009581219004972005
0.0
-0.00047316182010550243
0.0
0.0
0.0
0.0
0.0
0.0
0.0
0.0
0.0
0.0006243729198613125
0.0006274437001438076
0.0
0.0007925410070384213
0.0
0.0
0.0010017979890636105
0.0007138063096767663
0.0
0.000635198086152505
0.0
0.0007419613884947341
0.0
0.0
0.0
0.0006388033112568043
0.0
0.0
0.0
0.0
0.0
0.0
0.0
0.004521956025089488
0.0
0.0
0.0
0.0
0.0
0.0
-0.0005821005922295521
0.0
0.0
0.005767563078189026
0.0
0.0
0.0
0.0010355033705524185
0.0
0.000776838449791981
0.0
0.0
0.0
0.0
0.0
0.0
0.0
0.0
0.0
0.0
0.0
0.0002512069777253242
0.0
0.0
0.0026934528378592193
0.0
0.0
0.0
0.0
0.0
0.0
0.0
0.004297415548414321
0.0
0.0
0.00038313250816249494
0.0
0.0
0.0012074771585459604
0.0
0.0
0.0
0.0
0.00010606710516693015
0.0010256205179238333
0.0
0.0
0.0
0.0
0.0
0.0006345707936396315
0.0
0.000514728882108204
0.001610927915674201
0.0
0.0
0.0
0.0
0.0001375602589384483
-4.186472547671969e-7
0.0
0.0
0.002308427932318177
0.0
0.0
-0.0004969296769670315
0.0015598098521568883
0.0
0.0
0.0
0.0
0.0042342319975731185
0.0008231035963516366
0.0
0.0
0.0
0.0
0.0
0.0
0.0
0.0003466226296457465
0.0
0.0
0.0
0.0
0.002238918515191641
0.0
0.0
0.0008514116964996319
0.003888384160069894
0.0
0.0
0.0010217222590256775
-0.000993876359564631
0.002392505968525817
0.0005147785463026292
0.0
0.0
0.0
0.0
0.0
0.0009321225184666864
0.0009677780649126743
0.0
0.0
0.000977363445030118
0.0
0.0
0.0
0.000885895882953035
0.0
0.0
0.0
0.0
0.00024953635021599424
0.0
0.0
0.0
0.0
0.0
0.0
0.0
0.0038491641396888676
0.0
-4.995450283700958e-5
0.0
0.0
0.0
0.0
0.0016380027505714244
0.0008370618801850549
0.0
0.0
0.0
0.0
0.0023766165740021984
0.0
0.0008672942918759585
0.0
0.000986607124129902
0.0
0.0
0.0
0.0
0.0
0.0
0.0010972383316821663
0.0
0.0
0.0009715877215473159
0.0008597034627769987
0.0
0.0
0.0
0.0
0.0
0.002700875172103466
0.0
0.0
0.0
0.0
0.0
0.000681504502922406
0.0
0.0001774537721715562
0.0
0.002781118517716129
0.0
0.0
0.0006372640822967109
0.0
0.0
0.0007224555427806015
0.0
0.0007475315398509624
0.0002699403731219202
0.0016861575766656857
0.0
0.0
0.0
0.000850754963446502
0.0008592487381559699
0.0
0.001021723117556406
0.0
0.0
0.0
0.0
0.0
-0.0007952700136290472
0.0
0.0
0.0006346537252163081
0.0003454675086731442
0.0008257499455740112
0.0
-0.00027041697620957525
0.0
0.0
0.0
0.0
0.0
0.0
0.0
0.0
0.0
0.0
0.0
0.0
0.0008464053683091249
0.004049067316101552
0.0
0.0
0.0
0.0
0.0008650015413786164
0.0
0.000955557091531448
0.0
0.0
0.0
0.0008479429157526607
0.0
0.0
0.0
0.0
0.0005431512744132578
0.0009282646924590961
0.0
0.0
0.0
0.0
0.0
0.0
0.0
0.001048050073095719
0.0
0.0
0.0
-0.001080513536974752
0.0
0.0
0.0
0.0009297898485150357
0.0
0.0
0.0
0.0008878997189385483
0.0
0.0023586332169454505
0.0
0.0009640439853836121
0.0
0.000910184646342839
0.0
0.0
0.0
0.006408990031791749
0.0
0.0
0.0
0.002546548843457354
0.0
0.0
0.0
0.0
0.0
0.0009158225581403628
0.0
-0.000522812218791483
0.0
0.0
0.0
0.0
0.0
0.0
0.004376369938495323
-0.0005509625343716599
0.0
0.005185488100870093
0.0
0.0
0.0017521862478011255
0.0
0.0
0.0014092083141921358
0.0
0.0
0.0
0.0
0.0
0.0
0.0
0.0008193180610071358
0.0006306307839794897
0.0
0.0
0.0010960111972569794
0.0006476665532855064
0.0
0.0008626790133497265
0.0
0.0006381700159801186
0.0
-0.00011683229725257606
0.0
0.0
0.00500708763009878
0.0
0.0
0.0
0.0
0.0
0.0
0.0
0.0009513668020909898
0.0
0.0008695958124840919
0.004491666994791066
0.0
0.0
0.0
0.0
0.0
0.0
0.0
0.0008032946040980207
0.0
0.00284077388244432
0.0
0.0
0.0020035354798804248
0.0010910904249011766
0.0
0.0
-0.0006149637566348215
0.0008256830366672866
0.0
0.0
0.0
0.0
0.0
0.0
0.0
0.0
0.002777845980741161
0.0012085012335521779
0.0
-0.0006140982108450969
0.0
0.0
0.0009337394447824123
0.0
0.0007603977314862841
0.0
0.0
0.0
0.0022652476851736042
0.0
0.0
0.0
0.0
0.0006392965280966562
0.0
0.0
0.0
0.0
0.0
0.0
0.0
0.0
-0.0007636947799643744
0.0
0.0
0.0
0.0
0.0
0.0
0.0
0.0
0.0
0.0006231319301754465
0.0
0.0
0.0
0.0
0.0
0.00024528136568196396
0.0
0.0
0.0
0.0007991336234056548
0.0
0.0009937272198068967
0.0
0.0
0.0
0.0020811265095768946
0.0008756254373556238
0.003097436867505496
0.0
0.0
0.0
0.0
0.0008834321698441841
0.0
0.0
0.0
0.00102466975628708
0.0032314528261434437
0.0
0.0
0.0
0.0024496301783186267
0.0
0.0
0.0
0.0
0.0
0.0
0.0006440187601852452
0.00046023807343025793
0.0
0.0
0.0008387560883478464
0.0
0.00010097932846896856
0.0
0.0
0.0
0.0
0.0022955346279775134
0.0005380243028639187
0.0019848643185732557
0.0
0.0
0.0
0.0006444096285904611
0.0
0.0001040468787006706
0.0
0.004706289645431684
0.0
0.0
0.0
0.0
0.0
0.0
0.003371151775143837
0.0028498949360633934
0.0
0.0
0.0
0.0
0.0
0.0
0.0
0.0009796243194998748
0.0
0.0
0.0
0.0
0.0
0.0
0.0
0.0019346189557769976
0.0
0.0
0.0
0.0
0.005508411565370361
0.0
8.42364765368149e-6
0.00035199149187512826
0.0
0.0
0.0
0.0
0.0005020705022047008
0.0
0.00037914436974283914
0.0010358878078460766
0.0
0.0
0.0
0.0
0.0
0.0002525336108411406
0.0
0.0
0.0
0.0007807716872140467
0.0
0.0
0.0
0.0
0.00044237772854792255
0.0
0.0
0.0
6.150327910244441e-5
0.0008787436365980091
0.0
0.004441120267973384
0.0
0.0
0.0
0.0008581490756215416
0.0
0.0
0.0
0.0041529954534872075
0.002709546098989231
0.000858676396135299
0.0006368683643666757
0.0
0.0025999735674039856
0.0
0.0
0.0
0.0
0.0
0.0
0.0
0.0
0.0
0.0
0.0010958493062148845
0.0
0.0
0.000872333899389872
0.0
0.0
0.0
0.0
0.0
0.0
0.0
0.0
0.0
0.0007657742653153063
0.0
0.0009580384251174917
0.0
0.005579716574229372
0.0
0.0
0.0
0.0009838704784842834
0.0
0.0008985058768413742
0.0017224901967020493
0.0
0.0
0.0
0.0
0.0012190545135767254
0.0008192128697571968
0.0
0.0
0.000758585480940586
0.0
0.0
0.0
0.0012775815186527228
0.0
0.00026191812848712153
0.0028845818883035
0.0
0.0008797356296978756
0.0006891904069002576
0.0
0.0004513738211871904
0.0
0.0
0.000634747037985661
0.0
0.0
0.0
0.0
0.0
0.0006359442423875
0.0
0.0
0.0
0.0
0.0
0.0
0.0
0.0
0.0
0.0006291025498279965
0.0
0.0006278184278741631
0.0
0.002979930042678569
0.0
0.0
0.00014021943508603615
0.0
0.0
0.0008241159915143284
0.0
0.0
0.0
0.0
0.0
0.0
0.0
0.0
0.0
0.0
0.0
0.0
0.0
0.00024472820107933335
0.0
0.0
0.00036677293721812946
0.0
0.0006404925329551908
0.002311661263790825
0.0
0.0
0.0
0.0003254656665069709
0.0
0.0
0.0
-0.00017682804162910868
0.0006293699117647432
0.0040869982973119785
0.0
0.0017091443334976905
-0.0006127801066532726
0.0
0.000789286055167861
0.0
-0.0004847368273963002
0.0009791637672391773
0.0
0.0
0.0
0.0006431550685172151
0.0
0.0
0.005099671416052838
-0.0002848913388265504
0.0
0.0
0.0
7.719751481539715e-5
0.0
0.0
0.0
0.0
-0.000544425495337174
0.0
0.0
0.0
0.0003723419694863107
0.0005459083697662943
0.0009609664444569959
0.0
0.0
-0.00019364681285602718
0.0
0.0
0.0
0.0
0.0
0.0
0.0
0.000827523723361605
0.0
0.0
-0.00011148598259722717
0.0
0.0
0.0
0.0
0.002946109485841299
0.0
0.0009425002618115918
0.0
0.0
0.0
0.00010515836252327404
0.0
0.0
0.000927038264552133
0.0
0.0006213054184178298
0.0
0.0011343263378213795
0.0
0.0
0.0
0.0
0.000845295316246148
0.0
0.0
0.0
0.0
0.002591953607275806
0.0010078539627870631
0.0004501274382426659
0.0009423350686359728
0.0
0.0
0.0
0.0
0.0
0.0
0.0010643705365016127
0.0
0.0
0.0
0.004390317747552751
0.0
0.0
0.0
0.0
0.0
0.0
0.0
0.0
0.002027718259719843
0.0
0.0
0.0
0.0
0.0006345371367499074
0.0
0.0
0.0
0.0
0.0
0.0006257713197707074
-2.1432352062833213e-5
0.0
0.0
0.0
0.0013181607537169748
0.0017839691455517996
0.0
0.0015642942082908146
0.0
0.0008725439612088977
0.0008293823035744679
0.00044819144789235685
0.0
0.0003522387125421633
0.0
0.000615679506637104
0.0
0.0
0.002087213109146344
0.0009488331454176047
0.005354331941537546
0.0
0.0
0.0
0.0
0.0
0.0
0.0
0.003760559263027883
0.0
0.0
0.0
0.0
0.00040664786323605056
0.0
0.0
0.005631194419966449
0.0
0.0
-6.642490265093014e-5
0.0
0.0
0.0
0.003194424750868424
0.0
0.0006275819327932968
0.0
0.0010798484844115408
0.0009303924312212211
0.0
0.0025185754348925576
0.0
0.0006908263072832611
0.0
0.0
0.0
0.0
0.0
0.0
0.0
0.0
0.0
0.0
0.0
0.0
0.0
0.0
0.0
0.0
0.003289554967925817
0.0
0.000623483113010242
0.0
0.0
0.0
0.0
0.0
0.0
0.0
0.0
0.0
0.0
0.0
0.0008135326570912291
0.0
0.0
-0.0011650782375912773
0.0
0.003885061044025111
0.0
0.0
0.0
0.0006290262532445894
0.0
0.0
0.005505961086313127
0.0
0.0
0.0
0.0
0.0
0.0009352185531761821
0.0
0.0
0.0
0.0
0.0
0.0003008183219408449
0.0
0.0
0.0
0.0
0.003503888487558313
0.0
0.0
7.321800754306199e-5
0.0
0.0003676808555596044
0.0
0.0
0.0
0.004506516539407662
0.0
0.0
0.0
0.0
0.0
0.0009581489320315664
0.0
0.003052504809131688
0.0
0.0
0.0
0.0
0.0
0.0
0.0
0.0
0.0
0.0
0.0
0.0
0.003978686448130017
0.0
0.0
0.0
0.0
-0.0007104114634746789
-0.0002480909546825039
0.0006333524789734369
0.0
0.0
0.0014725699931908156
0.0008114713963117272
0.0
0.0
0.0
0.0
0.0
0.00202093283318376
-2.6503668108331886e-5
0.0
0.0
0.0
0.0
0.0
0.0004536992422275015
0.0
0.0
0.0
0.0
0.0
0.0
0.0
0.0
0.0
0.0
0.0014949736083583458
0.0
0.0
0.0
-0.0004987689368673992
0.0
0.00011828043054126406
-0.0003364692619210378
0.0
0.0
0.0
-0.0003309314009886455
0.0
0.0
0.0
0.0
0.0008360936884607777
0.0
0.0
0.0
0.0010850553411664947
0.0
0.001467693717976466
0.0
0.0029551858227088524
0.0
-0.0010004788274571492
0.0
0.0
0.0
0.0
0.0
-0.00033179204254156925
0.0
0.0022631482926009964
-0.0007261140366510287
0.0
0.0
0.0
0.0
0.0
0.0
0.0
0.0
0.0006342035493765806
0.0
-0.0002039793931752416
0.0
0.0
0.0013868016267384025
0.0
0.0
0.0
0.0008818588140435672
0.0
0.0
-0.0004701146663419421
0.0
0.0008728492335147706
0.0
0.0
4.320464959469892e-5
0.0005613687566890631
0.0
0.0026767415756719037
0.0
0.0
0.0
0.0
0.0
0.0006455375202161304
0.0
0.0
0.0036741255272845557
0.0
0.0
0.0
0.0
0.0
-0.0002921645266292815
0.0011452508819030536
0.0
0.0
0.0
0.0016125543520166981
0.0008262318429341869
0.0
0.0
0.0
0.0
0.0
0.0
0.0
0.003281868275143493
0.0006151438296175936
0.0
0.0
0.005167930690640396
0.000810646626380255
0.00087381152261559
0.0
0.0
0.0
0.0007385825482932287
0.0
0.0007950216179763661
-0.0012611033306805298
0.0006383948550459099
0.0003787540975621564
0.0006330706766397036
0.002683807060858408
0.0
0.0
0.0
-0.0006234389842806262
0.0
0.0
0.0
0.0006318615425030134
0.0008111790125582709
0.001633886574308316
0.0
0.0
9.016528306300672e-5
0.0
0.0
0.0047245008760562045
0.0006761309515151057
0.0
0.0
0.0
-0.0013686012704114923
0.0
0.0026242544280989017
0.0
-0.00035172623652144166
0.0
0.0
0.0
0.0
0.0001516591451551571
0.0
0.0
0.0
0.004517047004988556
0.0
0.0
0.0
0.0
0.0
0.0
0.005191924307667346
0.0
0.0
0.0
0.0
0.0006417278248627376
0.0
0.0
0.002059425707964673
0.0
0.0
0.0
0.004362828071451489
0.0
0.0
0.0
0.0
0.0
