0.0
0.0
0.0
0.0
0.0
0.0
0.0
0.0
0.0
0.0
0.0
0.0
0.0
0.0019394790842596004
0.0025422659365653836
0.0
0.0
0.0
0.0
0.0
0.0
0.0
0.0020847948164015974
0.0
0.0
0.0008562918219074266
0.0008562636042501301
0.0
0.0
0.0006252642433499319
0.0009687177422471532
0.0
0.0
0.0016856261840640355
0.0
0.0
0.0015122905604619172
0.0
0.0
0.0
0.0
0.0
0.0
0.0
0.0009519288767953638
0.0003201538520164241
0.0
0.0005286093719636092
0.0
0.0
0.0
0.0005009336192010611
0.0
0.0
0.0
0.0
0.0008961377389206
0.0
0.0
0.0
0.0
0.0
0.0
8.375656493425782e-5
0.0
0.0
-6.09483654799368e-5
0.0
0.0
0.0007165826124052774
0.0
0.0
0.0
0.0
0.0
0.0
0.0
-3.188876826171511e-5
0.0
0.0008654368128080353
0.0
0.0
0.0
0.0008724566690638038
0.004706546458917507
0.0
0.0
0.0
0.0006371841646076065
0.001222102577324565
0.0
0.0006331494559079757
0.0
0.0
0.0
0.0
0.0
0.0
0.0
0.0
0.0008836755646455407
0.0
0.0
0.0
0.0
0.0017431300531820133
0.0
0.0
0.0
0.0
0.0
0.0
0.0
0.0021365459922177855
0.0
0.0
0.0
0.0036544603928381114
0.0006385300607777267
0.0005388559895786061
0.0033115114720863883
0.0
0.0
0.000463350874867353
0.0
0.0
0.0017556554322436968
0.002987754565457528
-0.00033096864381404315
0.0
0.0
0.0
0.0
0.0
0.0
0.0020626958502004853
0.0
0.0
0.0
0.0
0.0
0.0
0.0
0.0006218413709001401
0.0
-0.0006765293531329167
0.0
0.0
0.0
0.0
0.0006401136976623209
-0.00010980352814531175
0.002097925238054094
0.0
0.0
0.0
0.0009234552603923773
0.0
0.0
0.0
0.0
0.0
0.0009288517894973948
0.0
0.0
0.0
0.0
0.0
0.0005711028000852229
0.0
0.0
0.002005889252580134
0.0
0.0
0.0
0.0
0.0
0.0
0.0
0.0
0.0008241612397450387
0.0
0.0
0.000951940614537228
-0.0005555435199732752
0.0
0.0
0.0006175138254889315
0.0005086135536591838
0.00547608865522961
0.0
0.0006331096375734026
0.0
0.0
0.0017090897730009955
0.0006179725398057805
2.301299393062725e-5
0.000962717593951925
0.0030890172162291994
0.0
0.0025930513571752146
0.0
0.0
0.0015712716423451614
0.001628033741984961
0.0
0.0
0.0
0.0
0.0
0.0
0.0
0.0
0.0
0.0
0.0
0.0
0.0
0.0001752605075020178
-0.0005603280982274176
0.0022925562937301217
0.0
0.0
0.0009792500535650238
0.0017584473626949914
0.0
0.0
0.0009104782873225936
0.0
0.0
0.0
0.0
0.0009090073072453928
0.0
0.0
0.0
0.0010449834653679239
0.0010532311615205356
0.0006361326818679287
0.0
0.0006324306405755552
0.0
0.0
0.0
-0.0002763070538828314
0.004890801098998925
8.831099735178667e-5
-0.0014906834120042
0.0006311481489597961
0.0
0.0
0.0
0.0
0.0
0.0
0.0007912607762415122
0.0
0.0008361075476463086
0.0
0.0018619257900431578
0.0
0.0010105962820794957
0.0
0.0
0.001043010964611033
0.0
0.0
0.0
0.0
0.0
0.0
0.0
0.0
0.00010603524347450637
0.0
0.0010556224653928354
0.0
0.0
0.0
0.0
0.0
0.0
0.0
0.0
0.000605984310785266
0.0007954056922620211
0.0
0.0
0.00028899339230433266
0.0008827323985890231
-0.00011931714735399184
0.0
0.0023454254518129256
0.0
0.0008665061668891768
0.0
0.0
0.0
0.0
0.0008250765661030411
0.0
0.0
0.0
0.0
-0.00033788626629729923
0.0
0.0
0.0
0.0
0.0
0.0021261430170822202
0.0
0.0
2.7013093930926707e-5
0.0
0.0
0.000619382553414299
0.0
0.004866875209793734
0.0
0.0
0.0006343896491709248
0.000807687418583118
0.0
0.0008140167259965782
0.00038464509056661245
0.0
0.0
0.0
0.0
0.0
0.0
0.0
0.0
0.001051186751325493
0.000986010744020844
0.0008732716723449447
0.0
0.0
0.0
0.0
0.0
0.0
0.0
0.002799117803920954
0.004760315003298552
0.0
-0.0004985004394491028
0.0
0.0
0.0
0.0
0.0008614290649289663
0.0
0.0
0.0
0.0
0.0
0.0
0.0011236988448030396
0.0
0.0008699442468558304
0.0
0.0
0.001350793814434781
0.0
0.0
0.0007871701674218129
0.0007780498471860326
0.0
0.0
0.0
0.0
0.0
0.0
0.0
0.0
0.0
0.0
0.0
0.0
0.0
0.0
0.0
0.0
0.0
0.0036422460587535337
0.0
0.0
0.0
0.0008231010631257472
0.0010293465257905571
0.0
0.0
0.0
0.0
0.0
0.0
0.0
0.0
0.0
0.0
0.0
0.0009351928379218794
0.002650747517846021
0.0
0.0
0.0
0.0
0.0
0.005862580826248381
-0.00012442888579653985
0.0008587114509480528
0.0
-0.00041928937171040556
0.000921431977488668
0.0011886127286932192
-0.0003423503195926344
0.0008433877428959758
0.0003433018232900085
0.0
0.0008730465079172847
0.0001912891111830432
0.0008166129838648997
0.0
0.0
0.0
0.0
0.0006482559948711151
0.0
0.0
0.0
0.0
0.0
0.0
0.005690409211804888
0.0027698944427879293
0.00492011525020158
0.0
0.0
0.0
0.0
0.0
0.0
0.0
0.0
0.0008820324300733503
0.0
0.0
0.0
0.0
0.0008635754491138992
0.0
0.0
0.0006364667246632385
0.0
-0.0012465284670295797
0.0
0.0
0.00032863332193285835
0.0
0.0
0.0
0.0006143686208088267
0.0
0.0
0.0
0.0
0.0
0.0
0.0
0.0
0.0
0.0011661288454839643
0.0
0.005271301423235239
0.0
0.0
0.0
0.0
0.0
0.0
0.0
0.0
0.000432354561095786
0.0
0.001122460230033502
0.0
0.0
0.0
0.0
0.0
0.0
-0.0008405098078628264
0.0
0.0
0.0
0.0
0.0
0.0008204122641488602
0.0
0.0010524743845010977
0.0
0.0006306185487746638
0.0005023111801968534
0.0
0.0
0.0
0.0
0.0
0.0
0.0
0.0014640205262990303
0.0
0.0
0.0
0.0022755219901724375
0.0
0.0
0.0
0.0
0.0
0.0
0.0
-0.0009812133602247204
0.0
0.0
0.0
0.0010095982112584727
0.0
0.0
0.0
0.0
0.0
0.0
0.0
0.0
0.0
0.0
0.0
0.0
0.0
0.0
0.0
0.0
0.0
0.0
0.0009119519780805007
0.0
0.0
0.0
0.0
0.0
0.0
0.0
0.0
0.0
0.0006487083165270527
-0.00188193593166892
0.0
-0.001201222509659758
0.0056367435865215774
0.0009137931465341485
0.0
0.0008801512751351138
0.0
0.0014311210584131277
0.0
-0.0011441814546362624
0.0
0.0
0.0
0.0004906099385140789
0.0006315205273751779
-0.0009935410846910117
0.0
0.0
0.0
0.0
0.0
0.0
0.0009485063684625505
0.0
0.0
0.0
0.0
0.0
0.0
0.0008936742960450562
0.0
0.0
0.0
0.0
0.0
0.00249855978310534
0.0008781233043488698
0.0
0.0006783310655795653
0.0
0.00029981444766037424
0.0
0.0
0.0
0.0
0.0
0.0
0.0
0.0
0.0
0.0
0.0
0.000624349166012765
0.0
0.0
0.0
0.0
0.0
0.00016517523345847962
0.0
0.0
0.0
0.0
0.0
0.0
0.0
0.0
0.0
0.003657931673785053
0.0034916436883606246
0.0
0.0006241777093647162
0.0027491743957879502
0.0
0.0
0.0
0.003896251026644208
0.0029355952426851975
0.0
0.0
0.0
0.0
0.0
0.0008700607974477824
0.0
0.0
0.004420047377670288
0.0
0.0
0.0
0.0006364469595168385
0.0027530589876376453
0.002671138728929173
0.0
0.0006332826096556898
0.0
0.0
0.0
0.0
0.0
0.0
0.0
0.0
0.0
0.0
0.0
0.0
0.0
0.00036789534578675933
0.0009256788277867459
0.0
0.0007527911654438026
0.0
0.0
0.000521293606073667
0.0
0.0
0.001193672469232531
0.0
0.0
0.0
0.0
0.0
0.0
0.0
0.0
0.0
0.0019986256028286017
0.0
0.0
0.0
0.0
0.0
0.0
0.0
0.0
0.0
0.0
0.0
0.003596890651915214
0.0008513907952753668
0.0
0.0009823142860759377
0.0
-4.459080059175459e-5
0.0005451658512223555
-6.366108326090223e-5
0.0008728360127717966
0.0008555248454611893
0.0
0.0
-7.31415188225866e-5
0.0
0.0
0.0
0.0
0.0
0.0
0.0
0.0
0.0008618769878364663
0.0
0.0
0.0
0.0011923352629054807
-0.00011757979444710181
-0.00022021963397040372
0.0
0.0
0.0009266183931685151
0.0
0.0
0.0
0.0
0.0
0.0
0.0
0.0006229053694673462
0.00045913753009877795
0.0
0.0007939126614478502
0.0
0.0
0.0
0.0
0.0004915975837787776
0.0
0.0
0.0005430700400800194
0.00046267836271525996
0.0
0.0
0.0006278771906650712
0.0008887203127451239
0.00012794045312979733
0.0
0.0
0.0011789750781300927
0.0
0.0
0.0
0.0
0.0005302929183539313
-4.460975544370175e-5
0.0
0.0
0.0
0.0
0.0
-0.00034510154210474554
0.0
0.0
0.0
0.0
-0.00010243306159027625
0.0
0.0009246967662710461
0.0
0.0
-0.001155771200611618
0.0
0.002664638649819083
0.0
0.0
0.003833933103322994
0.0
0.0
0.0010277908153747532
0.0
0.0
-0.0011624239673156034
0.0
0.0
0.0
0.0
0.0
0.0007737613518576453
0.0
0.0
0.0006286696084374111
0.0
0.0
0.0
0.0
0.0
0.0
0.0
0.002330300716749201
0.0
0.001607657686740726
0.0006408822659768687
0.0
0.0
0.0
0.0009468323035276163
0.0
0.0
0.0
0.001084689522138833
0.0
0.0
0.0
0.0
0.0
0.0
0.0
0.0
0.0
0.0
0.0
0.0
0.0006359938983406175
0.0
0.0
0.0010700741242341252
-0.0008540884983390574
0.0
0.00033846674936787
0.0008967139715184158
0.0
0.0008294866477016863
0.0
0.0
0.0
0.0006386925608720191
0.0020548749715194993
0.00013828439671215035
0.000550721989955704
0.003099041380745783
0.0
0.0
0.0
0.0
0.0
0.0
0.0
0.0
0.0010094449537682143
0.0
0.0
0.0
0.0
0.0
0.0
0.0026216901744341775
0.0004443730021407394
0.0
0.0010167374169124954
0.0
0.0
0.0
-0.0007522921875101705
0.0
0.0009617160986228722
0.000571934125032371
0.0
0.0
0.0006323473246004673
0.0
0.0
0.0
0.00214027822741422
0.0
0.0
0.0
0.0
0.0
0.0
0.0
0.00039067196584510527
0.0
0.0
0.0
0.0
0.0012110317645693972
0.004762445643559738
0.003067340811115941
-0.0017427294621113832
0.0
0.0016360866735274187
0.0
-0.000775402037430568
0.0007752353059232668
0.0009077307765101817
0.0
0.0
0.000623737118453003
0.0
0.0
0.0
0.0
0.0
0.0
0.0
0.005337985523520563
0.002643923935778137
0.0
-0.00019502204944140758
0.0
0.0
0.0
0.004112720671629315
0.0
0.0
0.0
0.0
0.0003080242529195059
-0.001228018126006872
0.0
0.0009568145521064992
0.0008102103241632828
0.0
0.0
0.00415298174350307
0.0
0.0
0.0
0.0
0.0
0.0
0.0
0.0008224676817729489
0.0
0.0008693691028996833
0.0
0.004790407456251716
0.0
0.0
0.0
0.0
0.0
0.0
0.0009081214420775092
0.0
0.0
0.0
0.0017542075911801806
0.0
0.0
0.0
0.0
0.0008176426794036095
0.0
0.00024130867660940956
0.0002833095252342825
0.0
0.0
0.0
0.0
0.0
0.00037215043680648613
0.0
0.0
0.0
0.0
0.0
0.0
0.002795588667307946
0.0
0.0
0.0024064379340791964
0.0
0.0008817650480820159
0.0009521145938732347
0.0008399553834171853
0.0
0.0
0.0006293958950800001
0.0
0.0
0.0
-0.00018947419419165545
0.0
8.157866568865842e-6
0.0008724313637492032
0.0006318990554626602
0.0010378892354882686
0.0
0.0
0.001062153049122818
0.0
0.0
0.0
0.0
0.0
0.0
0.0
0.0
0.0007768791148078991
0.0007951683401914946
0.0
0.0
0.0
0.0006280117173879133
0.0
0.000679152527137769
0.0
0.000817848119779004
0.0
0.0006615840804384701
0.0
0.0
0.0
0.0
0.0
0.0
0.0006323906986907207
0.0019728556297510984
0.0
0.0006355677369116407
0.004683660377931038
0.0
0.0
0.0
0.0
0.0
0.0
0.0
0.0
0.001525372360400048
0.0
0.0
0.0
0.0
0.0
0.0
0.0
0.0
0.0
0.0
0.0
0.0
0.0008157074402122092
0.0
0.0
0.0008715883304002027
0.0
0.0006228615859284468
0.0
0.0009479375862816503
0.0
0.0015721541994871211
0.0
0.000611070883221773
0.0
0.0
0.0005634720173449256
0.0
0.0
0.0008570592176776993
0.0006497854114136821
0.0023844348157310248
0.0
0.0
0.0006273387874504663
0.0
0.0
0.0
0.0
0.0009978189837849124
0.0
0.0
0.0
0.0
0.0
0.0
0.0
0.0
0.0
0.0
0.0009012377406432629
0.0
0.0
0.0
0.0
0.0037118647302932704
0.0
0.0008620578886738042
0.0
0.0
0.0
0.0018345649988552896
0.0
0.0
0.0
0.0017421611339806466
0.0
0.0
0.0
0.0
0.0006299092350667324
0.0
0.0026784755115517966
0.004675912547905942
0.0
0.0
0.0
0.0007782875201364513
0.00062474062100974
0.0
0.0
0.0
0.001024938528645645
0.0017877978780830239
0.0008078990707514887
0.0
0.00040423961769275077
0.0
0.0
0.0
0.0
0.0
0.0
0.0
0.003530675631696326
0.0
0.0040957947041780456
0.0
0.0
0.0040300626649757785
0.0
0.0
0.0
0.004232843657880157
0.0
0.0
0.0
0.0
0.0
0.0
0.0006287454340002176
0.0
0.0
0.0
0.0
0.0
-5.915078583941365e-5
0.0
0.0
0.0
0.0
0.0
0.0
-0.000609232936799144
0.0008938194416695542
0.0
0.0008802872676866687
4.365890171549193e-5
0.0
9.993141773586515e-5
0.0
0.0
0.0
0.0
0.0009436508193745848
0.0
0.0009348882248975563
0.0008341123203105003
0.0008762031089499952
0.0
0.0009504675534535647
0.0
0.0
0.0
0.001409898554451363
0.0
0.0
0.0
0.0
0.0
0.0
0.0027218820150627394
0.0
0.0
0.0
0.0
0.0
0.0006270931868161861
0.0
0.0
0.0
0.0
0.0
0.0
0.004021857252630099
0.00031791264192588186
0.0
0.0010219555236727974
0.0005934688298673501
0.0
0.0008792318426908851
0.0
0.0
0.0
0.0006474355734789777
0.0016114851344914258
0.0
0.0
0.0
0.0
0.0
0.0
0.0
0.0
0.0
0.0
0.0
0.0
0.0
0.0008473758179526214
0.0
0.0
0.0
0.0
0.0
0.0006381565248902092
0.0
0.0
0.0
0.0006244200618304987
0.0
0.0
0.0
0.0
0.0033608108308485823
0.0
0.0008492316670527164
0.0
0.0
0.0006363035723931766
-0.0001292825107347344
0.0
0.0
0.0009072749814164709
0.0
0.0
0.0
0.002115584240033671
0.0
0.0
0.0008915697121799195
0.0006246261101921445
0.0
0.0023457006421821005
-0.0005602757085935693
0.0
0.0
0.0
0.0
0.0
0.0002868058876037184
0.0010622726645780152
0.0
0.0008429618653357996
0.0007900987379545818
0.0006251140209307891
0.0
0.0
0.0
0.0
0.0
0.0006383981691262903
0.0
0.0
0.0
0.0
0.0
0.0
0.0
0.0
0.0
0.0
0.0
0.0
0.0
0.0011100714152146786
0.0
0.0
-1.3449351498865577e-5
0.0
0.0
0.0009909510947384347
-5.532889506026586e-5
0.0
0.0
0.0
0.0
0.0
0.0
-0.00026830440255169296
0.0
0.0
0.0008595344156843277
-0.0006200197610779428
0.0
0.0
0.0
0.0
0.002328612774194116
-0.000467500094115788
0.0
0.0
0.0
0.0
0.0
0.0
0.0
0.0
0.0
0.000913996150121806
0.0
0.0
0.0
0.0
0.0
0.0
0.0
0.0
0.0008555130406186088
0.0
0.0
0.0
0.0
0.0
0.0
0.0
0.0
0.0030156779040763047
0.0
0.0
0.005428354938718268
0.0
0.0
0.0
0.0
0.0
0.0008235054964504896
0.0
0.0
0.0
0.0
0.0
0.0010350629348687551
0.0
0.0
0.0
0.0
0.0
0.0
0.0
0.0
0.0
0.0
0.00036872634707991466
0.0
0.0
0.0025972158387103234
-0.0001209597647578389
-0.0006189228751136205
0.001032846282991546
0.0
-0.0006512750250108953
0.0024333892686362597
0.0
0.0
0.0
0.0008494280485076914
0.0
0.0
0.0
0.0
0.0
0.0037279796770498734
0.001042388422268566
-0.0010546677709731484
0.0
-0.0004072370056467054
0.0
0.0
0.0
0.0006278279921053211
0.0
0.0
0.0011051837617675022
0.0
0.0
0.0009217614240382573
0.0
0.0
0.0
0.0
-8.257525755451285e-5
0.0
0.0
0.0
0.0
0.0
0.0
0.0
-0.00024594301084522737
0.0
0.00437329131340436
0.0009015720841120597
0.0010077166075232325
0.0
0.0
0.0
0.0
0.0
0.0
0.0
0.0
0.0
0.0
0.0
0.0
0.0
0.0
0.0008028721083885924
0.0006325710881394124
0.0
0.0
0.000640513104552095
0.0
0.004190073615866552
0.0
0.0
0.0
0.0
0.0
0.0
0.0
0.0
0.000635514313931538
0.0
0.0
0.0
0.0
0.0009760908665223334
0.0
0.0
0.0
0.0
0.0
0.0
0.0
0.0009233710727221717
0.0
0.000789654354345132
0.0
0.0
0.0
0.0
0.0
0.000982825449595446
0.0
0.0
0.0
0.0
0.0
0.0
0.000623935583639044
0.0008496782990844968
0.0006255191465861064
0.0
0.0
0.0048669878601221685
0.0
0.0
0.0
0.0
0.0004321381288791963
0.0
0.0
-0.0006542626412567716
0.0
0.0
0.0
0.0
0.0
0.0
0.0
0.0
0.0
0.0
0.0
0.0
0.0
0.0
0.0006302928828169623
0.0005211771559377963
0.0
0.0
0.0
0.000634072437765466
0.0
0.0
0.0
0.0
0.0
0.0
0.0006316105824471426
0.0
0.0
0.0
0.0
0.0
0.0
0.0
0.0
0.0
0.0
0.0
0.0
0.0
0.0
0.0
0.0003122711447096673
0.0
0.0005525368525674636
0.0
0.0
0.0
0.0
0.0
0.0008954398162497252
0.0
-3.310825111770371e-5
0.0
0.0
-3.9126286841256596e-5
0.0
0.0006312213252707251
0.0
0.005441527930245005
0.0
0.0
0.0
0.0
0.0037928544779101342
0.0
0.0
0.0
0.0
0.0
0.0
0.0011093234734344615
0.0005376255258636885
0.0
-0.001292983443348818
0.0008806910459544413
0.0006270837790939308
0.0
0.0
0.0
0.0
0.0029283726920350758
0.0
0.0
0.0
0.0
0.0006239156035558767
0.0
0.0
0.0
0.0
0.000858637777217254
0.0
0.0
0.0009876289803765139
0.0
0.0
0.0
0.0
0.0
0.0
0.0009021463181807484
0.0
0.0
0.0
0.0
0.0
0.0
0.0
0.0
0.0011171070111083226
0.0
-0.0010777709102343963
-0.00035788661384691825
0.0
0.0006383442343546969
0.0021573644645776447
0.0
0.0
0.003796098297650623
0.00036355321447642785
0.0
0.0008840281150670025
0.0
0.0
0.00605638697102101
0.0
0.0
0.0
0.0
0.0
0.0
0.0
0.0011757810958172993
0.0
0.0
0.0
0.0
0.0
0.0
0.0
0.0
0.0
0.0
0.0016320961632734362
0.0017264070615428601
0.0
0.0
0.0
0.0
0.0
0.0
-0.0002178519121163375
0.0
0.0
0.0
0.0
0.0
0.0
0.0
0.0006455215448615186
0.0008462351955563707
0.0
0.0
0.0
0.0
0.0
0.0
0.0
0.0
0.0
0.0
0.0
0.0
0.0
0.0006284944535815482
0.0
0.0
0.0
0.0
0.0
0.0029205370011421514
0.0
0.0
0.0
0.0
0.0
0.0
0.0
0.00022748858258054376
0.0
0.0
0.0009617440321403298
0.0
0.0
0.0
0.0
0.0
0.0
0.0
0.0
0.0
0.0
0.0
0.0
0.0
0.0
0.0
0.0
0.0
0.0
0.0
0.0
0.0029638831471267614
0.0
0.0
0.0
0.0
0.0
0.0
0.0
0.0
0.0
0.0
0.0
0.0025906582192007682
0.0
0.0
0.0
0.0
0.0
0.0
0.0
-0.00016843688057607885
0.0
0.0
0.0
-0.00040240782829073203
0.0006420527255758667
0.0
0.0
0.0
0.0009331055000773219
0.0
0.0009600403917697042
0.0008318671214954504
0.0
0.0
0.0
0.0
0.0
0.0
0.0030795782175925437
0.0
0.0
0.0
0.0
0.0
0.0
0.0
0.0
0.0
0.0
0.0
0.0
0.0
0.0
0.0
0.00019425857121459775
0.0
0.0
0.0
0.0021947202728078027
0.0
0.0
0.0
0.0
0.0
0.0
0.0
0.0
0.0
0.0
0.0
0.0
0.0
0.0
0.0
0.0
0.0003284850077717207
0.0
0.0
0.0
0.0
0.0
0.0
0.0
0.0
0.0
0.0
0.0006624852076045985
0.0
0.0
0.004347139730734077
0.0
0.000895720549763871
0.0
-0.0009234110520596516
0.0
0.0
0.0
0.0
-0.00035396116218376855
0.0
0.0
0.0
0.0
0.0
0.0
0.0
0.0
0.0
0.0029075883585890417
0.0
0.0004132961325932339
0.0
0.0042477895245964
0.0008096241565842789
0.0
0.0
0.0
0.0
0.0
0.0
0.0
0.0
0.0
0.0
0.0
0.0
0.00012911760308633276
0.0
0.0
0.000619498681928195
0.0
0.003141637641405904
0.0008636295064713781
0.0
0.0
-0.001253117253639803
0.0011224490698173684
0.0
0.0
0.0015929076047284405
0.0
0.0011569544815928539
0.0011116009033001984
0.0008099604946593886
0.0
-0.001027684253701616
0.0
0.0
0.003121622360422866
0.0009624924916619579
0.0
0.0
0.0013782233657805342
0.0006298350618032886
0.0
0.0006300497328054621
0.0
0.0
0.0
0.0
0.0
0.0
0.004387453640707711
0.0006423583219129008
0.0
0.0
0.0
0.0
0.0
0.0
0.0
0.0006275118233200508
0.0
0.0006456238978361164
0.0
0.0002058869409655135
0.0
0.0022325250683309914
0.0
0.0
0.0
0.0006314102730051083
0.0031549914186450134
0.0006309864401586243
0.003101506831272159
0.0
0.0
0.00260197079250585
0.0
0.0
0.0
0.0
0.0
0.0008760280021217317
0.001456039579096804
0.0
0.0008719652955019135
0.0
0.0018570512863328936
0.0
0.0
0.0
0.0010634028352256126
0.0
0.0
0.0
0.0
0.0
0.0
0.000732437663097861
0.0
0.0
0.0
0.001951509432793689
0.0
0.0008361016780811195
0.0
0.0
0.0
0.0
0.0
0.0
0.0
0.0
0.0
0.0
0.0
0.0008818852836729583
0.0003812378564305384
0.0038609011046361053
0.0
0.0
0.0
0.0
-0.00014484875882988472
0.0
0.0006311277245917585
0.0
0.0
0.0
0.0
0.0
0.0
0.0
0.0
0.0
0.0
0.0
0.0
0.0
0.0
0.0
0.0
0.0
0.0
0.0001362589247443466
0.0
0.0
0.0
0.0
0.0
0.0007562670689118267
0.0
0.0
0.0
0.0
0.0
0.0
0.0
0.0029500689742593005
0.0
0.00013148983035829098
-0.0005449809209825299
0.002010179314064638
0.001256772638273137
0.0
0.0
0.0
-0.0012338553902535704
0.0
0.0
0.0
0.0
0.0
0.0
0.0002832868277738092
6.766533355338981e-5
0.0
0.0025982970935994392
-0.000587360343929702
0.0
0.0
0.0016167442819347308
0.0
0.0
0.0
0.0
0.0
0.0
0.0
0.0
0.0
0.0
0.0
0.0
0.0
0.0
0.0
0.001102630263579527
0.0
0.0
0.0
0.0
0.0
0.0
0.0
0.0
0.0009158010456952419
0.0
0.0
0.0
0.0
0.0
0.003866808631017522
0.000271980598937784
0.0
0.0
0.0
-0.0008221952607094022
0.0
0.0019650605655305523
0.0
0.0
0.0008265343570302699
0.0
0.0010061284187890878
0.0
0.0
0.0
0.0
0.002634587676291882
-0.0006216607477338916
0.0
0.0006311749189539126
0.0
0.0
0.0
0.0
0.0
0.0
0.0
0.0
0.0
0.0
0.0
0.003511964195415615
0.0006208521165630339
0.0
0.0009677674356028217
0.0
0.0008985268879863285
0.0
0.0027751077661047185
0.0
0.00030224441361418404
0.0017753593867900184
0.0
0.0
0.0
0.0008031062772365844
0.0
0.0
0.0
0.0021797557906129343
0.0
0.0006228882654549595
0.0
0.0
0.0
0.0
0.0007512212396458754
0.0
0.0
0.005431560583548374
0.0
0.0
0.0
0.0
0.0009067277913112476
0.0
0.0019257991609723838
0.0
0.0
0.0
0.0008739910710481351
0.0
0.0
0.0
0.0
0.0010335339953683553
0.0
0.0
0.0
0.0
0.0
0.0
0.0034560332980031676
0.0
0.0
0.0008758330138335561
0.0023649624906666067
0.0
0.0
0.0
0.0029216380910764427
0.0
0.0
0.0
0.0009888291100886052
0.0
0.0
0.0
0.0
0.0
0.0
0.0
0.0
0.00021264103874579296
0.0
0.0027737789683480664
0.0
0.0
0.0
0.0
0.0
0.0
0.0
0.0
0.0
0.0
0.0
0.0
0.0
0.000638029351151323
0.0
0.0
0.0
0.0
0.0
0.006872900360772564
0.0
0.0
0.0
0.0
0.0
0.0
0.0
0.0008448032745122246
0.0
0.002565121761431224
0.0008298876236641796
0.0008551099420193988
0.0
0.0
0.0
0.0009054607270171083
0.0
0.0
0.0
0.0
0.0
0.0
0.0
0.0
0.0
0.0
0.0
0.0
0.0
0.0006376574638207134
0.0
0.0
0.0
0.0
0.0
0.0
0.0
0.0009561820632705297
0.0
0.0
-0.0004956299890097346
0.0
0.0
0.0
0.0
0.0
0.0
0.0
0.0004793577193982323
0.0010396582453230487
0.0
0.0007375478722843524
0.0006314849210692692
0.0
0.0
2.9908197077511092e-5
0.004748501887773873
0.0031561473756357376
0.0006244162620589752
0.0
0.0
0.0
0.0
-0.0001435025698707467
0.0
0.0
0.0006246582689666134
-0.0004003085586261805
0.00016525441747355742
0.0
0.0
0.005342298980266524
0.0006357198355160675
0.002820740763607352
0.0
0.0
0.0008547161766685237
0.0
0.0
0.0
0.0
0.0
0.0
0.0
0.0
0.0
0.0010490693700091183
0.0008715001918044972
0.0
0.00029027460537906885
0.0011002747145979913
0.0
0.0
0.0
0.0
0.0
0.0
0.0018652377676231064
0.0
0.0
0.0
0.0
0.0
0.0024030207221473906
0.0
0.004826239398373483
0.0
0.0
0.0
0.0
0.0010764526394247288
0.0008256016921572358
0.0
0.0
0.0
0.0
0.0
0.0
0.0
0.0
0.0007107418987645281
0.0
0.0008136997850895051
0.0
0.0
0.0
0.0
0.0
0.003475091798444834
0.0
0.002425623889768479
0.0
0.0
0.0006347221111494298
0.0
0.0
0.0
0.0008412590528244884
0.004497791650879922
0.0
0.0
0.0
0.0
0.0
0.0006431966863555402
0.0
0.0
0.0008977305395508258
0.0
0.00017975105727920695
0.0
0.0
0.0010529263610537807
0.0044424433816063705
0.0
0.0
0.0
0.0
0.0
0.0
0.0008303396325216443
0.0008270043636971295
0.0009304998908538384
0.0
0.0
0.0
0.0
0.0009033563905414446
0.002283048137787553
0.0
0.000625963064036627
0.0004582774476493721
0.0
0.00018319867250556754
0.0
0.0
0.0
0.0
0.0
0.0
0.004235156587280213
0.0
0.0
0.0
0.0005193159458776935
0.0
0.0
0.0
0.0
0.0
0.0
0.0
0.0
0.0021036055434429106
0.0
0.0009226693946142341
0.0
0.0006238471180915934
0.0006335019978376656
0.0012215559889402498
0.0
0.0
0.0
0.0
0.0
0.0
0.0
0.0
0.0
0.0002597013293850217
0.0010764388636054136
0.0
0.0
0.0
0.0006404414334515269
0.0
0.0
0.0006343566287706747
0.0
0.0
0.0
0.0
0.0
0.0
0.0
0.0001743058514791731
0.0
0.0
0.0
0.0013004022318421707
0.0
0.0
0.0
0.0
0.0006293756825236138
0.0012222909013293985
-0.00030168866921620994
0.0
0.0
0.0
0.0
0.0
0.0
0.0
0.0
0.0
0.0
0.002437463058509887
0.001008445515849554
0.0
0.0
0.0008819897621865561
0.0
0.0
0.005062659496548983
0.0
0.0
0.0
0.000902520640925227
0.0
0.0
0.0029229759685577943
0.00012617337123838027
0.0
0.0006325402561225976
0.0
0.0008590022441936333
0.0
0.0
0.0008860998308985492
0.001060700193963769
3.69070193382331e-5
0.0
0.0
0.0
0.0009341280751390917
0.0
0.006459126061871321
0.004304435607489849
0.0
0.0
0.0
0.0
0.0008449485960256253
0.0
0.0
0.0
0.0006610138168880929
0.0
-0.000971758044494282
0.0
-0.0006545019025582339
0.0
0.001053485680118299
0.0
0.004764270292564659
0.0
0.0009787679728297538
0.0
0.0
0.0010962389715817539
0.00041493970928037187
-0.0003376618430665587
0.0006337939092715087
0.0
0.0
0.0
0.0
0.0
0.0
-0.00035786314616614916
0.0008225371171306061
0.0
0.0
0.0008127009447508986
0.000953508218861655
0.0
0.0
0.0
0.0010355594036732404
0.0013057820150805524
0.0
0.0
0.0009167147737434196
0.0
0.0
0.0
0.0
0.0
0.0
0.0
0.0
0.0
0.0
0.0
0.0009397211901169883
0.0
0.0
0.0
0.0
0.0006001023354310715
0.0
0.0009680252498878739
0.0008701760026352027
0.0012003251490926286
0.0
0.0
0.0009770716597855846
0.0
0.0
0.0006671610727134961
0.0018134279882871186
0.0
0.0
0.0
0.0
0.0
0.0
0.0
0.0
0.0
0.0010098369571298652
0.0
0.0
0.000995605201492531
0.0
0.0
0.0
0.0
0.0
0.0
0.0
0.0
0.0008795181282796348
0.0
0.0
0.0
0.0
0.0
0.0
0.0
0.0
0.0
0.0
0.0008354920988056222
0.0009388788213363761
0.0
0.0
0.0018540050863694413
0.0
0.0
0.0
0.0
0.0
0.0
0.002958850124411027
0.0
0.0008141419953525827
0.0
0.0033655943508478668
0.0009849941491139606
0.0
0.0
0.0
0.0
0.0
0.0
0.0
0.0
0.0008082517035853471
0.0
0.0
0.0004957740418260376
0.0
0.0
0.0
0.0009812418575235056
0.0
0.0
0.0
0.0032510094961708475
0.003295943589196757
0.0008105170155206614
0.0
0.0
0.0
0.0
0.0
0.0
0.0
0.0
0.0
0.0
0.000916878311800597
0.0
0.0
0.0
0.0
0.0
0.0009044831108921228
0.0
0.0
0.0
0.0
0.0
0.0
0.0
0.0
0.0020905956320737304
0.0006311653215852162
0.0
0.0
0.0
0.0
0.0
0.0019477071265081834
0.0
0.0
0.0
0.0
0.0
0.0
0.0
0.0
0.0
0.0
0.0
0.0
0.0
0.0
0.0
0.0
0.0
0.0006228209785559673
0.0
0.0034298562248527894
0.0006428400893350491
0.0
0.0
0.0
0.0
0.0008048907496962239
0.001009984920717112
0.0
0.0
0.0
0.0006293438022864609
0.0
0.0
0.0
0.002478951021427987
0.0
0.0
0.0011298601052458603
0.0006289701463294822
6.005945768729544e-5
0.0
0.0
0.0
0.0004814295718080556
0.0
0.0040268073906235295
0.0
0.0
0.0
0.0
0.0006406577165842519
0.0003443768749105072
0.0
0.0
0.0
0.0
0.0
0.0010327901126908304
0.0
0.0
0.0
0.0
0.0
0.0
0.0
0.0
0.0
0.0
0.0
0.0
0.0
0.0
0.0008042855876965687
0.0
0.0
0.0
0.0016004753127831083
0.0
0.0
-0.00036616389934689966
0.0
0.0
0.0
0.0
0.0007809507110033813
0.0
0.0
0.0
0.0
0.0
0.004868162164912154
0.0026986585822232497
0.0
0.0
0.0
0.0
0.0009341276218024019
-9.22876491137413e-5
0.0
0.0
0.0
0.0006320900704108597
0.0
0.0
0.0
0.0032859025292538593
0.0
0.0008193937631143478
0.0
0.0
0.0
0.0009256852202282447
0.0
-0.00023477715258264216
0.0
0.0
0.004385540079605208
0.0
0.0009509229947754298
0.003708663389298255
0.0
0.0
0.0
0.0
0.0
-0.00016331171186803899
-0.0007760610554074479
0.0
0.0
0.001343506704289201
0.0
0.0003854376198136652
0.0
0.0003306957872181419
0.0
0.0
0.0
0.0
0.0
0.0010457846855405997
0.0
0.0
0.0
0.0012276820427203593
0.0
0.0
0.0
0.0
0.0
-0.0005475372492531775
0.0
0.0
0.0
0.0
0.0
0.0
0.0
0.0
0.0
0.0
0.0
0.0
0.0
0.0
0.0
0.0
0.0
0.0
0.0
0.0
0.0
0.0
0.000851277191802069
-0.0007151810354663521
0.0
0.0010270098622667597
0.0
0.0
0.0009199500960159461
0.005611458143437348
-0.000861688671831273
0.0008378071704116984
0.0
0.0
0.0
0.0034887968962631685
0.0
-0.0005306258150961192
0.0
0.0
0.0
0.0
0.0005961310975994994
0.0
0.0
0.0
0.0
0.0010044736105554047
0.0009062773018713955
-0.0003677569198449128
0.0
0.0
0.0
0.0
0.003869632885558906
0.0
0.0
0.0
0.0
0.0
0.0
0.0
0.0
0.0
0.0
0.0
0.0
0.0
0.0
0.0
-0.0009782647944524675
0.0
0.0
0.0
0.0
0.0
0.0
0.0
0.000637729637514936
0.0
0.0
0.0
0.0010495462060061255
0.0
0.0006302689536083419
0.0
0.0
0.0
0.0
0.0006169347856487241
3.302056895236992e-5
0.0
0.0
0.0
0.0
0.0
0.0
0.0004027396665464895
0.0
0.0
0.0
0.0
0.0
0.0
0.0009539231139671846
0.0
0.0
0.0
0.0
0.0
0.0
0.0
-0.0008836243156879094
0.0011786333885470623
0.0
0.0
0.0
0.0
0.0
0.0
0.0009437063779568285
0.0
-0.0008867191339140684
0.0
0.0010193841933075444
0.0
0.0
0.002034916877371902
0.0
0.00022107235869994003
0.0027098410403430598
0.0
0.0
0.0
0.0
0.0
0.0
0.0
0.0002463162746625832
0.0
0.00018411478479450852
0.0
0.0
0.0
0.0005957868867888326
0.0013293874143694216
0.0011425135074852842
0.0
0.0
-5.8784214962245776e-5
0.0
0.0
0.0026077973444522417
0.0
0.0
0.0013776778775319663
0.0
0.0
0.0
0.000883457800688016
0.0
0.0
0.0
0.0
0.0
0.0
0.0
0.00034305921008994994
-0.001195907773798707
0.0
0.0
0.0
0.0018220823514074117
0.0
0.0
0.0
0.0
0.0
0.002464139569772963
0.0
0.0
0.0
0.0
0.0
0.0006299810415005481
0.0
0.0
0.0
0.0
0.0
0.0009504277779402469
0.0
0.0
0.0008722227506369293
0.000868871416403891
0.0005250421123225062
0.0
0.0
0.0
0.0
0.0
0.0
0.0
0.0
0.0
0.0
0.0
0.0008838679068494913
0.0010138338317505762
0.0
0.0010536415852656484
0.0
0.0
0.0
0.0006374735153509933
0.0
0.0
0.0
0.0006276432796595466
0.0
0.0
0.0
0.0
0.000557188398707848
0.0
0.0
0.0
0.0
0.0
0.0
0.0
0.0
0.0
0.0
0.0
0.0
0.004950046496765315
0.0
0.0010179047355083882
0.0
-0.0001988691318097344
0.0007548094203352444
0.0
0.0009618935303865173
0.0
-0.0014473048474739814
0.0
0.0
0.0008423784817117665
0.0
0.0
0.0015306818889284429
0.0
0.0
0.0
0.0
0.0
0.0
0.0
0.0
0.0006346586485043643
0.0
0.0
0.0009559848336728891
0.0016447087076763261
0.0
0.0
0.0011198361545424018
-1.8676342107305418e-5
0.0
0.0
0.0
0.0
0.0
0.0
0.0
0.00042223269955489527
0.0
-0.0004556955387961369
0.0006176170313774085
0.0
0.0006355067462415207
0.0006298212892864377
0.0
0.0006315326153408416
0.0
0.0
0.0
0.0
0.0008371149878838581
0.0
0.0
0.0
0.0
0.0
0.000816526712860695
0.0
0.0
0.0007856261845794509
0.0
0.0006292829445738379
0.0
0.00098530913823504
0.0
-0.00038395843092003257
0.0008821728237014397
0.0
0.0
0.0
0.0
-0.0005204084638586784
0.0
0.0
0.0008419026616289024
0.0
0.0
0.0004911719016294871
0.0
0.0008678245262551159
0.00047116847961482566
0.0
0.0
0.002579718349389043
0.0
0.0
0.0
0.0
0.0
0.0009234699339763308
0.0
0.0
0.0
0.0
0.001151805559444112
0.0
0.0
0.0009502333133805277
0.0
0.0
0.0
0.0
0.0009046879747053425
0.0
0.0
0.0
0.0008911790855333547
0.0
0.0
0.0
0.0
0.0014737993983772026
0.0
0.0
0.0
0.0
0.0
0.0
0.0
0.0
0.0
0.0
0.0008580438617679363
0.0006252891509724156
0.0
0.0008849335740952295
0.0
0.0
0.0
0.0
0.0006359181518714265
0.0
0.0
0.0
0.0
0.0
0.0004392226877638398
0.0
0.0
0.0
0.0008815786365917826
0.0009551862301255097
0.0006408809841620496
0.0
0.000813759591024868
0.0
0.0008839972054864592
0.0005032844953766223
0.0
-0.0005798649508245692
0.0
0.0034156441938264373
0.0
0.0034316625399898708
0.0
0.000968487185657816
0.0
0.0
0.0
0.0
0.0
0.0008052314387486039
0.0
0.0
0.0
0.0
0.0
0.0
0.0006326306386231159
0.0
0.0
0.0
0.0
0.0
0.0
0.0010672518525091782
0.0
0.0
0.0010033221400139625
0.0
0.0
0.0006394217803078848
0.0
0.0004520966927956847
0.0008057531133005943
0.0
0.0
0.0
0.0
0.0
0.0
0.0
0.0
0.0
0.0
0.0
0.0010756425251938467
0.0
0.0
0.0009529597795977161
0.0
0.0
0.0
0.0
0.0
0.0009732687767921288
-0.00013912359659552125
0.0
0.0
0.0
0.0
0.0
0.004879170934675135
0.0
0.005144054188518366
0.0
0.0
0.0
6.848964558904354e-5
0.0
0.0
0.0
0.0
0.0
0.0
0.0
0.0
0.0
0.0
0.0
0.0
7.881673193022124e-5
0.0
0.0
0.0
0.0
-0.00013998782555288853
0.0
0.0
0.0
0.0
0.0
0.0
0.0
0.0
0.0
0.0016213856374384847
0.0008847392664106347
0.0
0.0008243324094118873
0.0
0.0
0.005154751107456172
0.0
0.0
0.0006233439457942148
0.0
0.0
0.000832652104301632
-0.0003205529890289764
0.0
0.0
0.0
0.002968509403207782
0.0
0.0
0.0
0.0
0.0
0.0
0.0
0.0
0.0
0.0
0.0032781862136137194
0.0006227204057263687
0.0
0.0
0.0
0.0
0.0
0.0
0.0006640965070090714
0.00031046461122364184
0.0
0.0
0.0009133457162400151
0.0
0.0
0.0006214860771298706
0.0
0.0
-0.0007016538723480535
0.0
0.0013812885473359843
0.0
0.0
0.0
-0.0004377490857736885
0.0
0.0009837289026671738
0.0
0.0
0.0
0.0
0.0
0.0
0.0
0.0
0.0009829750987657116
0.00236019747542739
0.0
0.0
0.00025642988377048216
0.0
0.0
0.0
0.0
0.0006385813530226174
0.0
0.0
0.0006881733419722561
0.0
0.0020041126766410793
0.0
0.0
0.002649261799628264
0.0010713578027281435
0.0
0.0
0.0
0.0
0.0
0.0
0.0
0.0011188947899585398
0.000596117034705794
0.0
0.0
0.0
0.0009002670840778234
0.0
0.0
0.0003444856407092118
0.0
0.0
0.0
0.0
0.0
0.0
0.0
0.0
0.0
-0.0006534406219152651
0.000357096291775464
0.0
0.0
0.0011796782318644111
0.0
0.0
0.0
0.0
0.00012400317794844203
0.0
0.0
0.0
0.0
0.004004934396469748
0.0
0.0
0.0
0.0006355434043697539
0.0
0.0
0.0
0.0
0.0
0.0
0.0
0.0
0.0
0.0
0.0006270492778292725
0.0
0.0
0.0
0.0
0.0022418544030643295
0.0
0.0
0.0
0.00019912812586647354
0.0
-0.00042258384894642377
0.0012594008828309168
0.000768214126438653
0.0
0.0034562370439046807
0.0
0.002316670008072606
0.0
0.0
0.0
0.0
0.0
0.0
0.0007127078576055634
0.0
0.0
0.0
0.0
0.0
0.0
0.0
0.0009914446218410831
0.0
0.0
0.0
0.0
0.0
0.0
0.0
0.0
0.0
0.0
0.0
0.0
0.0
0.0
0.00032279323974318373
0.0
0.0
0.0
0.0
0.0
0.0
0.0
0.0009147569670965733
0.0
0.0
0.0
0.0
0.0
0.00043793566096442813
0.0
0.0
0.0
0.0
-0.00013089062400929762
0.0
0.0
0.0
0.005151740780713997
0.0
0.0031263407927370366
0.0
0.0
0.0
0.000911861849289297
0.0
0.0
0.0
0.0
0.0008229116628130286
0.0020437538204944863
0.0
0.0
0.0
0.0030113198094805583
0.0
0.0008558595215109765
0.000967723041725597
0.0
0.0
0.0005954629221787343
0.0
0.0006304753819311777
0.0
0.0
0.0
0.0
0.0
0.0
0.0
0.0
0.0
0.0
0.0
0.0
0.0
0.000637420586586759
0.0
0.0
0.0
0.0003141502936425779
0.0
0.0
0.0
0.0
0.0
0.0
0.0007173397997124195
0.0
0.0
0.0010666043758979459
0.0014022491002534119
0.0
0.0006431937167138371
-0.00023804512233098704
0.0
0.0006335790724242915
0.0
0.0
0.0010809252783882176
0.0
0.0
0.0
0.0006278009847968723
0.0
0.0
0.0
0.0
0.0
0.00023930240460938063
0.0
0.0
0.0
0.0006227608893440769
0.0
0.0
0.001965085603515986
0.0
0.0
0.004286131080887129
0.001197126745075487
0.0
0.0
0.0
0.0
0.0006227333470876016
0.0
0.0
0.0
0.0006386840411380424
0.0
0.0031689396333656277
0.0
0.0
-0.00022676207600698142
0.0
0.0008817394382257407
0.0
4.132975438717028e-5
0.0
0.0
0.0
0.00012642990416571843
0.0
0.0
0.0
0.0
0.0
0.0007954100298597407
0.0
0.001835010601153944
0.0
0.005223903358147766
0.003454863949843441
0.0
0.0
-0.001035384695585062
0.0
0.0
0.0
0.0
0.0
0.0008698204260985178
0.0
0.0
0.0014979915163085028
0.0
0.0
0.0
0.0
0.0
0.0
0.0
0.0
0.0
0.0
0.0006370971640111309
0.0
0.0
0.0
0.0
0.0
0.0
0.0034224633302361667
0.0
0.0
0.0
0.0
0.0007895949283557073
0.0
0.0
0.0
0.0
0.0
0.0
0.004727796640226241
0.0
0.0
0.0001354307711563115
0.0011030656749287096
0.0
0.0
0.0
0.0
0.0
0.0009447370081234916
0.0
0.0
0.0
0.0008786935177833801
0.0
0.0
0.0
-0.0005382398354010327
0.0
0.0
0.0
0.0
0.00035065535896765737
0.0006344657530899783
0.0007759016162443631
0.0008183176536580657
0.0
0.0
0.0
0.0
0.0
0.0
0.0
0.002521073573250866
0.0
0.0
-0.00072823615040518
0.0
0.0006217118330147131
0.0
0.0007570025893494096
0.0
0.0
0.0
0.0006995489584406011
0.0010432465467648643
0.0
0.0007020514445315353
0.0006199470098353719
0.0
0.0
-0.00010959807301673905
0.0
0.0006269519913158079
0.0
0.0
0.0006320793684086242
0.0
0.0
0.0
0.0
0.00044461776074870965
0.0012361191451362673
0.0
0.0
0.0
0.0
0.0025482494745885
0.0
0.0008947995962840465
0.004594243569792174
0.0
0.0
0.0
0.0
0.0
0.0
0.0
0.0
0.0
0.0
0.0006326665865334104
0.005424068151984096
0.0
0.0
0.005376284051586379
0.0
0.0
0.0
0.0026896150561712797
0.0
0.0
0.0
0.001126573435971045
-0.0005376248544259086
0.0009835321570033305
0.0005195321490330671
0.0
0.0
0.0
0.0
0.0
0.0
0.0
0.0006252780293197972
0.0
0.000837583547123432
0.0
0.0
0.0
0.0012430641065155961
0.0
0.0
0.0
0.0031321647124843907
0.0
0.0
0.0
0.0
0.0
0.0010774818627139401
0.0
0.000911812852835676
0.0
0.0
0.0006375841449611983
0.0
0.0
-0.0008094559207317412
0.0
0.0006291792522332014
0.0006000696788476447
0.0
0.0
0.0
0.0
0.0
0.0
0.0
0.0
0.0
0.0
0.0
0.0
0.002659948703225418
0.0
0.0
0.0
0.0
0.0
0.0
0.0
0.0
0.0
0.0006321999825685719
0.0
0.0004651377956594015
-0.00013845803213463262
0.005251002791064995
0.0
0.0
0.0
0.0006290107688054724
0.0
0.0
0.0
0.002602458141239296
0.0
0.0
0.0
0.0009190048432711707
0.0
0.0
7.31445389054147e-5
0.000631609441273138
0.0
0.0
0.0
0.0
0.002933759788195979
0.0
0.0
0.0
0.006485135862697379
0.0
0.0
0.0016931477219331575
0.0
0.0
0.0
0.0006739390486869903
0.0
0.0
0.0005590385237461981
0.0
0.0
0.0
0.0009018536783357254
0.000240874027183714
0.0
0.0
0.0
0.0
0.0
0.0
0.0
0.0
-0.0006169584089322838
0.0
0.0
0.0009032888885930055
0.0
0.0009549353028646294
0.0
0.0
0.0
0.0
0.0
0.0
0.0010699951432709073
0.0006225511962475652
0.0
0.0
0.0
0.0
0.0
0.0
0.0
0.0
0.0
0.0
0.0008290111571770656
0.0
0.0
0.0
0.0010344867349444792
0.0005694430369551129
0.006424014637158656
0.0006398318002625249
0.00023111936989763667
0.0
0.0007993035274942465
0.0
0.0
0.0
0.0
0.0
0.0
0.000968724564123268
0.0010635296939342847
0.0
0.0
0.0
0.0
0.004036135446097812
0.0
0.0030875214235364587
0.0
0.0
0.0010296737118068138
0.0
0.0009593564403498886
0.0006392589736708439
0.0
0.0
0.0
0.0
0.0
0.00117829768614966
0.0
0.0
0.0
0.0010332544896223593
0.0
0.0009678546550437597
0.0
0.0
0.0
0.000625368626363791
0.005381311810131431
0.0
0.0009556760443878617
0.00046165117072370133
0.0010888766368752955
0.0
0.0
0.0
0.0
0.0
0.0
0.0
0.0
0.0
0.0
0.0
0.00064602118522059
0.00023037393257930233
0.0
0.0
0.0010066371033017794
0.004690284538824742
0.0
0.0
0.0034131676521821494
0.0
0.005010734423361772
0.0006278064762499359
0.0
0.0
0.006521852349180503
0.005122279210320149
0.0
0.0
0.0
0.0
0.0
0.00095611430423932
0.0
0.0
0.0
0.0
-0.0002973689863859198
0.0006166246563403769
0.000631511531020291
9.11199569928639e-5
0.0
0.0
0.0
-0.00045468238000740877
0.0057208817360193745
0.0
0.0
0.0
0.0
0.0
0.0
0.003583463212346407
0.0
0.0
-0.0003291036208764162
0.0
0.0
0.0
0.0
0.0
0.0
0.0
0.0
0.0
0.0
0.0
0.0025232151884749007
0.0019821304915559204
0.0
0.0
0.0
0.0
0.0
0.0
0.0
0.0
0.0
0.0
0.0
-9.424867306419929e-5
0.0
0.0
0.00025414823787032125
0.0
0.0008679333138025563
0.0
0.0
0.0
0.0
0.0
0.0
0.0
0.00023280501856799498
0.0006339712414539136
0.0
0.0
0.001034663291063097
0.0
0.0
0.0
0.0001826162868115473
0.0
0.0
0.0008312246635745058
0.0
0.000631460064623039
0.0005373305836028954
0.0006404590994739332
0.0
0.003919269247138747
0.0
0.0
0.0010159211193532759
0.0
0.0
0.0
0.0
0.0
0.0010816040850168776
0.0
0.0
0.0
0.0
0.0
0.0
0.0
-0.0001916037830648141
0.0
0.0
0.0
0.0
0.0
0.0
0.0
0.0
0.0
0.0
-0.0005115452365489986
0.0
0.00041366692680931216
0.00026005551303065813
0.0008278403424848957
0.0
0.0006390565070984594
0.0008902663910104496
0.0
0.0
0.0
0.0
0.0
0.0
0.0
0.0
0.0
0.0006288945205406897
0.0009176505749833909
0.0
0.0
0.0
0.0
0.0006258122223187218
0.0
0.0
0.0009541570121343154
0.0
0.0007596956697162201
-0.00030004404812172797
0.0027099306793926157
0.0008727203895569108
0.0
0.0
0.0
0.0
0.0
0.0022816117106230576
0.0
0.0
0.0
-0.0002764552024950306
0.0
0.0007235366429818597
0.0
0.001115231533256734
0.0
0.0
0.0
0.0
0.0
0.0011314280462672683
0.002126541848646919
0.0009207471687639714
0.0
0.0032906757480216597
0.0
0.0
0.0
0.0
0.0010611433020652598
0.0
0.0
0.0
0.0
0.0
0.0
0.0
0.0
0.0
0.0
0.0
0.0
0.0
0.0
0.0
0.0
0.0008927249726537271
0.0
0.0009204577042554046
0.0
0.0
0.0
0.0
0.0009066088990140076
0.0
0.0
0.0
0.0
0.0004746158748612968
0.0
0.0
0.0
0.000423172725463976
0.0
0.0
0.0
0.0
0.0
-1.6300766237786236e-5
0.0006295581555715353
0.0
0.0008369725048912882
0.0
0.0012451174230172861
0.0
0.0
0.0
0.0
0.0
0.0
0.0009584644024614849
0.0
0.0
0.0
0.0
0.0008428341492550684
0.0
0.0007836189364712705
0.00018650112815115955
0.0
0.0
0.0
0.0
0.0
0.0
0.0
0.0
0.0
0.0
0.0
0.0
0.0
0.0
0.0
0.0
0.0
0.0
0.0
0.0
0.0
0.0
0.0
0.0
0.0
0.002505236151364578
0.0
0.0008396847910626947
0.0014688880348619699
0.0
0.0008958120744419442
0.000997932110065594
0.005388018404023271
0.0008744309289125806
0.0001237239200243177
0.0
0.0
0.0
0.0
-9.365375749471937e-5
0.005353270259884811
0.0
0.0
0.0
0.0
0.0
0.0
0.0
0.0
0.0013159448835089367
0.0
0.0
0.0
0.0
0.0
0.0
0.0
-0.0009358585726582679
-0.00016830653795265872
0.0
0.0
0.0022372595654288788
0.0
0.0006277007723982885
0.0
0.0
0.0
0.0
0.0004764803565760129
0.0
0.0
0.0
0.0034232897936675006
0.0
0.0
0.0
-0.00039509513584732654
0.0
0.0
0.0009270354844866819
0.0
0.0
0.0
0.0
0.0006275380908100747
0.0
0.0
0.000625146902129104
-0.0006343091540978734
0.00439795297550153
0.0
0.0
0.0026269549611478327
0.0008393669117380402
0.0008816862768344864
0.0
-0.0008217038276729981
0.0
0.0
0.0
0.0
0.0
0.0
0.0
0.0
0.0
0.0006339377374993149
0.000641751600562129
0.0
0.0008871176136457513
0.0
0.0
0.0009241748137468136
0.0005119310416414682
0.0
0.0006254753416365482
0.0
0.0008344660709260852
0.0
0.0
0.0
0.0006310324932681754
0.0
0.0
0.0
0.0
0.0
0.0
0.0
0.003964621452707616
0.0
0.0
0.0
0.0
0.0
0.0
-0.0002254237531422455
0.0
0.0
0.005858892987146723
0.0
0.0
0.0
0.0009483091462767866
0.0
0.0008597453419535036
0.0
0.0
0.0
0.0
0.0
0.0
0.0
0.0
0.0
0.0
0.0
4.276878650685113e-5
0.0
0.0
0.002831707905642118
0.0
0.0
0.0
0.0
0.0
0.0
0.0
0.004336037443286895
0.0
0.0
0.0003655318843316722
0.0
0.0
0.00106527568938805
0.0
0.0
0.0
0.0
0.00015788583051224884
0.0011504943954167746
0.0
0.0
0.0
0.0
0.0
0.0006247090805013894
0.0
0.00046599282502136403
0.0016450732423594963
0.0
0.0
0.0
0.0
4.9183534373406276e-5
-0.0001550820359547716
0.0
0.0
0.002654656237559265
0.0
0.0
-0.00048564220833515425
0.0016764780877319642
0.0
0.0
0.0
0.0
0.004625302474388303
0.0007797623561943487
0.0
0.0
0.0
0.0
0.0
0.0
0.0
0.0004606785526206451
0.0
0.0
0.0
0.0
0.0023562765704802156
0.0
0.0
0.0008989570113583504
0.0031162605553803533
0.0
0.0
0.0010011054918185442
-0.0007051212997069373
0.0022827594743470713
0.0006808964009774346
0.0
0.0
0.0
0.0
0.0
0.001102994482841939
0.001107124829043884
0.0
0.0
0.0009732168675182833
0.0
0.0
0.0
0.0008557667584825396
0.0
0.0
0.0
0.0
0.00015984423029529168
0.0
0.0
0.0
0.0
0.0
0.0
0.0
0.004001767669044857
0.0
-0.00010906090323277268
0.0
0.0
0.0
0.0
0.000969117101693775
0.0009448681727562399
0.0
0.0
0.0
0.0
0.0025418614507242946
0.0
0.0009245305215164388
0.0
0.0009680825336394334
0.0
0.0
0.0
0.0
0.0
0.0
0.0012046279104854342
0.0
0.0
0.0009399822744736788
0.0008523885005174382
0.0
0.0
0.0
0.0
0.0
0.002334506050410552
0.0
0.0
0.0
0.0
0.0
0.0006748093547681033
0.0
0.00025568162089891405
0.0
0.002896691357762593
0.0
0.0
0.0006389065703311773
0.0
0.0
0.0007491275716956471
0.0
0.0007694174542790005
0.00027927264684665594
0.002011153571186437
0.0
0.0
0.0
0.000955917009797856
0.0008129358563373395
0.0
0.0010059393190115931
0.0
0.0
0.0
0.0
0.0
-0.00045072353187930605
0.0
0.0
0.0006127484527404
0.0004545961987211538
0.0007733037895399739
0.0
-0.00037328151698941183
0.0
0.0
0.0
0.0
0.0
0.0
0.0
0.0
0.0
0.0
0.0
0.0
0.0008545391076895206
0.004206004016824293
0.0
0.0
0.0
0.0
0.0007979029800991841
0.0
0.0008845778190177367
0.0
0.0
0.0
0.0008827462996029013
0.0
0.0
0.0
0.0
0.00047084956614367173
0.0008559712130125432
0.0
0.0
0.0
0.0
0.0
0.0
0.0
0.0009984094152950792
0.0
0.0
0.0
-0.000778482612037503
0.0
0.0
0.0
0.0007946514116324277
0.0
0.0
0.0
0.0009034012179063134
0.0
0.0028674414740722434
0.0
0.0009627375902884148
0.0
0.0008683971384538576
0.0
0.0
0.0
0.006481357976707166
0.0
0.0
0.0
0.0022382467281318926
0.0
0.0
0.0
0.0
0.0
0.000850856902207263
0.0
-0.00041340715831497796
0.0
0.0
0.0
0.0
0.0
0.0
0.0042485370768850115
-0.0005265750474217573
0.0
0.004832440222233758
0.0
0.0
0.0014645609771121368
0.0
0.0
0.0015645053689882168
0.0
0.0
0.0
0.0
0.0
0.0
0.0
0.0010112057423734765
0.0006269637980608385
0.0
0.0
0.0011330697839264676
0.0006374495164862345
0.0
0.0008747913117463767
0.0
0.0006338093464160578
0.0
3.359389530553235e-5
0.0
0.0
0.005070009342806241
0.0
0.0
0.0
0.0
0.0
0.0
0.0
0.001032031471783062
0.0
0.0008729523076927147
0.004640281635770938
0.0
0.0
0.0
0.0
0.0
0.0
0.0
0.000899689789573077
0.0
0.0016575214371076516
0.0
0.0
0.0019184961552453253
0.00127296166717978
0.0
0.0
-0.00010433201367802665
0.0009123233036525215
0.0
0.0
0.0
0.0
0.0
0.0
0.0
0.0
0.0035753831394968088
0.0010666744617793802
0.0
-0.00028623021838248793
0.0
0.0
0.0009023127084026154
0.0
0.0008892757190059865
0.0
0.0
0.0
0.0020329398623513406
0.0
0.0
0.0
0.0
0.0006292376600155283
0.0
0.0
0.0
0.0
0.0
0.0
0.0
0.0
-0.0006341743701160407
0.0
0.0
0.0
0.0
0.0
0.0
0.0
0.0
0.0
0.0006332163830779604
0.0
0.0
0.0
0.0
0.0
0.00023522872262500276
0.0
0.0
0.0
0.0008352986763101435
0.0
0.0009693146153937354
0.0
0.0
0.0
0.0020048094715488466
0.0009250851146714558
0.002695585015751524
0.0
0.0
0.0
0.0
0.0009151286424344694
0.0
0.0
0.0
0.0010603596923284301
0.003328742250047485
0.0
0.0
0.0
0.002689292294610651
0.0
0.0
0.0
0.0
0.0
0.0
0.0006248497822199162
0.0007065466517503856
0.0
0.0
0.0008585905310129904
0.0
-0.00024336008173258625
0.0
0.0
0.0
0.0
0.002053256663143802
9.36479674562658e-5
0.0015914903730475459
0.0
0.0
0.0
0.0006447349724011969
0.0
-5.966010740141244e-5
0.0
0.004494722157542138
0.0
0.0
0.0
0.0
0.0
0.0
0.002865916240379969
0.00310479264184028
0.0
0.0
0.0
0.0
0.0
0.0
0.0
0.0010125328337742497
0.0
0.0
0.0
0.0
0.0
0.0
0.0
0.0016270970395268539
0.0
0.0
0.0
0.0
0.0054004656689395905
0.0
0.00010642804873712793
-0.000244353286609075
0.0
0.0
0.0
0.0
0.0005450993779938217
0.0
0.00012587451878883862
0.0010623531952083354
0.0
0.0
0.0
0.0
0.0
-0.0003543209917874375
0.0
0.0
0.0
0.0007150342800742975
0.0
0.0
0.0
0.0
0.0005514129024195267
0.0
0.0
0.0
-7.480715595652083e-5
0.0009088166421244019
0.0
0.004455572077776021
0.0
0.0
0.0
0.0009507665429536656
0.0
0.0
0.0
0.004498073763946304
0.002402626189840418
0.000902936411821653
0.0006233987516449809
0.0
0.003638860355639374
0.0
0.0
0.0
0.0
0.0
0.0
0.0
0.0
0.0
0.0
0.0013559430399360882
0.0
0.0
0.0008802456813191463
0.0
0.0
0.0
0.0
0.0
0.0
0.0
0.0
0.0
0.0008043436294991277
0.0
0.0009555010072687989
0.0
0.005652588662487836
0.0
0.0
0.0
0.0009673975908477043
0.0
0.0008428853737408236
0.0011786667347977629
0.0
0.0
0.0
0.0
0.001667801666658035
0.0008258208065699648
0.0
0.0
0.0008407515174759532
0.0
0.0
0.0
0.001104840768935484
0.0
0.0005417770478029962
0.0032206500494397676
0.0
0.0009159303164453208
0.0006547210305795008
0.0
0.00033300244942991054
0.0
0.0
0.0006291471163763273
0.0
0.0
0.0
0.0
0.0
0.0006235178617538082
0.0
0.0
0.0
0.0
0.0
0.0
0.0
0.0
0.0
0.0006258779871974692
0.0
0.0006300957401162148
0.0
0.002427173544957941
0.0
0.0
8.645734842824015e-5
0.0
0.0
0.0008095975579486018
0.0
0.0
0.0
0.0
0.0
0.0
0.0
0.0
0.0
0.0
0.0
0.0
0.0
0.00023435312550249373
0.0
0.0
0.0005789426358980919
0.0
0.00063693495653787
0.0021808875436252696
0.0
0.0
0.0
0.0005467658604956157
0.0
0.0
0.0
-0.0004419282762997742
0.0006306574805605408
0.003670675905774831
0.0
0.001653083747064371
-0.0005531917325151386
0.0
0.0007852551392689849
0.0
-0.0006568580908589047
0.0008700465719775641
0.0
0.0
0.0
0.0006167614701177988
0.0
0.0
0.0044989845950794876
-0.0004300026728237057
0.0
0.0
0.0
0.0003049184062112406
0.0
0.0
0.0
0.0
-0.000854856848240427
0.0
0.0
0.0
-3.5026932644943845e-5
0.000520174972082962
0.0010794756809215413
0.0
0.0
-0.00020058529307733945
0.0
0.0
0.0
0.0
0.0
0.0
0.0
0.000754170762467779
0.0
0.0
-0.00016512184732247258
0.0
0.0
0.0
0.0
0.0033089410633486143
0.0
0.0009388343222476644
0.0
0.0
0.0
5.445001629292139e-5
0.0
0.0
0.0009869008549056905
0.0
0.0006228166068564474
0.0
0.001185879046019648
0.0
0.0
0.0
0.0
0.000867470323898643
0.0
0.0
0.0
0.0
0.002963168846377292
0.0010630154755924225
0.00036527283153631955
0.0008710166094968899
0.0
0.0
0.0
0.0
0.0
0.0
0.0010057285591274028
0.0
0.0
0.0
0.00436670146293662
0.0
0.0
0.0
0.0
0.0
0.0
0.0
0.0
0.002555254742626995
0.0
0.0
0.0
0.0
0.0006307486042092742
0.0
0.0
0.0
0.0
0.0
0.0006296449352503343
0.0002862095248098623
0.0
0.0
0.0
0.0012940687523902413
0.0019676395064252418
0.0
0.0015863768573315807
0.0
0.0009433395067885199
0.0008070092160949384
0.00025772125720722246
0.0
0.00032388294823820237
0.0
0.000635022703711255
0.0
0.0
0.0015608168284528393
0.0010415503410252513
0.005259278612183883
0.0
0.0
0.0
0.0
0.0
0.0
0.0
0.0032831771860231773
0.0
0.0
0.0
0.0
0.0002586017768292899
0.0
0.0
0.005088614677304148
0.0
0.0
9.696341378868547e-5
0.0
0.0
0.0
0.0028047784429639476
0.0
0.0006254223061971737
0.0
0.0011185571168190953
0.0008398439136354303
0.0
0.0029374181494967425
0.0
0.0007320383861152512
0.0
0.0
0.0
0.0
0.0
0.0
0.0
0.0
0.0
0.0
0.0
0.0
0.0
0.0
0.0
0.0
0.0036303227532982155
0.0
0.0007117586186899921
0.0
0.0
0.0
0.0
0.0
0.0
0.0
0.0
0.0
0.0
0.0
0.000954671350685625
0.0
0.0
-0.0006729818809389545
0.0
0.0045430911818501625
0.0
0.0
0.0
0.0006203412943877963
0.0
0.0
0.005466644109137604
0.0
0.0
0.0
0.0
0.0
0.0009351528222811483
0.0
0.0
0.0
0.0
0.0
0.000202629679056649
0.0
0.0
0.0
0.0
0.0030697675421185937
0.0
0.0
8.87674796721054e-5
0.0
0.0004985074927160817
0.0
0.0
0.0
0.0035722149167993814
0.0
0.0
0.0
0.0
0.0
0.0009619719011526107
0.0
0.003155398799156756
0.0
0.0
0.0
0.0
0.0
0.0
0.0
0.0
0.0
0.0
0.0
0.0
0.0023469680012255436
0.0
0.0
0.0
0.0
-0.0003254277288049517
-0.00025895204891480554
0.0006339417847799057
0.0
0.0
0.0015512237863673426
0.0008784459990145249
0.0
0.0
0.0
0.0
0.0
0.002240270516942933
0.00047330371005328294
0.0
0.0
0.0
0.0
0.0
0.0005807946383077397
0.0
0.0
0.0
0.0
0.0
0.0
0.0
0.0
0.0
0.0
0.001450756604212645
0.0
0.0
0.0
-0.0005928602713098062
0.0
0.00029495533377411204
-0.0007565214367580373
0.0
0.0
0.0
-0.00025293127460101323
0.0
0.0
0.0
0.0
0.0008282823908921648
0.0
0.0
0.0
0.0011610315341130445
0.0
0.001900120445860745
0.0
0.002903461032760478
0.0
-0.0006471045809194101
0.0
0.0
0.0
0.0
0.0
-0.00016426369683522355
0.0
0.0014747568009697283
-0.0009573806249423359
0.0
0.0
0.0
0.0
0.0
0.0
0.0
0.0
0.0006252975836091942
0.0
-0.000266592095672791
0.0
0.0
0.0012519835493514254
0.0
0.0
0.0
0.000813595023031034
0.0
0.0
-0.0005269188785629156
0.0
0.0008959841620980626
0.0
0.0
-0.00011189744906398671
0.00045781671991091245
0.0
0.0026326864352782114
0.0
0.0
0.0
0.0
0.0
0.0006431087828356248
0.0
0.0
0.0028096426245742324
0.0
0.0
0.0
0.0
0.0
-0.0005719618487120734
0.0011884529573195396
0.0
0.0
0.0
0.0018557085892087933
0.0007240677414356183
0.0
0.0
0.0
0.0
0.0
0.0
0.0
0.0036601622439440353
0.0006176277965222213
0.0
0.0
0.005013812257696707
0.0007790001021824006
0.0008209149030337216
0.0
0.0
0.0
0.0007876018573408377
0.0
0.0008843666656735638
-0.00017722923137563997
0.0006475071206004169
0.00038031454845400913
0.0006234310448816564
0.0030994236432634664
0.0
0.0
0.0
-0.0005634176546171155
0.0
0.0
0.0
0.0006328881377652139
0.0007566450118436423
0.0012712993196450065
0.0
0.0
-0.00028180691055903584
0.0
0.0
0.0033282382315487965
0.0004957777687321023
0.0
0.0
0.0
-0.0014624663681523295
0.0
0.0028515640808885584
0.0
-5.3339418207196045e-5
0.0
0.0
0.0
0.0
0.0001498370332223431
0.0
0.0
0.0
0.005142856768714646
0.0
0.0
0.0
0.0
0.0
0.0
0.004243900627448013
0.0
0.0
0.0
0.0
0.0006334662258854394
0.0
0.0
0.001973309020629095
0.0
0.0
0.0
0.0043199695741552545
0.0
0.0
0.0
0.0
0.0
