0.0
0.0
0.0
0.0
0.0
0.0
0.0
0.0
0.0
0.0
0.0
0.0
0.0
0.0020256974711824207
0.0023802157774476924
0.0
0.0
0.0
0.0
0.0
0.0
0.0
0.0017811000806444805
0.0
0.0
0.0009676782497532449
0.0008208359702178927
0.0
0.0
0.0004080817270033265
0.0011401927233166407
0.0
0.0
0.001745612818560267
0.0
0.0
0.0013766886578745593
0.0
0.0
0.0
0.0
0.0
0.0
0.0
0.0009824565636598127
0.0008218237963633959
0.0
0.0005468916502007461
0.0
0.0
0.0
0.00033737909291788764
0.0
0.0
0.0
0.0
0.0004877906276103832
0.0
0.0
0.0
0.0
0.0
0.0
0.00030430868941060314
0.0
0.0
-0.00025561096148214165
0.0
0.0
0.0005184606498648673
0.0
0.0
0.0
0.0
0.0
0.0
0.0
-0.0001891711751092186
0.0
0.0008317331592970451
0.0
0.0
0.0
0.0007473225214531908
0.0053734442715420525
0.0
0.0
0.0
0.0005938484278872155
0.0011580893213140174
0.0
0.00038852222747987335
0.0
0.0
0.0
0.0
0.0
0.0
0.0
0.0
0.0008407144002458951
0.0
0.0
0.0
0.0
0.0016475677962558962
0.0
0.0
0.0
0.0
0.0
0.0
0.0
0.003307235176178141
0.0
0.0
0.0
0.0031642375236352258
0.0006215268661529016
0.0004426632733217918
0.0031258224729881954
0.0
0.0
0.0003516151745964863
0.0
0.0
0.0021024783878368755
0.002563621536044909
-0.0004201938926840137
0.0
0.0
0.0
0.0
0.0
0.0
0.0025783669773956556
0.0
0.0
0.0
0.0
0.0
0.0
0.0
0.0006170738383056714
0.0
-0.0006894237072491119
0.0
0.0
0.0
0.0
0.0006143268084090115
-0.00012228873665116158
0.002459681040876131
0.0
0.0
0.0
0.000853505895166618
0.0
0.0
0.0
0.0
0.0
0.0011270668611451779
0.0
0.0
0.0
0.0
0.0
0.0007131932222211576
0.0
0.0
0.0018797320283727803
0.0
0.0
0.0
0.0
0.0
0.0
0.0
0.0
0.0008489555690995165
0.0
0.0
0.0008860474221562521
-0.0003887148146176859
0.0
0.0
0.0006172753759271397
0.000437707203549611
0.0050502677289500685
0.0
0.000634771269510106
0.0
0.0
0.0017042174693903908
0.0006265022063380263
-0.0002225604084866372
0.0011344465594815836
0.0030107640108578944
0.0
0.0028480562822522652
0.0
0.0
0.0018374408467393397
0.0015853915875913888
0.0
0.0
0.0
0.0
0.0
0.0
0.0
0.0
0.0
0.0
0.0
0.0
0.0
9.810411837677126e-5
-0.0005281798776947776
0.001814522720559043
0.0
0.0
0.0010208642546732701
0.0016667458453387073
0.0
0.0
0.0009155120458729675
0.0
0.0
0.0
0.0
0.0010259819077752775
0.0
0.0
0.0
0.0008383506661350994
0.0011141418395893123
0.0006327977900747424
0.0
0.0006243471075844878
0.0
0.0
0.0
-0.0004180043805169881
0.00482134905461075
-7.876296018304629e-5
-0.0013121512515776774
0.0006238978237710435
0.0
0.0
0.0
0.0
0.0
0.0
0.0007858317910629893
0.0
0.0008182944984405508
0.0
0.0009041282307102746
0.0
0.0009727897822781322
0.0
0.0
0.0009788663084335128
0.0
0.0
0.0
0.0
0.0
0.0
0.0
0.0
-9.477450243532593e-6
0.0
0.0010269878885698302
0.0
0.0
0.0
0.0
0.0
0.0
0.0
0.0
0.0009927793838087093
0.0006997358240393838
0.0
0.0
0.00013140959844336236
0.0009882391999386634
-0.0003520509777072364
0.0
0.0021614705955247874
0.0
0.0007845361679252031
0.0
0.0
0.0
0.0
0.0006736073363032346
0.0
0.0
0.0
0.0
0.00012410378443485095
0.0
0.0
0.0
0.0
0.0
0.0018233860877667739
0.0
0.0
0.00039699320833131997
0.0
0.0
0.0006139334014951107
0.0
0.005553984957489771
0.0
0.0
0.0006221660737062442
0.0009232163887195461
0.0
0.0006026231554598163
0.00012812056422618705
0.0
0.0
0.0
0.0
0.0
0.0
0.0
0.0
0.0012086843928841634
0.001035209469957433
0.0009492466582415455
0.0
0.0
0.0
0.0
0.0
0.0
0.0
0.0028240816284366395
0.0056371005109423665
0.0
-0.000429705982976919
0.0
0.0
0.0
0.0
0.0007994374193260064
0.0
0.0
0.0
0.0
0.0
0.0
0.0011468227576326008
0.0
0.0008187823187991775
0.0
0.0
0.0011102057406787125
0.0
0.0
0.0007506998895524825
0.0008550227839700149
0.0
0.0
0.0
0.0
0.0
0.0
0.0
0.0
0.0
0.0
0.0
0.0
0.0
0.0
0.0
0.0
0.0
0.0033018183877153565
0.0
0.0
0.0
0.0005793546093737959
0.0011747569455406192
0.0
0.0
0.0
0.0
0.0
0.0
0.0
0.0
0.0
0.0
0.0
0.0011103608953894218
0.002392119114583577
0.0
0.0
0.0
0.0
0.0
0.005167140099898802
-0.00011866489760263556
0.0008375696563736716
0.0
-0.000575853270771198
0.0008415565483538604
0.0011787024277494665
-0.00022027420936170618
0.0009681953841392953
0.00033288785188626853
0.0
0.0008218916889789066
0.0004130028531830368
0.00026916503405729667
0.0
0.0
0.0
0.0
0.0006363258581623221
0.0
0.0
0.0
0.0
0.0
0.0
0.005033582333793257
0.0024921043708831226
0.0046010909014709295
0.0
0.0
0.0
0.0
0.0
0.0
0.0
0.0
0.0004777960128355279
0.0
0.0
0.0
0.0
0.0008819042106333394
0.0
0.0
0.0006133986761516413
0.0
-0.0015732309819338104
0.0
0.0
0.000320999106625997
0.0
0.0
0.0
0.000608760994612589
0.0
0.0
0.0
0.0
0.0
0.0
0.0
0.0
0.0
0.0012951123929689674
0.0
0.005960637495438112
0.0
0.0
0.0
0.0
0.0
0.0
0.0
0.0
0.00023689768668453418
0.0
0.001118905385894708
0.0
0.0
0.0
0.0
0.0
0.0
-0.0007949031010014827
0.0
0.0
0.0
0.0
0.0
0.0008329961031303309
0.0
0.0009754809575007654
0.0
0.0006207854080992873
0.0003799927945032993
0.0
0.0
0.0
0.0
0.0
0.0
0.0
0.0018231211039165007
0.0
0.0
0.0
0.0022841083266325756
0.0
0.0
0.0
0.0
0.0
0.0
0.0
-0.0008603811149131045
0.0
0.0
0.0
0.0009645865405111448
0.0
0.0
0.0
0.0
0.0
0.0
0.0
0.0
0.0
0.0
0.0
0.0
0.0
0.0
0.0
0.0
0.0
0.0
0.0008576494651567384
0.0
0.0
0.0
0.0
0.0
0.0
0.0
0.0
0.0
0.0007273067421065199
-0.0014590025101019128
0.0
-0.0006283793851894716
0.006166789452940799
0.0008024810662991051
0.0
0.0007594194164763156
0.0
0.0018262757798549033
0.0
-0.000993736496668469
0.0
0.0
0.0
0.0005467248144870344
0.0006275402852996429
-0.0009204486944727045
0.0
0.0
0.0
0.0
0.0
0.0
0.000988551492193828
0.0
0.0
0.0
0.0
0.0
0.0
0.0007911944886188604
0.0
0.0
0.0
0.0
0.0
0.0027173914952257597
0.0008076189758819096
0.0
0.0007547337508300864
0.0
0.00021198609762805907
0.0
0.0
0.0
0.0
0.0
0.0
0.0
0.0
0.0
0.0
0.0
0.0006105365635237228
0.0
0.0
0.0
0.0
0.0
0.00015973637029523334
0.0
0.0
0.0
0.0
0.0
0.0
0.0
0.0
0.0
0.0026793238968263423
0.003678909869002101
0.0
0.0006007308486657675
0.0026754780620245433
0.0
0.0
0.0
0.0035895537805210906
0.002542900536394863
0.0
0.0
0.0
0.0
0.0
0.0009236319521736004
0.0
0.0
0.004487322321593173
0.0
0.0
0.0
0.0006222396659461614
0.002744976608696853
0.0026941257575437824
0.0
0.000611196261137493
0.0
0.0
0.0
0.0
0.0
0.0
0.0
0.0
0.0
0.0
0.0
0.0
0.0
0.00011086398997162754
0.0008510095547108844
0.0
0.00073893598297662
0.0
0.0
0.0006624832496956389
0.0
0.0
0.0012100064692489548
0.0
0.0
0.0
0.0
0.0
0.0
0.0
0.0
0.0
0.0019386245203275596
0.0
0.0
0.0
0.0
0.0
0.0
0.0
0.0
0.0
0.0
0.0
0.00366706294613578
0.0008626546223441102
0.0
0.000877587807787785
0.0
-0.0002582178145541241
0.0005719424468817699
-0.0001254124294181172
0.0007173248940252139
0.000789659422998304
0.0
0.0
4.006052285561414e-6
0.0
0.0
0.0
0.0
0.0
0.0
0.0
0.0
0.0008777712727608442
0.0
0.0
0.0
0.0009521486609347163
8.933892262513128e-6
-1.8486672855313916e-6
0.0
0.0
0.0008428862567688302
0.0
0.0
0.0
0.0
0.0
0.0
0.0
0.0005404509295285179
0.0004793364775142103
0.0
0.0008116867352103031
0.0
0.0
0.0
0.0
0.0007348161225173444
0.0
0.0
0.00045583236163751646
0.0005581083198716132
0.0
0.0
0.0006274161214842255
0.0010585129344923938
0.0006007697239200468
0.0
0.0
0.001019836319940374
0.0
0.0
0.0
0.0
0.0007835974251361525
0.00040503111585278367
0.0
0.0
0.0
0.0
0.0
-0.00031758581538351104
0.0
0.0
0.0
0.0
4.42423630462474e-6
0.0
0.00028214851203040714
0.0
0.0
-0.000984170206987948
0.0
0.002524720698677139
0.0
0.0
0.004393021487418388
0.0
0.0
0.0010484019301331587
0.0
0.0
-0.0005054113949726697
0.0
0.0
0.0
0.0
0.0
0.0007064287858563261
0.0
0.0
0.0006211851167228701
0.0
0.0
0.0
0.0
0.0
0.0
0.0
0.002277271994923946
0.0
0.0018674639435111457
0.0006130548904333616
0.0
0.0
0.0
0.0009658656140671696
0.0
0.0
0.0
0.0008791394805108103
0.0
0.0
0.0
0.0
0.0
0.0
0.0
0.0
0.0
0.0
0.0
0.0
0.0005832950077238949
0.0
0.0
0.0009000040234512604
-0.0008890074211321289
0.0
0.00024477058292965935
0.0008600223886752825
0.0
0.0008265890562072273
0.0
0.0
0.0
0.0005590794903171042
0.0023123256798723278
9.528443946748923e-5
0.0006656988320052915
0.0023484576411709323
0.0
0.0
0.0
0.0
0.0
0.0
0.0
0.0
0.0010262268690771426
0.0
0.0
0.0
0.0
0.0
0.0
0.002371277637207185
0.0003391320301520425
0.0
0.0009476308055431626
0.0
0.0
0.0
-0.0012079798768133958
0.0
0.0009528861126499856
0.0005492595649756948
0.0
0.0
0.0006264747057864469
0.0
0.0
0.0
0.001972763762225602
0.0
0.0
0.0
0.0
0.0
0.0
0.0
0.0004867484198993523
0.0
0.0
0.0
0.0
0.0013781436654172806
0.00438950933021195
0.002518222744239411
-0.002083116406903463
0.0
0.0016883972277254306
0.0
-0.0007250153277133771
0.0009103528167440396
0.0005698828333189502
0.0
0.0
0.0006387854598489457
0.0
0.0
0.0
0.0
0.0
0.0
0.0
0.005239843400942803
0.002554103879138671
0.0
-0.00011228696100613773
0.0
0.0
0.0
0.004383034019214962
0.0
0.0
0.0
0.0
0.0005910229297199778
-0.0013995218012719905
0.0
0.0008564186034564397
0.0006917930786483392
0.0
0.0
0.004172947828448365
0.0
0.0
0.0
0.0
0.0
0.0
0.0
0.000964138148817079
0.0
0.0009182653531898359
0.0
0.004765616532346839
0.0
0.0
0.0
0.0
0.0
0.0
0.0009385084114875244
0.0
0.0
0.0
0.0012134706942512742
0.0
0.0
0.0
0.0
0.0008060861652877924
0.0
0.0003734705372500301
0.0003556798612046029
0.0
0.0
0.0
0.0
0.0
0.00034131608262707666
0.0
0.0
0.0
0.0
0.0
0.0
0.0030511697158210806
0.0
0.0
0.002299757516730871
0.0
0.0009300861960488382
0.0010001050148013028
0.0009463853414181755
0.0
0.0
0.0006378289912284159
0.0
0.0
0.0
-0.0002643890812799824
0.0
-0.00018468983709862122
0.0008976980311055975
0.000630682627681611
0.0009553561812876805
0.0
0.0
0.000759365592582136
0.0
0.0
0.0
0.0
0.0
0.0
0.0
0.0
0.0008165320126148829
0.0008601045434053183
0.0
0.0
0.0
0.0005380298626896838
0.0
0.0005449262521347822
0.0
0.0006039587723072447
0.0
0.0009352607931389664
0.0
0.0
0.0
0.0
0.0
0.0
0.0005086113230802947
0.0021230618634481106
0.0
0.0006146021245637703
0.004355356762558362
0.0
0.0
0.0
0.0
0.0
0.0
0.0
0.0
0.002148089012450824
0.0
0.0
0.0
0.0
0.0
0.0
0.0
0.0
0.0
0.0
0.0
0.0
0.0008649747394956201
0.0
0.0
0.001021038559737033
0.0
0.0006161971965151195
0.0
0.0008010363147392266
0.0
0.001916422645853181
0.0
0.0006139967513595859
0.0
0.0
0.00040108657841366743
0.0
0.0
0.0010017572887268333
0.0007000054397772747
0.00207222840067105
0.0
0.0
0.0005935298561046177
0.0
0.0
0.0
0.0
0.000848359221818521
0.0
0.0
0.0
0.0
0.0
0.0
0.0
0.0
0.0
0.0
0.0010491703155253234
0.0
0.0
0.0
0.0
0.0034130147342012625
0.0
0.0008688701867528013
0.0
0.0
0.0
0.0018376857890187196
0.0
0.0
0.0
0.001964347957813214
0.0
0.0
0.0
0.0
0.0006416595474294099
0.0
0.0027881694703029607
0.004979671377009538
0.0
0.0
0.0
0.0007731482520715282
0.0006188264842051909
0.0
0.0
0.0
0.0008360401620881703
0.0017872629591509466
0.0008607127710772886
0.0
5.1500581173727875e-5
0.0
0.0
0.0
0.0
0.0
0.0
0.0
0.003312443992035131
0.0
0.004336854082278913
0.0
0.0
0.004542883407440884
0.0
0.0
0.0
0.003988945395855895
0.0
0.0
0.0
0.0
0.0
0.0
0.0004949297100308255
0.0
0.0
0.0
0.0
0.0
-4.108799140690039e-5
0.0
0.0
0.0
0.0
0.0
0.0
-0.0004605760908005955
0.000876416512507414
0.0
0.000940601699345309
-0.0004020437455310605
0.0
-0.00014213069470873864
0.0
0.0
0.0
0.0
0.0009431407228675221
0.0
0.0009454882412337534
0.0008599081378653464
0.0009232956161345072
0.0
0.0005154618096432212
0.0
0.0
0.0
0.0014706319317316352
0.0
0.0
0.0
0.0
0.0
0.0
0.002273305749715756
0.0
0.0
0.0
0.0
0.0
0.0004999523384198581
0.0
0.0
0.0
0.0
0.0
0.0
0.0038369108580463963
-2.59442807791591e-5
0.0
0.0011766017585735189
0.00020411959777715558
0.0
0.0009236531978842373
0.0
0.0
0.0
0.0004918012189317485
0.0013989228970929446
0.0
0.0
0.0
0.0
0.0
0.0
0.0
0.0
0.0
0.0
0.0
0.0
0.0
0.0009021484088873323
0.0
0.0
0.0
0.0
0.0
0.00030158227542561976
0.0
0.0
0.0
0.0006265312686322329
0.0
0.0
0.0
0.0
0.0035322955366144855
0.0
0.0007319454470132913
0.0
0.0
0.0006129560612880729
-0.0002449081249277663
0.0
0.0
0.0009576469184674788
0.0
0.0
0.0
0.0022393631212582576
0.0
0.0
0.000851975733496918
0.0006178763323606539
0.0
0.0025882258008679687
-0.0006521191994524895
0.0
0.0
0.0
0.0
0.0
0.00042707513223212863
0.001043866402753997
0.0
0.0008087077411033826
0.00037026141155626773
0.0006222481098104617
0.0
0.0
0.0
0.0
0.0
0.0006078471866434516
0.0
0.0
0.0
0.0
0.0
0.0
0.0
0.0
0.0
0.0
0.0
0.0
0.0
0.0009354227492191944
0.0
0.0
5.6813139398675455e-6
0.0
0.0
0.000913423236595854
-1.7737176392837975e-5
0.0
0.0
0.0
0.0
0.0
0.0
-0.00036796828353876087
0.0
0.0
0.0009137506452888948
-0.0004143167361470662
0.0
0.0
0.0
0.0
0.0022331589763519353
-0.00022154226844991678
0.0
0.0
0.0
0.0
0.0
0.0
0.0
0.0
0.0
0.0010010814879701528
0.0
0.0
0.0
0.0
0.0
0.0
0.0
0.0
0.0008078809321229022
0.0
0.0
0.0
0.0
0.0
0.0
0.0
0.0
0.002954571342924961
0.0
0.0
0.005925696676539703
0.0
0.0
0.0
0.0
0.0
0.0007766578859547484
0.0
0.0
0.0
0.0
0.0
0.0006312347587507768
0.0
0.0
0.0
0.0
0.0
0.0
0.0
0.0
0.0
0.0
0.00022990164873208912
0.0
0.0
0.002939290373273046
-0.00016625542829649877
-0.0005423977813650752
0.0010367151008125873
0.0
-0.0001826070890168079
0.0026247960967391384
0.0
0.0
0.0
0.0008009559821759288
0.0
0.0
0.0
0.0
0.0
0.00398710092974056
0.0009915411485981877
-0.0006816274888158211
0.0
-0.00042606581829230197
0.0
0.0
0.0
0.0006200277086857584
0.0
0.0
0.001067964153662325
0.0
0.0
0.001023696919192902
0.0
0.0
0.0
0.0
-0.0002214264437859275
0.0
0.0
0.0
0.0
0.0
0.0
0.0
-0.0003478223118899163
0.0
0.004520514463702198
0.0009472908934547195
0.0010457950378812073
0.0
0.0
0.0
0.0
0.0
0.0
0.0
0.0
0.0
0.0
0.0
0.0
0.0
0.0
0.0008063976545600103
0.0006133331883588314
0.0
0.0
0.0006093127283391855
0.0
0.004107742435588913
0.0
0.0
0.0
0.0
0.0
0.0
0.0
0.0
0.000628298965211184
0.0
0.0
0.0
0.0
0.000997929001349433
0.0
0.0
0.0
0.0
0.0
0.0
0.0
0.0007896568232631285
0.0
0.0008529092893650048
0.0
0.0
0.0
0.0
0.0
0.0010283346532873785
0.0
0.0
0.0
0.0
0.0
0.0
0.0006280123710213586
0.0009836850258694496
0.0006099406399720107
0.0
0.0
0.005259673740874264
0.0
0.0
0.0
0.0
0.0005454084062521062
0.0
0.0
-0.0008601342086815448
0.0
0.0
0.0
0.0
0.0
0.0
0.0
0.0
0.0
0.0
0.0
0.0
0.0
0.0
0.0006152517304449499
0.0003986875058303602
0.0
0.0
0.0
0.0006190222167912232
0.0
0.0
0.0
0.0
0.0
0.0
0.0006337764220229186
0.0
0.0
0.0
0.0
0.0
0.0
0.0
0.0
0.0
0.0
0.0
0.0
0.0
0.0
0.0
0.0001863236230981369
0.0
0.0006065097710692243
0.0
0.0
0.0
0.0
0.0
0.0009221261360852452
0.0
0.00026165563610404505
0.0
0.0
-0.0003437195501570607
0.0
0.0006273762425705902
0.0
0.004728540681158097
0.0
0.0
0.0
0.0
0.004428088020338207
0.0
0.0
0.0
0.0
0.0
0.0
0.0009580388873335464
0.0005010803479112382
0.0
-0.0012875881468997704
0.0010073333162093573
0.0006157653045018365
0.0
0.0
0.0
0.0
0.0032718729881821155
0.0
0.0
0.0
0.0
0.000642182965708135
0.0
0.0
0.0
0.0
0.000481978150699963
0.0
0.0
0.00031423184715838705
0.0
0.0
0.0
0.0
0.0
0.0
0.0007893463369661811
0.0
0.0
0.0
0.0
0.0
0.0
0.0
0.0
0.0008521365572695308
0.0
-0.000831297081478832
2.9878292933393597e-5
0.0
0.0006193499920891702
0.0021707081111533274
0.0
0.0
0.002743605130859985
0.0001768666687691984
0.0
0.0009630943352137992
0.0
0.0
0.005393771577319221
0.0
0.0
0.0
0.0
0.0
0.0
0.0
0.0011976384864689795
0.0
0.0
0.0
0.0
0.0
0.0
0.0
0.0
0.0
0.0
0.0018340437467625314
0.0019006621157337126
0.0
0.0
0.0
0.0
0.0
0.0
-0.0004575737379623614
0.0
0.0
0.0
0.0
0.0
0.0
0.0
0.0006233835171115667
0.000741015776089765
0.0
0.0
0.0
0.0
0.0
0.0
0.0
0.0
0.0
0.0
0.0
0.0
0.0
0.0006329178648843343
0.0
0.0
0.0
0.0
0.0
0.00353264638254431
0.0
0.0
0.0
0.0
0.0
0.0
0.0
0.0001472866159255935
0.0
0.0
0.0010740714398289237
0.0
0.0
0.0
0.0
0.0
0.0
0.0
0.0
0.0
0.0
0.0
0.0
0.0
0.0
0.0
0.0
0.0
0.0
0.0
0.0
0.003312150499717067
0.0
0.0
0.0
0.0
0.0
0.0
0.0
0.0
0.0
0.0
0.0
0.0029448973017019912
0.0
0.0
0.0
0.0
0.0
0.0
0.0
-0.0003301021367518578
0.0
0.0
0.0
-6.653833467606203e-5
0.0006368439328257271
0.0
0.0
0.0
0.000907104575703172
0.0
0.00040809865852008435
0.0009059671358172931
0.0
0.0
0.0
0.0
0.0
0.0
0.0030892346860991672
0.0
0.0
0.0
0.0
0.0
0.0
0.0
0.0
0.0
0.0
0.0
0.0
0.0
0.0
0.0
-1.978060960007478e-6
0.0
0.0
0.0
0.002276568123097748
0.0
0.0
0.0
0.0
0.0
0.0
0.0
0.0
0.0
0.0
0.0
0.0
0.0
0.0
0.0
0.0
0.00042238649582321323
0.0
0.0
0.0
0.0
0.0
0.0
0.0
0.0
0.0
0.0
0.0004816846461208533
0.0
0.0
0.00495675046180906
0.0
0.0008722989050853629
0.0
-0.0009538992130669114
0.0
0.0
0.0
0.0
6.279598822479571e-6
0.0
0.0
0.0
0.0
0.0
0.0
0.0
0.0
0.0
0.003189694581907139
0.0
0.0007846402491722686
0.0
0.004697761811252753
0.0008907478834880779
0.0
0.0
0.0
0.0
0.0
0.0
0.0
0.0
0.0
0.0
0.0
0.0
-3.567768112177587e-5
0.0
0.0
0.0008089714693021644
0.0
0.003194319635292065
0.0008273534930835579
0.0
0.0
-0.0013247672896885643
0.0009817270145596744
0.0
0.0
0.00033313899565036334
0.0
0.0011266628298713538
0.0010584679331801614
0.0008123507560859179
0.0
-0.000867068672842641
0.0
0.0
0.003209230980316561
0.0008215057848798526
0.0
0.0
0.0013455502156431395
0.0006333439832894554
0.0
0.0006178767159419764
0.0
0.0
0.0
0.0
0.0
0.0
0.003943113849928668
0.0006250811909955514
0.0
0.0
0.0
0.0
0.0
0.0
0.0
0.0006239291749456465
0.0
0.0006467273512209101
0.0
0.00010366508384233194
0.0
0.0025023372990813247
0.0
0.0
0.0
0.0006304968568915986
0.0032968058607221406
0.0006158941319857266
0.0030433803040622147
0.0
0.0
0.002542395299122355
0.0
0.0
0.0
0.0
0.0
0.0008253678113386168
0.0014083179607009273
0.0
0.0010128070196474988
0.0
0.001848736352350239
0.0
0.0
0.0
0.0010538771461578692
0.0
0.0
0.0
0.0
0.0
0.0
0.000630614247328558
0.0
0.0
0.0
0.002001122426713728
0.0
0.00072730389607366
0.0
0.0
0.0
0.0
0.0
0.0
0.0
0.0
0.0
0.0
0.0
0.0002990866338404193
0.0002740094358244222
0.004328383244261418
0.0
0.0
0.0
0.0
-0.00015041182436372565
0.0
0.0006274238318289416
0.0
0.0
0.0
0.0
0.0
0.0
0.0
0.0
0.0
0.0
0.0
0.0
0.0
0.0
0.0
0.0
0.0
0.0
-6.22911737382361e-5
0.0
0.0
0.0
0.0
0.0
0.000691570857103287
0.0
0.0
0.0
0.0
0.0
0.0
0.0
0.0029080720140755557
0.0
0.0002425383544463506
-0.0010602607074224528
0.0025411391493312062
0.0010838213856873239
0.0
0.0
0.0
-0.0009778124943416843
0.0
0.0
0.0
0.0
0.0
0.0
-9.539239975669566e-6
0.00024510093384792086
0.0
0.003136009039817829
-0.0005359789237240235
0.0
0.0
0.002071734399935994
0.0
0.0
0.0
0.0
0.0
0.0
0.0
0.0
0.0
0.0
0.0
0.0
0.0
0.0
0.0
0.0010760075020829912
0.0
0.0
0.0
0.0
0.0
0.0
0.0
0.0
0.0008330282450804878
0.0
0.0
0.0
0.0
0.0
0.004728146209318882
0.00036472667901625084
0.0
0.0
0.0
-0.0005458137966143351
0.0
0.002419144103090929
0.0
0.0
0.0008352562918189559
0.0
0.0008893919329388258
0.0
0.0
0.0
0.0
0.002673158136623888
-0.0008707022260109328
0.0
0.0006107909743310508
0.0
0.0
0.0
0.0
0.0
0.0
0.0
0.0
0.0
0.0
0.0
0.004194513467960243
0.0006218128606086738
0.0
0.000894322926848273
0.0
0.0008967192712869496
0.0
0.0028376582312136197
0.0
0.00037466702021210366
0.001793564171091564
0.0
0.0
0.0
0.0007448768348808552
0.0
0.0
0.0
0.0023910787166343756
0.0
0.0006082625981329395
0.0
0.0
0.0
0.0
0.000724884349838691
0.0
0.0
0.0053960193886055064
0.0
0.0
0.0
0.0
0.0010160736507450155
0.0
0.001891767224640126
0.0
0.0
0.0
0.0008851989234355882
0.0
0.0
0.0
0.0
0.0010061714442140004
0.0
0.0
0.0
0.0
0.0
0.0
0.0037760653796592024
0.0
0.0
0.0008644359759747989
0.0027131948251325902
0.0
0.0
0.0
0.0030876076081077205
0.0
0.0
0.0
0.0008967614407580092
0.0
0.0
0.0
0.0
0.0
0.0
0.0
0.0
0.00024062546898176413
0.0
0.002736564835304938
0.0
0.0
0.0
0.0
0.0
0.0
0.0
0.0
0.0
0.0
0.0
0.0
0.0
0.0006217441565883766
0.0
0.0
0.0
0.0
0.0
0.005572920827626164
0.0
0.0
0.0
0.0
0.0
0.0
0.0
0.0009408889435946785
0.0
0.0027356096851897096
0.000927728049402486
0.000836110998164574
0.0
0.0
0.0
0.0008159191040688004
0.0
0.0
0.0
0.0
0.0
0.0
0.0
0.0
0.0
0.0
0.0
0.0
0.0
0.0005225687834094065
0.0
0.0
0.0
0.0
0.0
0.0
0.0
0.0008252138889948791
0.0
0.0
-0.00040892620835441607
0.0
0.0
0.0
0.0
0.0
0.0
0.0
0.0005607992551540077
0.000985364974377333
0.0
0.0007966986968162309
0.0006232907308800287
0.0
0.0
-0.0001890463775318612
0.004935260700971495
0.0038156870570638587
0.0006172535644791901
0.0
0.0
0.0
0.0
-0.00019820762562598715
0.0
0.0
0.0006239726973716339
-0.0005371426025336773
0.00018641664829995383
0.0
0.0
0.006025869211393979
0.000590815215218167
0.0028429697901688382
0.0
0.0
0.0008014911921963274
0.0
0.0
0.0
0.0
0.0
0.0
0.0
0.0
0.0
0.0010790941741107502
0.0009527460672829499
0.0
0.0003735832457620303
0.0008312648745140513
0.0
0.0
0.0
0.0
0.0
0.0
0.0018814459125167232
0.0
0.0
0.0
0.0
0.0
0.0004392387261500995
0.0
0.005272308611685437
0.0
0.0
0.0
0.0
0.0010868407475966226
0.0009504425208639739
0.0
0.0
0.0
0.0
0.0
0.0
0.0
0.0
0.0006041134996344748
0.0
0.000486558851248196
0.0
0.0
0.0
0.0
0.0
0.0035460497173636176
0.0
0.002039815862990839
0.0
0.0
0.0006183531625290953
0.0
0.0
0.0
0.0008446457559741834
0.004029658684421739
0.0
0.0
0.0
0.0
0.0
0.0006302753247056526
0.0
0.0
0.0008397186319681814
0.0
6.660844371240327e-5
0.0
0.0
0.0011389768131746618
0.004360067171506709
0.0
0.0
0.0
0.0
0.0
0.0
0.0008408915504976886
0.000929348168116591
0.000989643116163697
0.0
0.0
0.0
0.0
0.0008683308910918139
0.0018778779945478063
0.0
0.00037421607331592584
0.0010031952084581272
0.0
-0.00010798113652135264
0.0
0.0
0.0
0.0
0.0
0.0
0.003520840762831725
0.0
0.0
0.0
0.0005281115325324688
0.0
0.0
0.0
0.0
0.0
0.0
0.0
0.0
0.0019372324949049223
0.0
0.0010223710986957907
0.0
0.0006177977141289925
0.0006327589110114456
0.0003981605141936889
0.0
0.0
0.0
0.0
0.0
0.0
0.0
0.0
0.0
0.00022561800022699672
0.0010503346742625015
0.0
0.0
0.0
0.0006153564125897298
0.0
0.0
0.0005915311725845443
0.0
0.0
0.0
0.0
0.0
0.0
0.0
-6.0696208035129125e-5
0.0
0.0
0.0
0.0014859173590748907
0.0
0.0
0.0
0.0
0.0006194990583630565
0.0010700319331174348
-0.00045890399072359315
0.0
0.0
0.0
0.0
0.0
0.0
0.0
0.0
0.0
0.0
0.00236754884333448
0.0004429007046763217
0.0
0.0
0.0008128871763421109
0.0
0.0
0.0045690271974525515
0.0
0.0
0.0
0.000789800022741333
0.0
0.0
0.0033119911018246097
-9.635829205433188e-5
0.0
0.0006107881375732769
0.0
0.0009096411892160663
0.0
0.0
0.0009194926646419424
0.001014168052358828
3.7588983723841555e-5
0.0
0.0
0.0
0.0006658460099468317
0.0
0.005251011975225377
0.005480847739311643
0.0
0.0
0.0
0.0
0.0008886865158140876
0.0
0.0
0.0
0.00043673304568552136
0.0
-0.000919753762422591
0.0
-0.00038220514500707454
0.0
0.0009574400726164828
0.0
0.005110844317611166
0.0
0.0009015394972364747
0.0
0.0
0.0013037524775008948
0.00043259920032529816
-0.0002373979273683295
0.0006306002633487602
0.0
0.0
0.0
0.0
0.0
0.0
-0.0004057348427827158
0.00088257700116082
0.0
0.0
0.0007803773446269221
0.0009636435399348244
0.0
0.0
0.0
0.0008858326663847311
0.0014567745668129116
0.0
0.0
0.0009567560331749358
0.0
0.0
0.0
0.0
0.0
0.0
0.0
0.0
0.0
0.0
0.0
0.0010570995742047815
0.0
0.0
0.0
0.0
0.0007455047450942642
0.0
0.0019468255743513283
0.0008610443772755646
0.0011917588388923176
0.0
0.0
0.0009678590900075924
0.0
0.0
0.0004570833245505884
0.0018781167589622593
0.0
0.0
0.0
0.0
0.0
0.0
0.0
0.0
0.0
0.001167914727780221
0.0
0.0
0.0008410591064469262
0.0
0.0
0.0
0.0
0.0
0.0
0.0
0.0
0.0010213760141422154
0.0
0.0
0.0
0.0
0.0
0.0
0.0
0.0
0.0
0.0
0.0008434611486701736
0.0009308782419509584
0.0
0.0
0.0018495534089041472
0.0
0.0
0.0
0.0
0.0
0.0
0.0028225523292718527
0.0
0.0008147496514025648
0.0
0.003304597117719135
0.0009777919716118717
0.0
0.0
0.0
0.0
0.0
0.0
0.0
0.0
0.0007063474377123373
0.0
0.0
0.00053505185724596
0.0
0.0
0.0
0.0010461945540553336
0.0
0.0
0.0
0.004429713057867653
0.004139074940240869
0.0008202885422945009
0.0
0.0
0.0
0.0
0.0
0.0
0.0
0.0
0.0
0.0
0.0009246651628106711
0.0
0.0
0.0
0.0
0.0
0.0007660603081941964
0.0
0.0
0.0
0.0
0.0
0.0
0.0
0.0
0.002297119859539099
0.0006114161223295014
0.0
0.0
0.0
0.0
0.0
0.002142603080961321
0.0
0.0
0.0
0.0
0.0
0.0
0.0
0.0
0.0
0.0
0.0
0.0
0.0
0.0
0.0
0.0
0.0
0.0004951173280273872
0.0
0.0036619040946038197
0.0006279404437806374
0.0
0.0
0.0
0.0
0.0007251266796666478
0.000928861920752843
0.0
0.0
0.0
0.0006198398294699302
0.0
0.0
0.0
0.0023551811913130097
0.0
0.0
0.000952871518141632
0.0006265802011204951
9.89741843922051e-5
0.0
0.0
0.0
0.00040213140187802317
0.0
0.004258178163000208
0.0
0.0
0.0
0.0
0.0006345868339507078
7.435981334578685e-5
0.0
0.0
0.0
0.0
0.0
0.000951682585009795
0.0
0.0
0.0
0.0
0.0
0.0
0.0
0.0
0.0
0.0
0.0
0.0
0.0
0.0
0.0009623393324930891
0.0
0.0
0.0
0.0003942375266411097
0.0
0.0
-0.00033517799923525376
0.0
0.0
0.0
0.0
0.0007932052215919537
0.0
0.0
0.0
0.0
0.0
0.005270162436924799
0.002827718121980126
0.0
0.0
0.0
0.0
0.0007898575401175771
-0.0005468054186889714
0.0
0.0
0.0
0.0005405298961487534
0.0
0.0
0.0
0.0034611183019010324
0.0
0.0008411267085735416
0.0
0.0
0.0
0.0010085612122732548
0.0
-1.629944006750355e-5
0.0
0.0
0.004993146221355147
0.0
0.0009458433591300507
0.0031506072745085155
0.0
0.0
0.0
0.0
0.0
-0.0004560469918348587
-0.00042824394805722065
0.0
0.0
0.001300824765856702
0.0
0.0002819889212260565
0.0
0.00015492261475278805
0.0
0.0
0.0
0.0
0.0
0.0011850914858005065
0.0
0.0
0.0
0.0010081521065319443
0.0
0.0
0.0
0.0
0.0
-0.00040690939226485553
0.0
0.0
0.0
0.0
0.0
0.0
0.0
0.0
0.0
0.0
0.0
0.0
0.0
0.0
0.0
0.0
0.0
0.0
0.0
0.0
0.0
0.0
0.0008529228117516814
-0.0005119579065566459
0.0
0.0009724073020671643
0.0
0.0
0.0008757832156496446
0.0061709378617333995
-0.0008298332842696937
0.0008525042422514723
0.0
0.0
0.0
0.003541227008788953
0.0
-0.00026844876346765315
0.0
0.0
0.0
0.0
0.00029163719407160425
0.0
0.0
0.0
0.0
0.0008745837182998958
0.0008547821489490289
-0.00025506349827644255
0.0
0.0
0.0
0.0
0.003973883037382251
0.0
0.0
0.0
0.0
0.0
0.0
0.0
0.0
0.0
0.0
0.0
0.0
0.0
0.0
0.0
-0.0012971486284738556
0.0
0.0
0.0
0.0
0.0
0.0
0.0
0.0006086957759555414
0.0
0.0
0.0
0.0010832759298295396
0.0
0.0005569382099552533
0.0
0.0
0.0
0.0
0.0006128146007804758
0.00018989262472986587
0.0
0.0
0.0
0.0
0.0
0.0
0.00039964935093189213
0.0
0.0
0.0
0.0
0.0
0.0
0.0009339804792572165
0.0
0.0
0.0
0.0
0.0
0.0
0.0
-0.0011900266878075534
0.0005041464670349752
0.0
0.0
0.0
0.0
0.0
0.0
0.0008676109338830666
0.0
-0.0006431810935148939
0.0
0.0008567188062410849
0.0
0.0
0.002042088553219398
0.0
7.137494020637747e-5
0.003263964163801154
0.0
0.0
0.0
0.0
0.0
0.0
0.0
0.00040268583635399925
0.0
-0.0002491063641481321
0.0
0.0
0.0
0.0005998079924840499
0.001194355290507688
0.0009271748693433712
0.0
0.0
9.222297301164035e-5
0.0
0.0
0.0024563072416547084
0.0
0.0
0.001566682749355798
0.0
0.0
0.0
0.0010501622179598775
0.0
0.0
0.0
0.0
0.0
0.0
0.0
0.0006816796892573247
-0.0008552091443135928
0.0
0.0
0.0
0.0018262708421270869
0.0
0.0
0.0
0.0
0.0
0.002178333520489582
0.0
0.0
0.0
0.0
0.0
0.0006234697110155985
0.0
0.0
0.0
0.0
0.0
0.0009238658178493912
0.0
0.0
0.0008207482827605354
0.0007787041012184195
0.0005663668433937473
0.0
0.0
0.0
0.0
0.0
0.0
0.0
0.0
0.0
0.0
0.0
0.0008502575303499816
0.0010681960654137874
0.0
0.0009946667218001005
0.0
0.0
0.0
0.00043327726051037
0.0
0.0
0.0
0.0006295682576163839
0.0
0.0
0.0
0.0
0.0010723027726172699
0.0
0.0
0.0
0.0
0.0
0.0
0.0
0.0
0.0
0.0
0.0
0.0
0.004558055132781201
0.0
0.000959106287349349
0.0
-0.0005000824098932565
0.0007531023586137398
0.0
0.0009050835517113458
0.0
-0.0012647342676125415
0.0
0.0
0.0009336394345294977
0.0
0.0
0.0015908476819186585
0.0
0.0
0.0
0.0
0.0
0.0
0.0
0.0
0.0006231104074795351
0.0
0.0
0.0008713332879426877
0.001940531941832528
0.0
0.0
0.000639751611749773
0.00013544712566698747
0.0
0.0
0.0
0.0
0.0
0.0
0.0
0.0003075568621594851
0.0
-0.000415685147420159
0.0005744859909561148
0.0
0.0006242506438020004
0.0005774066501188294
0.0
0.0006278338733790592
0.0
0.0
0.0
0.0
0.0008216261477473054
0.0
0.0
0.0
0.0
0.0
0.0006012808129555314
0.0
0.0
0.000744245705147971
0.0
0.0006339516191887015
0.0
0.0009243082221738842
0.0
-0.00043541305093013343
0.0009507866123349776
0.0
0.0
0.0
0.0
-0.00021063154270689147
0.0
0.0
0.0011273207202877227
0.0
0.0
0.0006388886894769161
0.0
0.0009397446930266061
2.0829894976022166e-5
0.0
0.0
0.0025201290762164132
0.0
0.0
0.0
0.0
0.0
0.0006993311415485568
0.0
0.0
0.0
0.0
0.0011750512792908234
0.0
0.0
0.0008525714513700475
0.0
0.0
0.0
0.0
0.000851959262775104
0.0
0.0
0.0
0.0008562037385214927
0.0
0.0
0.0
0.0
0.0014037944299198854
0.0
0.0
0.0
0.0
0.0
0.0
0.0
0.0
0.0
0.0
0.0009071187468172293
0.0006161885852667661
0.0
0.00080384090401055
0.0
0.0
0.0
0.0
0.0006327473993257656
0.0
0.0
0.0
0.0
0.0
0.0005154062520519155
0.0
0.0
0.0
0.000609308825676178
0.00083880941300983
0.0006301286054011015
0.0
0.0007186174409998643
0.0
0.0010016746932950456
0.0004500749125107823
0.0
-0.0006034706970719806
0.0
0.0035484972693161808
0.0
0.0034931606007318947
0.0
0.0009082495821893781
0.0
0.0
0.0
0.0
0.0
0.0008087337431981212
0.0
0.0
0.0
0.0
0.0
0.0
0.0006179280630505783
0.0
0.0
0.0
0.0
0.0
0.0
0.001043221893000194
0.0
0.0
0.0009422915560093064
0.0
0.0
0.0006360253239638715
0.0
0.0006466521240196698
0.000818613816780418
0.0
0.0
0.0
0.0
0.0
0.0
0.0
0.0
0.0
0.0
0.0
0.0010683833218508834
0.0
0.0
0.0011432118464880026
0.0
0.0
0.0
0.0
0.0
0.00094871882992355
-0.00038672618715102574
0.0
0.0
0.0
0.0
0.0
0.004366391045191829
0.0
0.005331469113262273
0.0
0.0
0.0
-8.917211549413927e-5
0.0
0.0
0.0
0.0
0.0
0.0
0.0
0.0
0.0
0.0
0.0
0.0
9.56198083080843e-5
0.0
0.0
0.0
0.0
-0.0005035823460508948
0.0
0.0
0.0
0.0
0.0
0.0
0.0
0.0
0.0
0.0016875705268732783
0.0009266610150398177
0.0
0.0009027673699148022
0.0
0.0
0.005122632496301297
0.0
0.0
0.0006290237030591544
0.0
0.0
0.000858412270740671
-0.00036871787550275413
0.0
0.0
0.0
0.0034476897299143454
0.0
0.0
0.0
0.0
0.0
0.0
0.0
0.0
0.0
0.0
0.0034212846920643344
0.0005797772557371417
0.0
0.0
0.0
0.0
0.0
0.0
0.0005014792173553895
9.205452294514384e-5
0.0
0.0
0.0009391622006322399
0.0
0.0
0.0006165659104814127
0.0
0.0
-0.000661836424012587
0.0
0.0012695050331727738
0.0
0.0
0.0
-0.00047135746580817854
0.0
0.0009274350162138229
0.0
0.0
0.0
0.0
0.0
0.0
0.0
0.0
0.000785553766465774
0.0021105611069195188
0.0
0.0
0.00030770209569286854
0.0
0.0
0.0
0.0
0.0006239947645155546
0.0
0.0
0.0007222622724502937
0.0
0.0018452912820120261
0.0
0.0
0.002494126704536999
0.0007692983019161622
0.0
0.0
0.0
0.0
0.0
0.0
0.0
0.001192223553792564
4.5491116140862907e-5
0.0
0.0
0.0
0.0007677486636775154
0.0
0.0
0.00015278497473524843
0.0
0.0
0.0
0.0
0.0
0.0
0.0
0.0
0.0
-0.0007397512441059973
0.00040032392660676176
0.0
0.0
0.0010391992274771996
0.0
0.0
0.0
0.0
0.0001772066975225854
0.0
0.0
0.0
0.0
0.0037662520117288188
0.0
0.0
0.0
0.0005697130610988388
0.0
0.0
0.0
0.0
0.0
0.0
0.0
0.0
0.0
0.0
0.0006268780419810457
0.0
0.0
0.0
0.0
0.00231565200896762
0.0
0.0
0.0
0.0002416247916973955
0.0
-0.0006759609588649802
0.0008820883935965924
0.00026504542397147695
0.0
0.0030839515651013305
0.0
0.002368588883596062
0.0
0.0
0.0
0.0
0.0
0.0
0.0005144204944700379
0.0
0.0
0.0
0.0
0.0
0.0
0.0
0.0009512855375063794
0.0
0.0
0.0
0.0
0.0
0.0
0.0
0.0
0.0
0.0
0.0
0.0
0.0
0.0
0.0005137620650768806
0.0
0.0
0.0
0.0
0.0
0.0
0.0
0.0009424849466339988
0.0
0.0
0.0
0.0
0.0
0.0008036818149829477
0.0
0.0
0.0
0.0
8.648203585865478e-5
0.0
0.0
0.0
0.0046113736295027834
0.0
0.0037975481938815293
0.0
0.0
0.0
0.0009211865007904679
0.0
0.0
0.0
0.0
0.0007923581717461598
0.002453665531595717
0.0
0.0
0.0
0.0026672181850790288
0.0
0.0008524784282116006
0.0008633217172920988
0.0
0.0
0.0006163434123197825
0.0
0.0006289003898196517
0.0
0.0
0.0
0.0
0.0
0.0
0.0
0.0
0.0
0.0
0.0
0.0
0.0
0.0006401282847689495
0.0
0.0
0.0
0.0007193673584215165
0.0
0.0
0.0
0.0
0.0
0.0
0.0008310771852535688
0.0
0.0
0.0009119952750883328
0.0012391831868171727
0.0
0.0006332280592983473
-0.0009405225774678939
0.0
0.0006239800542609549
0.0
0.0
0.0010155955515806121
0.0
0.0
0.0
0.0006277299799003087
0.0
0.0
0.0
0.0
0.0
0.00021763367097774874
0.0
0.0
0.0
0.0006162544577444518
0.0
0.0
0.0021539915822712014
0.0
0.0
0.004196500755749913
0.001116916855127882
0.0
0.0
0.0
0.0
0.0006373214369406982
0.0
0.0
0.0
0.0006237427816604394
0.0
0.003803984252041751
0.0
0.0
-0.0004946903030669768
0.0
0.0009624474378548775
0.0
0.0003258870297539648
0.0
0.0
0.0
0.0001454215669057537
0.0
0.0
0.0
0.0
0.0
0.0008725928986180276
0.0
0.002075223207632223
0.0
0.005089014342334689
0.0030974627072142117
0.0
0.0
-0.0006417374774835329
0.0
0.0
0.0
0.0
0.0
0.00072565062176771
0.0
0.0
0.0015585721583995513
0.0
0.0
0.0
0.0
0.0
0.0
0.0
0.0
0.0
0.0
0.0006044583754912637
0.0
0.0
0.0
0.0
0.0
0.0
0.003912007326706013
0.0
0.0
0.0
0.0
0.0008295779210170397
0.0
0.0
0.0
0.0
0.0
0.0
0.003961147876679548
0.0
0.0
8.337382216762833e-5
0.0006090565674091471
0.0
0.0
0.0
0.0
0.0
0.0008607089868842962
0.0
0.0
0.0
0.000808101619247678
0.0
0.0
0.0
0.00010655199895030894
0.0
0.0
0.0
0.0
0.000323949861104569
0.000619021922450387
0.0007626873970048157
0.0008670934496820566
0.0
0.0
0.0
0.0
0.0
0.0
0.0
0.002999730494823806
0.0
0.0
-0.0010667232572360635
0.0
0.0006164513940984141
0.0
0.0008986308567943256
0.0
0.0
0.0
0.0007393103981777178
0.00069060957801277
0.0
0.0008028394638021272
0.0006022333070560119
0.0
0.0
-2.136954556380582e-5
0.0
0.0006221944798790992
0.0
0.0
0.0006289757925801642
0.0
0.0
0.0
0.0
0.0002999701171388857
0.0009656711041729895
0.0
0.0
0.0
0.0
0.002980231492626503
0.0
0.0008751002156356774
0.0047806992215295085
0.0
0.0
0.0
0.0
0.0
0.0
0.0
0.0
0.0
0.0
0.0005952644569530303
0.005329559036384194
0.0
0.0
0.00503584469504591
0.0
0.0
0.0
0.004354344017605726
0.0
0.0
0.0
0.0011278312550356822
-0.0002700821212287562
0.0006181542289107326
0.0004687563370501793
0.0
0.0
0.0
0.0
0.0
0.0
0.0
0.0005895621327268622
0.0
0.0007018780122275602
0.0
0.0
0.0
0.0011436136373707154
0.0
0.0
0.0
0.0034567710072891072
0.0
0.0
0.0
0.0
0.0
0.0013368322465545691
0.0
0.0009049649053527874
0.0
0.0
0.0006285469248720439
0.0
0.0
-0.00038382772988779647
0.0
0.0006180145488263228
0.0005903720230776586
0.0
0.0
0.0
0.0
0.0
0.0
0.0
0.0
0.0
0.0
0.0
0.0
0.0027414068522318437
0.0
0.0
0.0
0.0
0.0
0.0
0.0
0.0
0.0
0.00039251927497969215
0.0
0.00047851716105741597
-0.0005670326155526593
0.0053418180024367
0.0
0.0
0.0
0.0006303335918905031
0.0
0.0
0.0
0.003053204047884229
0.0
0.0
0.0
0.0008956768509933036
0.0
0.0
-0.00026532480224667463
0.000627813122490246
0.0
0.0
0.0
0.0
0.0023920420247171507
0.0
0.0
0.0
0.005955359001141972
0.0
0.0
0.0014065420980435164
0.0
0.0
0.0
0.0007291553217612883
0.0
0.0
0.0007803210978975313
0.0
0.0
0.0
0.000857365436988624
0.00011474904065345248
0.0
0.0
0.0
0.0
0.0
0.0
0.0
0.0
-0.00014118259757774917
0.0
0.0
0.0008050332854168602
0.0
0.0008870049183403118
0.0
0.0
0.0
0.0
0.0
0.0
0.0010174112605683043
0.0006274043207110083
0.0
0.0
0.0
0.0
0.0
0.0
0.0
0.0
0.0
0.0
0.0009825520407923736
0.0
0.0
0.0
0.0010927297100690003
0.000754498366297149
0.006369833559626973
0.0006191323001756169
8.875714743702846e-5
0.0
0.0008744958229231019
0.0
0.0
0.0
0.0
0.0
0.0
0.0009298588349054025
0.00110700878793131
0.0
0.0
0.0
0.0
0.003997467784530743
0.0
0.003053003402328118
0.0
0.0
0.000737387890824945
0.0
0.0009211069534373711
0.0006172117119594147
0.0
0.0
0.0
0.0
0.0
0.001052743967435911
0.0
0.0
0.0
0.0009591457159312448
0.0
0.0010159316227031352
0.0
0.0
0.0
0.0006201761187212082
0.004484552244134773
0.0
0.0009028813251235982
0.0005914864302282067
0.0008244458809698149
0.0
0.0
0.0
0.0
0.0
0.0
0.0
0.0
0.0
0.0
0.0
0.0006158793638566572
0.00026567103451461224
0.0
0.0
0.0009801202153564266
0.004591163941292841
0.0
0.0
0.003234996217679109
0.0
0.005145217127310456
0.0006179769008384329
0.0
0.0
0.005648862826487616
0.004922869988032801
0.0
0.0
0.0
0.0
0.0
0.0008855363023125173
0.0
0.0
0.0
0.0
-0.001230174397305525
0.0006153792223265172
0.0006284863472059116
3.8595801185432375e-5
0.0
0.0
0.0
-0.0005941250090441965
0.0046223605734109175
0.0
0.0
0.0
0.0
0.0
0.0
0.0033874620899668906
0.0
0.0
-0.0015992799267134981
0.0
0.0
0.0
0.0
0.0
0.0
0.0
0.0
0.0
0.0
0.0
0.0024020640528856297
0.002584567036291807
0.0
0.0
0.0
0.0
0.0
0.0
0.0
0.0
0.0
0.0
0.0
-0.00024319560230224162
0.0
0.0
0.00018001064066769886
0.0
0.0008400368396442299
0.0
0.0
0.0
0.0
0.0
0.0
0.0
0.0008441147601811745
0.0006358275339082231
0.0
0.0
0.0012034968541078232
0.0
0.0
0.0
3.1342100593319345e-5
0.0
0.0
0.0008739160723950032
0.0
0.0006337771856547187
0.0008479691223556971
0.0006056016814794387
0.0
0.004400199545042124
0.0
0.0
0.0010755086558620387
0.0
0.0
0.0
0.0
0.0
0.0010538651794812545
0.0
0.0
0.0
0.0
0.0
0.0
0.0
-0.0005378121456599252
0.0
0.0
0.0
0.0
0.0
0.0
0.0
0.0
0.0
0.0
-0.0005710575054663541
0.0
0.0004491861833778583
5.7860309725559515e-5
0.0008454619037943115
0.0
0.0006491408347263554
0.0007492851241505824
0.0
0.0
0.0
0.0
0.0
0.0
0.0
0.0
0.0
0.0006160085107998725
0.0008545608339639858
0.0
0.0
0.0
0.0
0.0006225429360597658
0.0
0.0
0.0006161826030319915
0.0
0.0006536468626031001
-0.0006835498149776771
0.002752706312861984
0.0007924896968897692
0.0
0.0
0.0
0.0
0.0
0.0023327475844327093
0.0
0.0
0.0
-0.0002559302284158465
0.0
0.0006888962652249868
0.0
0.0011402239897721218
0.0
0.0
0.0
0.0
0.0
0.0012295573159221197
0.0022236779730252757
0.0010806169043418878
0.0
0.0038983483219596814
0.0
0.0
0.0
0.0
0.0009992937058112882
0.0
0.0
0.0
0.0
0.0
0.0
0.0
0.0
0.0
0.0
0.0
0.0
0.0
0.0
0.0
0.0
0.0009102102179783291
0.0
0.0008028544832998488
0.0
0.0
0.0
0.0
0.0008447139984754204
0.0
0.0
0.0
0.0
0.0006862563479638864
0.0
0.0
0.0
0.00030573684849123634
0.0
0.0
0.0
0.0
0.0
0.00010641048431727955
0.0006207967698174195
0.0
0.0008936893711594616
0.0
0.001126605139765127
0.0
0.0
0.0
0.0
0.0
0.0
0.0010331671983613937
0.0
0.0
0.0
0.0
0.0008179642943818303
0.0
0.0004923313403506508
0.00016188823619418832
0.0
0.0
0.0
0.0
0.0
0.0
0.0
0.0
0.0
0.0
0.0
0.0
0.0
0.0
0.0
0.0
0.0
0.0
0.0
0.0
0.0
0.0
0.0
0.0
0.0
0.002614975379240513
0.0
0.0007455797324486216
0.000889438056457126
0.0
0.0009741440497522647
0.000991492671839142
0.004986783764827277
0.0007936199767047405
5.7552243147952856e-5
0.0
0.0
0.0
0.0
-0.0020538415162069243
0.004959615252716161
0.0
0.0
0.0
0.0
0.0
0.0
0.0
0.0
0.0010561407477627945
0.0
0.0
0.0
0.0
0.0
0.0
0.0
-0.00014437680075268138
-0.000668311081545654
0.0
0.0
0.0020881672240117134
0.0
0.0006127717851613551
0.0
0.0
0.0
0.0
0.0002531780069695696
0.0
0.0
0.0
0.0034530537177970846
0.0
0.0
0.0
-0.000800030590744774
0.0
0.0
0.0008438765300613345
0.0
0.0
0.0
0.0
0.0006277166237302279
0.0
0.0
0.0006404376026619669
-0.0004282249914054524
0.004732544708253868
0.0
0.0
0.002701794907090879
0.0008633794297534186
0.0008943863425699014
0.0
-0.0007428959224106258
0.0
0.0
0.0
0.0
0.0
0.0
0.0
0.0
0.0
0.00038888702509398893
0.0006205066139169914
0.0
0.0007249891917054204
0.0
0.0
0.0010007285885251969
6.404163857196571e-5
0.0
0.0006269632279476788
0.0
0.00087592517549337
0.0
0.0
0.0
0.0006251971566424556
0.0
0.0
0.0
0.0
0.0
0.0
0.0
0.003949460294303029
0.0
0.0
0.0
0.0
0.0
0.0
-0.0002583927001221577
0.0
0.0
0.005424598558459318
0.0
0.0
0.0
0.0010152153584131283
0.0
0.0008316662308344378
0.0
0.0
0.0
0.0
0.0
0.0
0.0
0.0
0.0
0.0
0.0
0.00024842682001921214
0.0
0.0
0.0030351819705567587
0.0
0.0
0.0
0.0
0.0
0.0
0.0
0.00436582034725632
0.0
0.0
0.0002579828300859239
0.0
0.0
0.0016887721882036459
0.0
0.0
0.0
0.0
0.00011312923990079272
0.0006805324791196377
0.0
0.0
0.0
0.0
0.0
0.0006195070500673236
0.0
0.0007368647970320955
0.0007326620932156618
0.0
0.0
0.0
0.0
0.00033595827932267043
0.00019444461865603783
0.0
0.0
0.0026823792296986827
0.0
0.0
-0.00017737746817734145
0.001745251367159628
0.0
0.0
0.0
0.0
0.004678378875307492
0.0008055473504366391
0.0
0.0
0.0
0.0
0.0
0.0
0.0
0.00021515688888858338
0.0
0.0
0.0
0.0
0.0024749747469682065
0.0
0.0
0.0007395424761429449
0.0031555367072759423
0.0
0.0
0.0010360061902293214
-0.0009364704182483992
0.0022096900157073524
0.0004843346868019803
0.0
0.0
0.0
0.0
0.0
0.0010460079022641955
0.0010201911423383817
0.0
0.0
0.0010029539946309997
0.0
0.0
0.0
0.0010164394041362046
0.0
0.0
0.0
0.0
0.0008371604795480505
0.0
0.0
0.0
0.0
0.0
0.0
0.0
0.004027904888497471
0.0
-1.797675038666322e-6
0.0
0.0
0.0
0.0
0.0014283937466819997
0.0007228601774904261
0.0
0.0
0.0
0.0
0.0023504496811500054
0.0
0.0009876598159727179
0.0
0.0010079549358234107
0.0
0.0
0.0
0.0
0.0
0.0
0.001061448437716408
0.0
0.0
0.0009241771827181981
0.0008053945917681911
0.0
0.0
0.0
0.0
0.0
0.002646822983609761
0.0
0.0
0.0
0.0
0.0
0.0008150667731839188
0.0
0.00012607987216720686
0.0
0.0029680755554464004
0.0
0.0
0.0005339431970190101
0.0
0.0
0.0008043208826045214
0.0
0.0008045060483682207
0.00018488576724664925
0.0016401581098074022
0.0
0.0
0.0
0.0008695475966030642
0.0009091023777329876
0.0
0.000951443042186581
0.0
0.0
0.0
0.0
0.0
-0.00041358226642925215
0.0
0.0
0.0006163892009004449
0.00042071630925309244
0.0007000345085735765
0.0
-0.0003425843717047116
0.0
0.0
0.0
0.0
0.0
0.0
0.0
0.0
0.0
0.0
0.0
0.0
0.0008830561516932795
0.0044171033041097065
0.0
0.0
0.0
0.0
0.0007229820443414323
0.0
0.0008683245642194104
0.0
0.0
0.0
0.0008090513484686658
0.0
0.0
0.0
0.0
0.00040243617245547025
0.0009122502276691198
0.0
0.0
0.0
0.0
0.0
0.0
0.0
0.0009267534628885797
0.0
0.0
0.0
-0.0009526565205161133
0.0
0.0
0.0
0.0007118216473450908
0.0
0.0
0.0
0.0009458425103666634
0.0
0.0020686080414182738
0.0
0.0009457774417384647
0.0
0.0009033894201610699
0.0
0.0
0.0
0.006409616428196555
0.0
0.0
0.0
0.0023047089800277117
0.0
0.0
0.0
0.0
0.0
0.0009246123577511595
0.0
-0.0003085411387387939
0.0
0.0
0.0
0.0
0.0
0.0
0.005013586974802223
-0.00037806807678708213
0.0
0.004596452212317247
0.0
0.0
0.0014621716418266675
0.0
0.0
0.0012603598281325343
0.0
0.0
0.0
0.0
0.0
0.0
0.0
0.0007015035066015755
0.0006230988468588567
0.0
0.0
0.0010629950972671663
0.0005995271275522942
0.0
0.0008031066105963906
0.0
0.0006210576947983936
0.0
-0.00019793146091511831
0.0
0.0
0.005070398765696964
0.0
0.0
0.0
0.0
0.0
0.0
0.0
0.0005927276297200239
0.0
0.0009278216943563325
0.0047069286389069785
0.0
0.0
0.0
0.0
0.0
0.0
0.0
0.000789749812522616
0.0
0.0020057697945698966
0.0
0.0
0.0018261608561543194
0.001092446512507079
0.0
0.0
-0.000585510353436522
0.0009479725944257078
0.0
0.0
0.0
0.0
0.0
0.0
0.0
0.0
0.0024474978047311752
0.001096664833658042
0.0
-0.000439845643088833
0.0
0.0
0.0009900195323575927
0.0
0.0009292002533832954
0.0
0.0
0.0
0.002264654575575736
0.0
0.0
0.0
0.0
0.0004991283081893213
0.0
0.0
0.0
0.0
0.0
0.0
0.0
0.0
-0.000596293547540058
0.0
0.0
0.0
0.0
0.0
0.0
0.0
0.0
0.0
0.0006022701946149645
0.0
0.0
0.0
0.0
0.0
0.00021288142377681678
0.0
0.0
0.0
0.0009751297538210257
0.0
0.0008501425658406087
0.0
0.0
0.0
0.0019417339967246709
0.0008446832315577837
0.003275031703635674
0.0
0.0
0.0
0.0
0.0009277338200929886
0.0
0.0
0.0
0.001046777303823974
0.0031185822932839322
0.0
0.0
0.0
0.0022290304746993353
0.0
0.0
0.0
0.0
0.0
0.0
0.0005817382341061887
0.00048590620057932315
0.0
0.0
0.00048176515774762436
0.0
-0.0002201152168574283
0.0
0.0
0.0
0.0
0.002086596683637527
0.00033490376113529574
0.0016352896534850276
0.0
0.0
0.0
0.0006068432732873789
0.0
-5.064036481471965e-5
0.0
0.0044623146008937725
0.0
0.0
0.0
0.0
0.0
0.0
0.003272098549556666
0.003221657827241623
0.0
0.0
0.0
0.0
0.0
0.0
0.0
0.0008775591161025842
0.0
0.0
0.0
0.0
0.0
0.0
0.0
0.001897515661111598
0.0
0.0
0.0
0.0
0.005334915266250568
0.0
0.0005294787483509851
-8.856383166906996e-5
0.0
0.0
0.0
0.0
0.000484970027688724
0.0
0.00021784242818138793
0.0009556371360956243
0.0
0.0
0.0
0.0
0.0
-0.00024199098634867657
0.0
0.0
0.0
0.0006758490840741984
0.0
0.0
0.0
0.0
0.0004912857721762849
0.0
0.0
0.0
-0.00014434917704875597
0.0008533674476334689
0.0
0.004544756682879172
0.0
0.0
0.0
0.000890412375832415
0.0
0.0
0.0
0.004268543254793499
0.0021500808695755855
0.0009142029173850676
0.0005977665563453391
0.0
0.003715916140197169
0.0
0.0
0.0
0.0
0.0
0.0
0.0
0.0
0.0
0.0
0.001164114811675049
0.0
0.0
0.000773943095787099
0.0
0.0
0.0
0.0
0.0
0.0
0.0
0.0
0.0
0.0008301819608278247
0.0
0.000557746724715079
0.0
0.0053446368871987535
0.0
0.0
0.0
0.001091693854475639
0.0
0.0009386580035439841
0.0015684937578823378
0.0
0.0
0.0
0.0
0.0014498756232769073
0.0007225314470112577
0.0
0.0
0.0007987507720579002
0.0
0.0
0.0
0.0010350326811786228
0.0
0.000472800502500685
0.003323161424527877
0.0
0.0008559105238765448
0.000309919030609842
0.0
0.00028280609593887287
0.0
0.0
0.0006271000021539335
0.0
0.0
0.0
0.0
0.0
0.0006157444592486201
0.0
0.0
0.0
0.0
0.0
0.0
0.0
0.0
0.0
0.0006271006185036556
0.0
0.0006217670071859257
0.0
0.0028251438430768887
0.0
0.0
0.00024733184557592183
0.0
0.0
0.0009083371354680591
0.0
0.0
0.0
0.0
0.0
0.0
0.0
0.0
0.0
0.0
0.0
0.0
0.0
0.0002277745332857796
0.0
0.0
0.000305583800829432
0.0
0.000615771857908638
0.002656948935359855
0.0
0.0
0.0
0.0003825222715514346
0.0
0.0
0.0
-0.0004293866925725402
0.0006319477693195271
0.003971167282592206
0.0
0.0013723374572508734
-0.00018189998659829515
0.0
0.0007806147185062437
0.0
-0.0007165945249596136
0.0008470482524858015
0.0
0.0
0.0
0.0006114777314250649
0.0
0.0
0.0047602061350625535
-0.00040555252593464316
0.0
0.0
0.0
0.0003040207446372753
0.0
0.0
0.0
0.0
-0.0007554382664277949
0.0
0.0
0.0
4.0584587924159636e-5
0.0001895290896606837
0.0009548126764087917
0.0
0.0
-5.767375938026197e-5
0.0
0.0
0.0
0.0
0.0
0.0
0.0
0.0008702122892002223
0.0
0.0
0.00022631538712317108
0.0
0.0
0.0
0.0
0.0037586406293442097
0.0
0.0009729667264067536
0.0
0.0
0.0
-6.162142736626492e-5
0.0
0.0
0.0006747679781363058
0.0
0.0005983334793271375
0.0
0.0010044900586393265
0.0
0.0
0.0
0.0
0.0008642717201446446
0.0
0.0
0.0
0.0
0.0021485259830206936
0.001119760177872458
0.0004279134979286064
0.0008758832921964859
0.0
0.0
0.0
0.0
0.0
0.0
0.0009409209327598672
0.0
0.0
0.0
0.003999388775823123
0.0
0.0
0.0
0.0
0.0
0.0
0.0
0.0
0.001296133929385501
0.0
0.0
0.0
0.0
0.000623193872963573
0.0
0.0
0.0
0.0
0.0
0.0006204279075280524
6.021177850861533e-5
0.0
0.0
0.0
0.0015782436238971629
0.0020588020066766057
0.0
0.0014547364352298514
0.0
0.0009645553790403949
0.0008695236288188921
0.0004921540458335714
0.0
0.0002690912128579205
0.0
0.0006152699208732765
0.0
0.0
0.0017858613598070693
0.001057368224717109
0.004995523988136128
0.0
0.0
0.0
0.0
0.0
0.0
0.0
0.002450714066180348
0.0
0.0
0.0
0.0
0.00030238056759750344
0.0
0.0
0.00528744260609583
0.0
0.0
-0.00027468401991789494
0.0
0.0
0.0
0.0026775190992995817
0.0
0.0006093927753858957
0.0
0.0011437177610524685
0.000831565287424095
0.0
0.0028952343524253554
0.0
0.0007798972442918288
0.0
0.0
0.0
0.0
0.0
0.0
0.0
0.0
0.0
0.0
0.0
0.0
0.0
0.0
0.0
0.0
0.00356763091800204
0.0
0.0007079843104076062
0.0
0.0
0.0
0.0
0.0
0.0
0.0
0.0
0.0
0.0
0.0
0.0008111181739931606
0.0
0.0
-0.0008479426374460906
0.0
0.0039737847275932
0.0
0.0
0.0
0.00025285216447923587
0.0
0.0
0.005863788696396099
0.0
0.0
0.0
0.0
0.0
0.0009331188722716809
0.0
0.0
0.0
0.0
0.0
-1.429720494428124e-5
0.0
0.0
0.0
0.0
0.0033313308660571543
0.0
0.0
8.147993629424462e-5
0.0
0.0007051251363919155
0.0
0.0
0.0
0.005895254770190154
0.0
0.0
0.0
0.0
0.0
0.0009225418417994934
0.0
0.003359059086912836
0.0
0.0
0.0
0.0
0.0
0.0
0.0
0.0
0.0
0.0
0.0
0.0
0.003029179043376623
0.0
0.0
0.0
0.0
-0.0006691655994691666
8.660124063998634e-5
0.000601277846409551
0.0
0.0
0.0012268834102340995
0.0007664444279213896
0.0
0.0
0.0
0.0
0.0
0.002105886327093724
-5.612404038569483e-5
0.0
0.0
0.0
0.0
0.0
0.0005865618091452949
0.0
0.0
0.0
0.0
0.0
0.0
0.0
0.0
0.0
0.0
0.0014972436981372048
0.0
0.0
0.0
-0.0003831137682231135
0.0
2.8470599730142108e-5
-0.0003122050898897887
0.0
0.0
0.0
-0.00032215343020998915
0.0
0.0
0.0
0.0
0.000850666466247141
0.0
0.0
0.0
0.0005614952964034899
0.0
0.00164298852635703
0.0
0.0028991187765363964
0.0
-0.001116743598417569
0.0
0.0
0.0
0.0
0.0
7.50848771239436e-5
0.0
0.0014461156023332714
-0.0009263289958186953
0.0
0.0
0.0
0.0
0.0
0.0
0.0
0.0
0.0003107128559137371
0.0
-0.00026036279580307875
0.0
0.0
0.0013495857524848556
0.0
0.0
0.0
0.0008019865905571106
0.0
0.0
-0.0005195233819205307
0.0
0.0008348446258813582
0.0
0.0
-5.700628228848749e-5
0.0005195160117471259
0.0
0.002872550834525894
0.0
0.0
0.0
0.0
0.0
0.0005982667029189543
0.0
0.0
0.0030708968184882746
0.0
0.0
0.0
0.0
0.0
-0.001475903133846492
0.0010466543207205074
0.0
0.0
0.0
0.0010009397806641097
0.0008202717638212926
0.0
0.0
0.0
0.0
0.0
0.0
0.0
0.003024753591541979
0.0004994282005711198
0.0
0.0
0.004729116026444578
0.0008539568623109415
0.0009196113750290525
0.0
0.0
0.0
0.0006879113123570335
0.0
0.0008771070779416267
0.00019394104204521152
0.0006340691009922395
4.168217904102863e-5
0.0006321278080650328
0.002621006662657172
0.0
0.0
0.0
-0.00023457813276900585
0.0
0.0
0.0
0.0006083445408362429
0.0007611447451882976
0.0011830500305471683
0.0
0.0
8.164134907747943e-5
0.0
0.0
0.003907476796035227
0.0004760945328201179
0.0
0.0
0.0
-0.0029883453127893334
0.0
0.0024819313121179154
0.0
-0.00015022911446316344
0.0
0.0
0.0
0.0
9.503305563399029e-5
0.0
0.0
0.0
0.005059012826386884
0.0
0.0
0.0
0.0
0.0
0.0
0.006135218388865467
0.0
0.0
0.0
0.0
0.0006001577715367643
0.0
0.0
0.0024776739907530604
0.0
0.0
0.0
0.004940945585665781
0.0
0.0
0.0
0.0
0.0
